original	renamed
10:13686135:T:G	1
10:13686711:C:G	2
10:13688166:G:A	3
10:13689081:G:A	4
10:13689376:G:A	5
10:13691992:C:A	6
10:13692681:G:C	7
10:13697313:T:C	8
10:13697708:G:A	9
10:13699698:A:G	10
10:13701671:C:T	11
10:13703090:G:A	12
10:13704783:C:T	13
10:13705966:T:A	14
10:13706123:T:A	15
10:13706697:T:C	16
10:13707230:C:T	17
10:13708077:G:A	18
10:13709370:G:A	19
10:13709802:T:C	20
10:13711218:C:G	21
10:13714222:A:G	22
10:13714675:G:A	23
10:13714718:A:C	24
10:13715750:T:C	25
10:13718192:T:G	26
10:13718229:C:T	27
10:13718623:C:T	28
10:13720218:G:A	29
10:13721617:A:G	30
10:13722626:C:T	31
10:13722712:C:T	32
10:13722856:G:A	33
10:13724331:C:T	34
10:13724409:A:G	35
10:13725521:C:T	36
10:13730694:T:C	37
10:13732413:C:T	38
10:13734138:A:G	39
10:13734771:T:C	40
10:13734912:G:A	41
10:13736378:T:C	42
10:13738024:T:C	43
10:13740466:G:A	44
10:13741884:G:A	45
10:13742030:A:G	46
10:13744875:A:G	47
10:13745004:C:T	48
10:13745159:G:C	49
10:13746323:C:A	50
10:13746414:C:G	51
10:13748279:C:G	52
10:13758287:T:C	53
10:13759976:C:T	54
10:13764317:G:A	55
10:13764493:G:A	56
10:13770065:T:C	57
10:13770346:T:C	58
10:13771434:G:A	59
10:13773333:G:T	60
10:13773457:T:G	61
10:13776178:A:G	62
10:13776314:A:G	63
10:13776380:G:A	64
10:13778421:G:A	65
10:13779157:C:T	66
10:13779342:A:G	67
10:13779662:A:T	68
10:13780008:A:G	69
10:13780175:C:T	70
10:13780553:C:T	71
10:13780762:A:G	72
10:13781147:G:A	73
10:13781165:T:G	74
10:13781195:A:C	75
10:13781759:T:G	76
10:13782109:G:A	77
10:13782124:A:G	78
10:13783685:T:G	79
10:13783831:G:T	80
10:13787691:G:A	81
10:13788295:C:T	82
10:13788807:C:T	83
10:13790210:G:T	84
10:13792219:G:A	85
10:13792753:G:A	86
10:13792992:T:C	87
10:13793276:A:G	88
10:13794733:C:T	89
10:13796225:T:C	90
10:13797170:T:C	91
10:13798911:C:T	92
10:13799775:C:T	93
10:13799980:G:A	94
10:13802259:C:T	95
10:13804983:C:T	96
10:13810103:C:T	97
10:13810427:G:A	98
10:13813532:C:A	99
10:13813797:C:T	100
10:13813929:C:A	101
10:13817396:A:G	102
10:13817764:T:C	103
10:13818312:G:T	104
10:13818718:A:T	105
10:13819056:G:T	106
10:13823095:G:A	107
10:13823783:A:G	108
10:13824797:G:A	109
10:13826339:T:C	110
10:13827584:T:G	111
10:13827747:G:A	112
10:13828788:C:T	113
10:13829009:T:A	114
10:13829287:G:A	115
10:13831194:T:C	116
10:13832378:C:T	117
10:13832444:G:T	118
10:13832803:T:A	119
10:13832936:G:A	120
10:13833359:C:T	121
10:13835848:G:C	122
10:13836687:T:C	123
10:13836843:C:T	124
10:13838604:A:G	125
10:13839035:C:T	126
10:13839845:G:A	127
10:13840468:A:G	128
10:13840679:C:T	129
10:13840695:T:C	130
10:13840712:G:A	131
10:13840941:T:C	132
10:13841049:G:C	133
10:13841631:T:C	134
10:13846956:A:T	135
10:13847180:G:A	136
10:13847733:G:A	137
10:13848464:C:A	138
10:13850204:G:A	139
10:13850836:T:C	140
10:13851768:A:G	141
10:13851963:C:T	142
10:13858638:T:C	143
10:13859505:C:T	144
10:13859564:T:C	145
10:13861209:C:T	146
10:13861739:G:A	147
10:13862184:T:C	148
10:13862309:G:A	149
10:13863470:G:C	150
10:13864576:G:C	151
10:13865316:C:A	152
10:13865592:G:T	153
10:13865954:C:T	154
10:13866784:A:G	155
10:13869098:G:A	156
10:13869791:G:A	157
10:13871312:G:C	158
10:13872135:C:G	159
10:13872529:A:G	160
10:13872844:C:G	161
10:13874092:G:T	162
10:13875229:T:C	163
10:13875636:A:C	164
10:13876629:C:T	165
10:13877152:G:A	166
10:13877641:T:C	167
10:13879067:T:C	168
10:13880700:C:T	169
10:13885230:G:A	170
10:13885514:T:C	171
10:13886241:A:C	172
10:13887369:T:C	173
10:13888108:C:T	174
10:13890707:A:G	175
10:13890928:T:C	176
10:13891605:C:T	177
10:13892768:T:C	178
10:13893085:G:A	179
10:13894388:C:T	180
10:13895800:C:T	181
10:13898532:G:A	182
10:13899200:T:A	183
10:13901152:C:T	184
10:13902001:G:A	185
10:13904451:T:C	186
10:13906748:T:G	187
10:13907173:C:T	188
10:13908465:C:T	189
10:13912106:T:C	190
10:13912403:C:T	191
10:13913204:G:A	192
10:13914117:T:C	193
10:13915747:A:C	194
10:13916703:T:C	195
10:13918005:A:T	196
10:13925424:G:A	197
10:13925477:G:A	198
10:13926016:T:C	199
10:13926561:A:G	200
10:13931134:G:A	201
10:13932845:C:T	202
10:13935515:C:T	203
10:13937381:C:T	204
10:13937679:C:A	205
10:13938522:T:G	206
10:13942300:C:T	207
10:13943824:C:T	208
10:13945433:T:C	209
10:13946123:T:C	210
10:13953801:A:G	211
10:13954358:A:C	212
10:13954668:A:G	213
10:13954723:G:T	214
10:13956726:C:T	215
10:13957868:C:T	216
10:13957990:G:C	217
10:13960375:C:T	218
10:13960568:G:A	219
10:13961288:G:A	220
10:13961500:T:C	221
10:13961529:T:C	222
10:13961549:A:T	223
10:13961927:G:T	224
10:13961960:C:T	225
10:13962880:T:C	226
10:13962930:G:A	227
10:13965414:T:G	228
10:13966083:T:G	229
10:13967003:G:T	230
10:13967828:C:A	231
10:13968105:A:G	232
10:13969562:A:T	233
10:13971139:C:T	234
10:13973247:T:G	235
10:13973579:C:T	236
10:13973877:A:G	237
10:13974274:G:A	238
10:13975408:T:C	239
10:13975514:C:A	240
10:13975692:A:G	241
10:13979615:G:A	242
10:13980030:C:T	243
10:13980273:G:T	244
10:13980641:A:G	245
10:13980774:T:C	246
10:13982183:G:A	247
10:13984362:C:G	248
10:13985777:A:G	249
10:13988319:C:G	250
10:13988898:C:T	251
10:13989949:G:A	252
10:13990289:C:T	253
10:13990567:G:A	254
10:13991222:C:T	255
10:13993275:G:C	256
10:13993284:G:A	257
10:13995720:A:G	258
10:14000281:G:A	259
10:14001826:C:T	260
10:14004712:G:A	261
10:14005242:C:T	262
10:14005396:C:T	263
10:14005688:C:G	264
10:14005988:C:A	265
10:14006211:G:A	266
10:14006282:T:G	267
10:14006391:G:A	268
10:14006492:G:C	269
10:14006602:A:G	270
10:14006931:G:A	271
10:14007025:T:C	272
10:14007123:T:C	273
10:14007305:C:T	274
10:14007905:T:C	275
10:14008089:G:A	276
10:14008445:G:A	277
10:14011975:C:T	278
10:14014039:A:G	279
10:14015335:T:G	280
10:14016087:G:C	281
10:14017017:G:C	282
10:14017045:G:A	283
10:14018232:A:G	284
10:14019456:A:G	285
10:14019872:T:A	286
10:14025889:G:C	287
10:14028548:A:C	288
10:14029546:A:G	289
10:14030264:C:G	290
10:14030667:T:C	291
10:14034728:C:T	292
10:14035266:G:A	293
10:14035851:T:A	294
10:14035853:A:T	295
10:14036073:G:T	296
10:14038779:A:G	297
10:14040104:A:G	298
10:14041320:G:A	299
10:14041598:T:C	300
10:14041664:G:A	301
10:14043025:C:A	302
10:14045077:G:A	303
10:14047458:C:A	304
10:14047515:T:C	305
10:14047617:C:T	306
10:14048809:T:A	307
10:14051148:C:A	308
10:14051423:A:G	309
10:14051743:C:T	310
10:14052460:C:T	311
10:14053046:T:C	312
10:14053735:C:G	313
10:14055344:G:A	314
10:14056446:G:A	315
10:14057397:G:A	316
10:14058665:C:A	317
10:14061696:G:A	318
10:14062191:G:A	319
10:14065002:C:A	320
10:14065232:G:A	321
10:14066791:G:A	322
10:14067164:C:T	323
10:14067435:T:C	324
10:14069127:T:C	325
10:14071419:G:A	326
10:14073728:T:G	327
10:14074932:C:T	328
10:14076707:C:T	329
10:14079084:T:C	330
10:14079512:C:T	331
10:14079936:C:G	332
10:14082445:A:G	333
10:14086146:G:A	334
10:14087224:A:G	335
10:14088714:G:A	336
10:14089451:T:C	337
10:14089679:C:T	338
10:14089914:C:T	339
10:14091112:T:C	340
10:14092831:G:A	341
10:14096521:C:T	342
10:14096606:C:T	343
10:14097423:T:C	344
10:14099934:G:A	345
10:14100068:A:T	346
10:14100301:A:G	347
10:14100960:A:G	348
10:14106253:T:C	349
10:14108643:G:C	350
10:14108711:G:A	351
10:14111571:A:G	352
10:14112063:A:T	353
10:14113282:T:C	354
10:14116116:T:A	355
10:14130368:C:A	356
10:14131378:C:G	357
10:14133971:T:C	358
10:14135120:G:A	359
10:14135428:G:C	360
10:14135809:C:T	361
10:14136185:G:A	362
10:14136230:G:A	363
10:14136878:G:A	364
10:14136905:T:C	365
10:14137260:T:C	366
10:14137502:T:G	367
10:14137678:A:G	368
10:14137840:C:A	369
10:14137930:C:T	370
10:14138230:A:G	371
10:14140504:G:A	372
10:14143244:C:T	373
10:14146708:G:A	374
10:14150969:C:G	375
10:14151277:A:C	376
10:14153300:C:T	377
10:14153831:T:C	378
10:14156205:C:T	379
10:14159789:A:G	380
10:14159804:T:G	381
10:14161557:A:G	382
10:14163016:C:A	383
10:14163543:A:G	384
10:14164337:G:A	385
10:14165411:G:C	386
10:14166003:C:A	387
10:14166396:C:T	388
10:14168144:T:C	389
10:14168254:C:T	390
10:14168276:T:C	391
10:14168804:G:A	392
10:14173363:G:A	393
10:14174164:G:A	394
10:14175426:A:G	395
10:14176622:A:G	396
10:14178920:C:T	397
10:14180081:T:C	398
10:14180203:C:T	399
10:14182925:A:G	400
10:14183196:C:G	401
10:14184643:T:A	402
10:14186038:T:C	403
10:14186132:G:A	404
10:14186840:G:T	405
10:14193432:G:A	406
10:14196422:T:G	407
10:14196460:G:C	408
10:14197158:G:T	409
10:14198380:T:C	410
10:14199969:G:A	411
10:14201973:T:C	412
10:14207141:A:C	413
10:14207779:G:A	414
10:14207915:T:G	415
10:14208510:A:G	416
10:14208521:A:G	417
10:14208588:T:C	418
10:14208714:G:A	419
10:14209496:A:G	420
10:14211304:C:T	421
10:14213501:T:G	422
10:14215690:A:G	423
10:14215842:C:T	424
10:14215946:C:T	425
10:14220215:C:T	426
10:14220576:G:A	427
10:14221686:T:C	428
10:14222668:A:G	429
10:14226873:G:A	430
10:14227601:G:A	431
10:14227778:C:A	432
10:14228400:G:A	433
10:14232001:T:C	434
10:14232324:G:A	435
10:14236596:C:T	436
10:14237629:G:A	437
10:14243345:A:G	438
10:14243553:C:G	439
10:14244066:G:T	440
10:14244890:G:A	441
10:14246239:G:C	442
10:14247332:T:C	443
10:14247835:T:G	444
10:14247901:T:C	445
10:14248183:G:A	446
10:14248345:A:G	447
10:14248444:A:C	448
10:14251405:G:A	449
10:14256698:A:T	450
10:14259023:C:T	451
10:14259447:G:A	452
10:14260238:T:C	453
10:14261024:A:T	454
10:14262110:G:C	455
10:14266083:A:G	456
10:14266893:G:T	457
10:14268106:T:C	458
10:14268638:G:C	459
10:14272679:C:T	460
10:14273336:C:A	461
10:14274751:C:T	462
10:14277105:T:C	463
10:14281766:G:C	464
10:14284276:C:T	465
10:14284445:T:G	466
10:14284664:T:C	467
10:14290295:A:C	468
10:14292051:C:T	469
10:14292734:C:T	470
10:14293069:A:G	471
10:14295848:T:G	472
10:14297542:G:T	473
10:14298422:C:T	474
10:14299065:C:A	475
10:14310700:C:T	476
10:14311326:C:T	477
10:14311615:T:C	478
10:14315826:T:C	479
10:14315974:A:G	480
10:14318813:A:G	481
10:14319425:A:G	482
10:14319907:T:C	483
10:14320643:G:A	484
10:14320691:T:C	485
10:14320990:T:G	486
10:14321390:G:A	487
10:14326275:A:C	488
10:14326932:C:G	489
10:14327714:G:A	490
10:14328895:G:A	491
10:14329004:G:A	492
10:14329226:C:T	493
10:14336259:A:T	494
10:14336554:G:A	495
10:14337620:G:A	496
10:14338078:G:A	497
10:14338126:G:A	498
10:14339049:C:A	499
10:14342075:T:C	500
10:14343190:T:C	501
10:14348363:G:A	502
10:14349439:C:A	503
10:14351364:G:A	504
10:14351440:C:A	505
10:14353949:T:C	506
10:14354086:C:T	507
10:14356531:G:C	508
10:14357354:C:A	509
10:14359316:C:T	510
10:14362290:G:C	511
10:14368026:T:A	512
10:14369124:C:T	513
10:14369446:G:C	514
10:14370193:C:T	515
10:14370528:C:T	516
10:14371149:C:T	517
10:14372381:C:T	518
10:14373149:G:C	519
10:94820341:C:T	520
10:94821374:A:G	521
10:94824424:G:T	522
10:94826465:G:C	523
10:94826647:G:A	524
10:94829818:C:A	525
