original	renamed
11:102217383:G:C	1
11:102222825:G:C	2
11:102223107:A:G	3
11:102225369:G:A	4
11:102231784:A:C	5
11:102231876:G:A	6
11:102231922:T:C	7
11:102235215:G:T	8
11:102236584:A:G	9
11:102240904:G:C	10
11:102242729:G:A	11
11:102243894:T:A	12
11:102245461:T:G	13
11:102245887:C:A	14
11:102245931:A:G	15
11:102247941:A:G	16
11:102248377:C:T	17
