original	renamed
8:37793790:G:A	1
8:37794423:C:T	2
8:37794902:G:C	3
8:37797075:A:G	4
