original	renamed
19:19375883:T:C	1
19:19378416:C:T	2
19:19381439:G:C	3
19:19382018:C:A	4
19:19382215:C:T	5
