"","SNP","snpbetw_centr"
"1","12:102090668:A:G",2.46904761904762
"2","12:102091017:G:T",8.52857142857143
"3","12:102093196:C:T",1.91904761904762
"4","12:102093474:T:C",3.50952380952381
"5","12:102094359:A:G",5.78571428571429
"6","12:102096012:A:T",8.00238095238095
"7","12:102097012:T:G",3.97857142857143
"8","12:102099528:T:C",2.93571428571429
"9","12:102100268:C:T",4.54285714285714
"10","12:102101626:C:T",4.72619047619048
"11","12:102102287:T:C",4.00238095238095
"12","12:102107625:A:G",0.95
"13","12:102110923:T:A",0.842857142857143
"14","12:102118873:G:T",2.96904761904762
"15","12:102119646:G:A",2.95238095238095
"16","12:102119978:G:A",2.88571428571429
