"","SNP","snpbetw_centr"
"1","9:135546985:A:G",3.08333333333333
"2","9:135547620:T:C",1.45
"3","9:135548618:A:G",1.83333333333333
"4","9:135549738:A:G",2.03333333333333
"5","9:135555341:G:A",8.7
"6","9:135557918:T:A",2.08333333333333
"7","9:135558052:C:T",5.78333333333333
"8","9:135558386:T:C",8.36666666666667
"9","9:135560155:A:G",1.53333333333333
"10","9:135560802:A:T",0.616666666666667
"11","9:135564491:C:T",3.28333333333333
"12","9:135565084:C:A",0.95
"13","9:135567357:G:T",1.28333333333333
