"","SNP","snpbetw_centr"
"1","6:30735451:G:A",2.23602777941013
"2","6:30735575:T:C",0.932936507936508
"3","6:30735673:C:T",33.1560478736949
"4","6:30740160:G:A",6.53866444013503
"5","6:30742141:G:A",9.5132792860734
"6","6:30742742:A:C",0.646266233766234
"7","6:30743241:A:G",12.5397186147186
"8","6:30744035:C:T",18.4655249978779
"9","6:30744529:A:C",2.93783577533578
"10","6:30745454:T:C",10.6877228163993
"11","6:30745489:C:A",4.31412337662338
"12","6:30749054:G:A",5.4636071444895
"13","6:30749712:T:G",23.8825640862406
"14","6:30750229:G:A",4.12030649089473
"15","6:30751379:G:A",4.5754329004329
"16","6:30751438:T:C",20.2017734716264
"17","6:30752691:G:C",6.83602777941013
"18","6:30752928:C:T",1.58892496392496
"19","6:30753128:T:C",4.31412337662338
"20","6:30755066:G:A",1.05470085470085
"21","6:30755933:G:A",2.29815323565324
"22","6:30758487:A:G",0.950992063492064
"23","6:30758935:A:C",1.58892496392496
"24","6:30759188:T:G",28.9022536287242
"25","6:30759283:G:A",10.7770774976657
"26","6:30760231:T:A",6.83602777941013
"27","6:30760297:G:A",2.3234010270775
"28","6:30760527:G:A",2.29815323565324
"29","6:30760948:A:G",10.0194077980843
