"","12:32552259:C:T","12:32552622:C:G","12:32554417:A:G","12:32559167:T:C","12:32559997:C:A","12:32560269:G:A","12:32561525:C:A","12:32562980:G:A","12:32563028:C:G","12:32565896:A:G","12:32567221:T:A","12:32567222:A:T","12:32567858:G:A","12:32568278:A:G","12:32570002:G:A","12:32573285:C:T","12:32577511:T:C","12:32578652:T:G","12:32579702:C:T","12:32580348:G:T","12:32580449:G:A","12:32581892:A:T","12:32584063:T:C","12:32585577:A:G","12:32586914:C:G","12:32590522:A:G","12:32596661:A:G","12:32597558:C:T","12:32598085:A:G","12:32600182:A:G","12:32602410:T:C","12:32604005:G:A","12:32605971:A:G","12:32607697:A:G","12:32619308:T:A","12:32619731:A:G","12:32620875:G:A","12:32620965:T:A","12:32621114:A:G","12:32622322:C:T","12:32627010:A:C","12:32628413:C:T","12:32631230:T:A","12:32631238:T:C","12:32633252:T:C","12:32633522:C:T","12:32633640:G:A","12:32633647:A:C","12:32633656:C:A","12:32633713:G:A","12:32643080:G:A","12:32645755:G:C","12:32646451:G:T","12:32647269:C:G","12:32647344:G:A","12:32647758:G:A","12:32647946:T:A","12:32648257:C:T","12:32649117:A:G","12:32652249:A:G","12:32654132:C:T","12:32655085:C:T","12:32660841:G:C","12:32663056:A:G","12:32663226:C:T","12:32669304:C:T","12:32670462:A:G","12:32671771:A:G","12:32671777:G:A","12:32672621:G:C","12:32676635:G:T","12:32678726:A:G","12:32678788:C:G","12:32678934:C:G","12:32678971:G:C","12:32679891:T:C","12:32680162:T:C","12:32680779:G:A","12:32682286:C:T","12:32682793:T:A","12:32683550:A:G","12:32683791:T:C","12:32684367:A:G","12:32686965:G:T","12:32687352:A:G","12:32689766:C:A","12:32691142:C:A","12:32691754:A:G","12:32692013:A:T","12:32693746:G:A","12:32694416:C:T","12:32696219:G:C","12:32697689:A:G","12:32699395:G:A","12:32701197:T:C","12:32701533:C:T","12:32703395:A:G","12:32706312:C:A","12:32708223:A:T","12:32708740:A:G","12:32710915:G:T","12:32710992:G:C","12:32713532:C:T","12:32713919:T:C","12:32714144:C:T","12:32719648:G:A","12:32719973:T:C","12:32720053:G:A","12:32720777:C:T","12:32722239:A:G","12:32729662:G:A","12:32730321:T:C","12:32731591:G:C","12:32732224:C:T","12:32733754:T:G","12:32734713:G:A","12:32735720:T:A","12:32735793:A:G","12:32737127:A:G","12:32740158:T:C","12:32741814:T:A","12:32742459:G:A","12:32744118:T:A","12:32747182:G:T","12:32747869:G:A","12:32752195:G:A","12:32754367:G:T","12:32755259:G:A","12:32760377:A:G","12:32760529:C:T","12:32761791:G:A","12:32762242:A:G","12:32765281:C:T","12:32766526:C:T","12:32769165:G:A","12:32772290:C:T","12:32774077:G:C","12:32776639:G:T","12:32777035:T:A","12:32778830:G:T","12:32783637:A:C","12:32784462:G:A","12:32785186:A:G","12:32785943:A:G","12:32786039:G:A","12:32789866:G:A","12:32789868:G:A","12:32790588:G:A","12:32790990:T:C","12:32791278:A:G","12:32793164:A:G"
"12:32552259:C:T",0.367331646504685,-0.00661899286104894,-0.00444314334518303,0.00638645768341028,-0.00661899286104894,-0.00252578732180275,8.53495782182634e-05,-0.00106366225167331,-0.000611547222470143,-0.00106245633579061,-0.00492603680953341,0.00376168318937964,-0.00272823490040386,-0.00218167889959275,-0.00661899286104894,-0.00131275180259216,-0.00208848807684792,0.00771072385163585,-0.000374904348813487,-0.00028513586919221,0.000343439801381074,-0.00248531368291527,-0.00177998236916999,-0.00124822135351899,-0.000787318481362487,0.00771072385163585,0.000331930346156639,0.000732300967746458,-0.002326205183663,-0.00259319758187093,-0.00135213612774976,-0.009845683791184,-0.00121650377785887,-0.00553204815577057,0,-0.00489262087479858,0.00226265416088989,-0.0028759804113756,-0.000374904348813487,-0.00633727495747838,-0.00164176413751527,-0.000400935165638217,-0.000197180225463889,0,-0.00833372772716423,-0.00638465286450129,0.000404395392155088,0.000364056810793656,-0.000678482445056083,-0.0053976994054219,-0.00220479027667686,-0.00286425432004211,-0.00320508426233523,-0.00790642738555025,-0.00116792927971776,-0.00349146516689114,-0.00451389613730591,-0.00550305286938535,0.00116842241916615,-0.000526026914838162,-0.000246570392073764,-0.0165994722584895,-0.00127616520951079,0.000343439801381074,-0.00250836261385956,-9.61451200085506e-05,-0.0018649930995096,-0.0049585159566008,-0.00332184547953052,-0.00403093247181951,-0.00733504289995501,0.00102498860297473,-0.000752161597995737,-0.00128889397668619,-0.00157793087395763,-0.0038619524118042,-0.00257568583018752,-0.00332184547953052,3.72297450921266e-05,-0.00650467646088337,-0.000611547222470143,-1.74702690358686e-05,-0.00518899560904984,-0.000935099426378372,0.00102498860297473,-0.00920581012895294,-0.01173836279923,-0.00846306677369535,-0.0028436429257912,-0.00828801834703619,0.000495434358006364,-0.00595502735380204,-0.00182773125227431,-9.28706578058325e-05,-0.00100177892392406,-0.000116947074474183,-0.000702968037570528,0.0004241297720462,-0.000493948996489912,-0.00674812830754945,-0.00130995241740894,-0.00227350481909561,-0.00236865283795495,-0.00947315606491506,0.000443582447917201,-0.000197180225463889,-0.0029437489754649,-0.00190318077379903,-0.00492570810673154,0.000545349205109957,0.000104983722497565,-0.00449082346015661,-0.00551635972164544,-0.000278987697738486,-0.000246570392073764,-0.0037219696483346,-0.00169780075828641,-0.0019201311198831,-0.000197180225463889,-0.00506293876718544,-0.00208188550947686,-0.00204791019164929,-0.00357626979469838,-0.00269742454859578,-0.000197180225463889,-0.000583541868394377,-0.00517367518339551,-0.0045783294036017,0.000821580413163936,-4.57631421140192e-05,-0.00313562807118917,-0.000267391788789872,-0.000727865440894426,-0.0052125521331412,-0.00604373779116152,-0.00614381129332298,-0.00348625331602648,-0.00135877845692978,0.000683089638707557,-0.00014531602409118,-0.00281206248018151,-0.00264692741631745,-0.00897735455386961,-0.00614381129332298,-0.00118624539999956,-0.00429202022227759,-0.00772144386855178,-0.00449082346015661,-8.50166989527779e-05,-0.00348625331602648,0.00120870972307863
"12:32552622:C:G",-0.00661899286104894,0.146725137139355,-0.0015992009215795,-0.00654924553462166,0.000601974998783561,-0.00169550700385379,4.53927557364509e-05,-2.22995075365162e-05,-3.10912649359452e-05,0.000153115397723447,-0.00144922531711789,-0.00645547904082555,-0.00171615078201537,2.33753456129193e-05,0.000601974998783561,-1.62030124881696e-05,4.75048086023833e-06,-0.00670975699373066,-1.95546078778364e-05,-3.0252463111502e-05,2.20877740915171e-05,0.000133640044281513,3.47113728604853e-06,-4.86002815467401e-05,-0.00155812977755687,-0.00670975699373066,6.72885669610324e-05,0.000161651635903759,-6.0979247868076e-05,-0.00147165398052707,4.64605756116399e-05,-1.71191437878804e-05,0.000479957689619503,-0.00541784642790866,0,-0.0018091087522718,-0.00655722559291405,7.93314170675075e-05,-1.95546078778364e-05,-6.33363629880535e-05,-0.000126777112475551,-2.04584590468571e-05,-1.00978452888256e-05,0,-0.00350385086384009,0.000397102280722095,2.40075632964576e-05,2.27354625454979e-05,-4.06626362678963e-05,-0.000805345885381392,-3.61811317297622e-05,-0.00213877435034693,-2.32371161770217e-05,-0.00526268874401392,1.41281955743366e-05,-9.48364438357885e-05,-0.0014582250075712,-0.00149992726767145,6.70001708060752e-05,-0.000674421121637181,-1.17892195010683e-05,-0.004529957600381,-3.20840449958837e-05,2.20877740915171e-05,-1.44047399377456e-05,-0.00116577601268553,-3.30891872506456e-05,-0.00147412158801608,-0.00145478962839984,0.000201826473611888,5.78481586916979e-05,5.86857818287712e-05,-2.38701457666579e-05,-2.51475689490022e-05,-0.00103274938801334,4.79646493118935e-05,-8.8699997054853e-05,-0.00145478962839984,4.75048086023833e-06,-0.00133397681380032,-3.10912649359452e-05,-0.00113241992264967,-1.71191437878804e-05,-0.0034987303905174,5.86857818287712e-05,-0.00388997604719687,-6.0323042946564e-05,0.000137159636070194,1.63949465203928e-06,2.56992843032933e-05,3.07311851397429e-05,-0.00586389407245047,-7.52220531134995e-05,-3.13468242207904e-06,9.00043806488782e-05,-3.94228513034278e-06,-5.10611051236509e-05,2.46322522814424e-05,-0.00094389864358746,0.000102108723925021,-4.41685010814652e-05,1.48205897207987e-05,-0.00104180451512725,-0.00182843350198514,2.5249546020234e-05,-0.00652898253121403,-0.00355330350959981,2.33753456129193e-05,-7.27380374332398e-06,-0.000143284624179785,6.98580913827129e-06,2.33753456129193e-05,0.00047800434321843,-0.005108195890422,-1.17892195010683e-05,6.55074786894971e-05,-3.94228513034278e-06,-5.55481765536214e-05,-0.00652898253121403,-0.000130803299727589,-0.000995892839618762,2.27354625454979e-05,-0.000994422802389927,-2.47526972696477e-06,-0.00652898253121403,-3.01106211608726e-05,1.48205897207987e-05,0.000123965180538477,-8.44831442234906e-05,-0.00894022137230266,-7.39123564814648e-05,-2.6957897259372e-05,-3.5137490288939e-05,-0.00528255942457356,-8.13291309587072e-06,3.98706449278308e-06,7.43333380670563e-05,3.21421246596287e-06,4.0434221880048e-05,1.05363070046494e-05,-0.00133832700515946,-0.00138266449121005,-3.47945296361729e-05,3.98706449278308e-06,-3.10912649359452e-05,-4.16044141582361e-05,1.27179012840983e-05,2.33753456129193e-05,1.41281955743366e-05,7.43333380670563e-05,-0.000192198928693266
"12:32554417:A:G",-0.00444314334518303,-0.0015992009215795,0.274676101590951,-0.00456314933768187,-0.0015992009215795,-0.00108867996938677,-0.00156718412050694,-0.00275795760122133,2.02592952085467e-05,-0.00542781969451145,-2.0801360067324e-05,-0.00473014383124593,-0.00259095637052686,-2.13339894648001e-05,-0.0015992009215795,-9.38858621957195e-06,-4.11307796444049e-06,-0.00429148739433227,-0.00107270833119699,-2.74293407809267e-06,-2.0148866176406e-05,-0.00572956383576528,-0.002291549785574,-0.00202023282104768,-0.00546709777345233,-0.00429148739433227,-4.89963767158486e-05,-0.000911023170278469,-0.00216789112236615,-0.000483859370776774,-4.79429378250629e-05,-0.00428322571960482,-0.000380084179330886,-0.000154931136313152,0,-0.00219303046247799,-6.05954425862976e-05,-0.000227779614960788,-0.00239980731045719,-0.00731555054062838,-0.0024503353757428,-0.000506182239725206,7.49691624157833e-06,0,-0.00633822162634612,-0.00376845818599403,-2.19204509290805e-05,-0.00130055167538945,-0.000387623578183671,-0.00421453959158358,2.26962549234599e-05,-0.00108468526924987,1.58483700252177e-05,-0.000303169632263511,-1.23763120507547e-05,-3.83021480594437e-05,-0.0030176620550928,-0.00411152661020697,-7.52230520451036e-05,-0.00618623940556695,8.60534873581287e-06,-0.000266394350665777,-0.00144480129072555,-0.00138719072277649,1.02768515519713e-05,-0.0038389142002373,-0.000168222609325142,-0.00402647390509747,-0.000716442945757123,-0.000543631475172113,-6.2396126650377e-05,-6.33728400636357e-05,-0.00200982238335001,-0.00239213305793129,-0.000191184425609059,-0.00114610115227354,-0.00223088905817725,-0.000716442945757123,-4.11307796444049e-06,-0.000421072595220284,2.02592952085467e-05,-0.00364562242821975,-0.00428322571960482,-7.03658269252116e-06,-6.33728400636357e-05,-0.00777570256331206,-0.00326407937245632,-0.0028355426665434,-0.00233093245690164,-0.00127155206314011,-2.92323555433072e-05,-0.00180463472429793,-0.000427077570346768,2.28643618260804e-06,-0.000113067028605585,2.86342913380366e-06,-0.00179778015936716,-0.00165799890015172,-0.00808743093768616,-0.00375181249317302,-0.00286593021015324,-0.00771173115526125,-0.0109820190112355,-0.00599111068778946,3.68197680078453e-05,-0.00146031755509402,-0.00445359462899564,-0.000464221850394075,-0.00464970280038823,-0.00190334388242341,-0.00161331894308425,-2.13339894648001e-05,-0.00871561592050663,-0.00161449917192069,-0.00264325693566292,-7.3425383515513e-05,2.86342913380366e-06,3.04924104783666e-05,-0.00146031755509402,3.35411954841547e-05,-0.000242628075969975,-2.0743467716855e-05,-0.00533973970962576,1.32711264022589e-06,-0.00146031755509402,-0.00631375150161606,-0.00771173115526125,-7.80860511895298e-05,3.65951589431646e-05,-9.82933241377992e-06,3.51199827033355e-05,1.75840033369568e-05,2.22122754562903e-05,-0.00222285362047092,-0.00460873626817104,-3.51968355705168e-06,-8.66237716348195e-05,-2.92344569086112e-06,-4.01713521407387e-05,-5.23652701325261e-05,-0.00350223012213968,-0.00194454072623085,-0.00270756661504379,-3.51968355705168e-06,2.02592952085467e-05,-0.00240455950208407,-9.03227828574771e-05,-2.13339894648001e-05,-0.00297562165066978,-8.66237716348195e-05,7.29816808142658e-06
"12:32559167:T:C",0.00638645768341028,-0.00654924553462166,-0.00456314933768187,0.357611311788842,-0.00654924553462166,-0.0021410673841471,7.83763877061361e-05,-0.00107213251952487,-0.00056921811119004,-0.000295065224905855,-0.00127453061195126,0.00508454587342211,-0.00234351496274821,-0.00224515807977177,-0.00654924553462166,-0.00132429051883243,-0.00195405105528224,0.00698967447073784,-0.000349334655751932,-0.000277039428866033,0.000324393869470363,-0.00171792257203141,-0.00168482889247734,-0.00127994821123956,-0.00137466631144001,0.00698967447073784,0.000300511620889843,0.000745212650380189,-0.00162065130276901,-0.00245192484847001,-0.00143660638843901,-0.00994383427029089,-0.00130846497740045,-0.00500732728159026,0,-0.00524350298124743,0.00204940004775622,-0.000681989934585125,-0.000349334655751932,-0.00614973896804649,-0.00140184951139499,-0.000373082542470371,-0.000183432540365125,0,-0.00875467872327906,-0.00669170834359489,0.000379521756863177,0.000343039440500625,-0.000657291267049054,-0.0048080754788824,-0.00223409194439661,-0.00318833958616649,-0.00309637822132647,-0.00849952737641901,-0.00110499873303649,-0.00490912544492872,-0.00481224379966161,-0.005177412018607,0.00109144292708052,-0.000473000613457231,-0.00022842341683571,-0.0166589399795054,-0.00131853389746617,0.000324393869470363,-0.0025857379811649,-2.46502837963902e-06,-0.00190135194719865,-0.00465090530069512,-0.00325727109939766,-0.00400010418467911,-0.00714802084824662,0.000957748694792926,-0.000686277266470192,-0.00129041283203613,-0.00151288698102459,-0.00379730484416729,-0.00216196546785152,-0.00325727109939766,3.79744346172828e-05,-0.00610794330739228,-0.00056921811119004,2.64499621644987e-05,-0.00531361374752581,-0.000888672021482684,0.000957748694792926,-0.00948925308063853,-0.0113079811041636,-0.00910762520739716,-0.00291769303050682,-0.00812750872028012,0.000466440135946655,-0.00576103696247454,-0.0015406649778944,-8.44632664724898e-05,-0.000962654662767015,-0.000106359554145286,-0.000729219134016468,0.000397370050072787,-0.000495329089976515,-0.00644928772706921,-0.00128900719602942,-0.00223052379724997,-0.00262519975219799,-0.00908935298819413,0.000414963860126072,-0.000183432540365125,-0.00279829412660515,-0.00186993933585811,-0.00501317255336531,0.000376831412619794,9.94876827666857e-05,-0.00440062805351182,-0.00553749692011563,-0.000237201440996593,-0.00022842341683571,-0.00361504169564864,-0.00168564856460662,-0.0018098104744686,-0.000183432540365125,-0.00446316053732154,-0.00213033494451054,-0.00201265732624467,-0.00350359911070353,-0.00276083506915104,-0.000183432540365125,-0.000543632833338137,-0.00507377412881826,-0.0045260931357598,0.000641628658301308,-4.16207012952086e-05,-0.00300537518836741,-0.000219850576837821,-0.000675483437744262,-0.00505582432123486,-0.00617806157756906,-0.00602749139595371,-0.00335228839138857,-0.0013947052218235,0.000640478910127307,-0.000154351022398025,-0.00313063101765021,-0.00269759692730442,-0.00860954507686751,-0.00602749139595371,-0.00112798794112567,-0.00439924035659356,-0.00782309155249461,-0.00440062805351182,-7.98542420881176e-05,-0.00335228839138857,0.00112111457386366
"12:32559997:C:A",-0.00661899286104894,0.000601974998783561,-0.0015992009215795,-0.00654924553462166,0.146725137139355,-0.00169550700385379,4.53927557364509e-05,-2.22995075365162e-05,-3.10912649359452e-05,0.000153115397723447,-0.00144922531711789,-0.00645547904082555,-0.00171615078201537,2.33753456129193e-05,0.000601974998783561,-1.62030124881696e-05,4.75048086023833e-06,-0.00670975699373066,-1.95546078778364e-05,-3.0252463111502e-05,2.20877740915171e-05,0.000133640044281513,3.47113728604853e-06,-4.86002815467401e-05,-0.00155812977755687,-0.00670975699373066,6.72885669610324e-05,0.000161651635903759,-6.0979247868076e-05,-0.00147165398052707,4.64605756116399e-05,-1.71191437878804e-05,0.000479957689619503,-0.00541784642790866,0,-0.0018091087522718,-0.00655722559291405,7.93314170675075e-05,-1.95546078778364e-05,-6.33363629880535e-05,-0.000126777112475551,-2.04584590468571e-05,-1.00978452888256e-05,0,-0.00350385086384009,0.000397102280722095,2.40075632964576e-05,2.27354625454979e-05,-4.06626362678963e-05,-0.000805345885381392,-3.61811317297622e-05,-0.00213877435034693,-2.32371161770217e-05,-0.00526268874401392,1.41281955743366e-05,-9.48364438357885e-05,-0.0014582250075712,-0.00149992726767145,6.70001708060752e-05,-0.000674421121637181,-1.17892195010683e-05,-0.004529957600381,-3.20840449958837e-05,2.20877740915171e-05,-1.44047399377456e-05,-0.00116577601268553,-3.30891872506456e-05,-0.00147412158801608,-0.00145478962839984,0.000201826473611888,5.78481586916979e-05,5.86857818287712e-05,-2.38701457666579e-05,-2.51475689490022e-05,-0.00103274938801334,4.79646493118935e-05,-8.8699997054853e-05,-0.00145478962839984,4.75048086023833e-06,-0.00133397681380032,-3.10912649359452e-05,-0.00113241992264967,-1.71191437878804e-05,-0.0034987303905174,5.86857818287712e-05,-0.00388997604719687,-6.0323042946564e-05,0.000137159636070194,1.63949465203928e-06,2.56992843032933e-05,3.07311851397429e-05,-0.00586389407245047,-7.52220531134995e-05,-3.13468242207904e-06,9.00043806488782e-05,-3.94228513034278e-06,-5.10611051236509e-05,2.46322522814424e-05,-0.00094389864358746,0.000102108723925021,-4.41685010814652e-05,1.48205897207987e-05,-0.00104180451512725,-0.00182843350198514,2.5249546020234e-05,-0.00652898253121403,-0.00355330350959981,2.33753456129193e-05,-7.27380374332398e-06,-0.000143284624179785,6.98580913827129e-06,2.33753456129193e-05,0.00047800434321843,-0.005108195890422,-1.17892195010683e-05,6.55074786894971e-05,-3.94228513034278e-06,-5.55481765536214e-05,-0.00652898253121403,-0.000130803299727589,-0.000995892839618762,2.27354625454979e-05,-0.000994422802389927,-2.47526972696477e-06,-0.00652898253121403,-3.01106211608726e-05,1.48205897207987e-05,0.000123965180538477,-8.44831442234906e-05,-0.00894022137230266,-7.39123564814648e-05,-2.6957897259372e-05,-3.5137490288939e-05,-0.00528255942457356,-8.13291309587072e-06,3.98706449278308e-06,7.43333380670563e-05,3.21421246596287e-06,4.0434221880048e-05,1.05363070046494e-05,-0.00133832700515946,-0.00138266449121005,-3.47945296361729e-05,3.98706449278308e-06,-3.10912649359452e-05,-4.16044141582361e-05,1.27179012840983e-05,2.33753456129193e-05,1.41281955743366e-05,7.43333380670563e-05,-0.000192198928693266
"12:32560269:G:A",-0.00252578732180275,-0.00169550700385379,-0.00108867996938677,-0.0021410673841471,-0.00169550700385379,0.422232406112118,-1.25932637726756e-05,-0.00194598279199454,-0.00379891335468852,0.00059259647966714,-0.00731045145378362,-0.00220854626654798,0.00121386828656078,9.63591960738697e-05,-0.00169550700385379,-0.00141471264540671,-0.00273527329534495,-0.00335579467264813,-0.000977446517799407,-0.000489178650560973,-0.00143413597854192,-0.00187503395554023,-0.000383864314582372,0.000604338435941987,-0.00426681512244986,-0.00335579467264813,-0.00399259055906986,-0.00549467674107884,-0.00476753109071781,-0.00570061155601165,0.000119634901930343,-2.97719564161802e-05,-0.00136809806542404,-0.00558298761949372,0,-0.00820675303968876,-0.00471469375600719,-0.00317075480099849,-0.000977446517799407,-0.0100029635654373,-0.0052893720087539,-0.00105362391532715,-0.00125001761393939,0,-0.00324464469042374,-0.00881677811268577,2.42935688410384e-05,-0.000895740206606099,-0.00272129868138693,-0.00967195549605293,-0.00167044366822067,-0.0157031727046197,-0.000871416856907281,-0.00315163624483494,-0.00704062673027561,-0.00226581274729964,-0.00397155971478247,-0.00543931644146189,-0.000321144931576534,-0.00217888186960513,-0.00735465738850039,-0.00147815488252245,-0.000108286455047235,-0.00173423989907651,-0.00597828509856946,-0.00808458598347483,-0.00173964099178026,-0.00659275745660004,-0.00124620287692778,-0.00111228237178596,-0.00681639125908529,-1.35522369184571e-05,-0.00137619975216552,-0.000273447663649229,-0.00331574412302738,-0.00327860259945956,-0.00150553714260226,-0.00124620287692778,3.19887376054595e-05,-0.006073155677492,-0.00246780281743053,-0.00810041555462959,-0.00132733437456878,-0.000162892741969678,-1.35522369184571e-05,-0.00520912734374646,-0.0131393817199812,-0.00632885123594962,-0.000231191858464097,-0.003716267027154,-0.00434315428433951,-0.00490789886009946,-0.00331789379304448,-0.00835879907414139,-0.00470808153299984,-0.00221060903781378,-0.00428403745830686,-0.00151426866835713,-0.00026491046300503,-0.00254634357268424,-0.00111554006717318,-0.00018225698269525,-0.0047716782234537,-0.00279414146810231,0.000142728478285115,-0.00135247568577501,-0.00122839918389017,-0.00782152934827351,-0.00205913462348351,-0.00081266975117078,-2.94278489967326e-05,-0.00679920616555929,-0.0042628418787154,-0.000684852814532011,0.000129175259350411,-0.00122839918389017,-0.00028510592863995,-0.000815027836972071,-0.00135247568577501,0.000346090724556269,-0.00214055873714081,-0.00171128994574765,-0.00656909969735997,-0.00331187853501591,-0.00135247568577501,-0.00563232272185221,8.50538307739512e-05,-0.00111952397379245,-0.00263709079223107,-0.00210507771221646,-0.000220022738316228,-0.000317895190355078,-0.00482919160442963,-0.00459358310751545,-0.00361741142029759,-0.000856124110028222,-0.000324874438908385,-0.00022464286044821,-0.00390502812761273,-0.00126324331999683,-0.00319717343528048,-0.00174203078115598,-0.00203894442200747,-0.000856124110028222,-0.00116932222443289,-0.00169743872566031,-0.00688896732498812,-0.00679920616555929,-0.00259768780570635,-0.000324874438908385,-0.00152661224451123
"12:32561525:C:A",8.53495782182634e-05,4.53927557364509e-05,-0.00156718412050694,7.83763877061361e-05,4.53927557364509e-05,-1.25932637726756e-05,0.264385960403385,-0.00176514987724108,0.000132596077724756,-0.000806324755387777,-0.00308703710751068,8.4908121517735e-05,-9.38153907448225e-07,-0.000121354903820148,4.53927557364509e-05,-0.00230688666754464,-0.00157227112822955,-8.5440670564374e-05,-0.00594610091118319,-0.00275077468083396,-0.00424473765952804,-0.00100736654348221,-0.000154894126547234,-0.00164033299660638,-0.00211712039481027,-8.5440670564374e-05,-0.00248763882520908,-0.000416254953594652,-0.00129709253810883,-0.00065628736163692,-0.00363223783532796,1.31692173797049e-05,-0.0013566632646409,8.60946924721162e-05,0,-0.00346609842178935,-0.00465339215002203,-0.00300024771446061,8.64369566215828e-05,-4.35010259689506e-05,-0.0013861149327834,-0.00334672580946105,-0.000368728603190149,0,-0.0013670548288669,-0.00065741673570896,-0.00100915901211884,-0.000118899449229382,-0.00120650431788061,0.000739083531383855,-0.000397462401365622,-0.00420493113900688,-0.00110943046160816,-4.08812258321234e-05,-0.000878792834537734,-0.00197285307418937,-0.00407649527878506,-0.00496215881120898,-5.37279608714414e-05,0.000945726389533164,-7.8322287289545e-05,0.000531551543695663,0.000135949126708113,-0.000116417664662194,-0.00458536293445455,-0.0055153968999786,-0.00249088497458505,-0.00194952260997905,-3.79405445940506e-05,-0.00258293358676154,-0.00151308617498103,-9.21384079344278e-06,-0.000737870515178152,-0.00667511088567263,-0.00130498395613632,-0.000221237243901662,-0.00177438430150634,-3.79405445940506e-05,-2.71737565018526e-05,-0.00215598226216951,-0.00140885084623932,-0.00547377249100922,-0.0040302326783106,-4.109374682848e-05,-9.21384079344278e-06,-0.00479683111034035,-0.00941095039991824,-0.00584377913249368,-1.55217284767417e-05,-0.000118951099686626,-7.0849072788981e-05,-0.00172844226900892,-0.00219073130007086,-3.79405445940506e-05,-0.00132059708624777,1.46440631603184e-05,-0.000352411544890074,-0.000551105286334064,-0.000411095500300718,-0.0104862344353442,-0.000401382466187705,-7.61667121844667e-05,-3.91440827329781e-05,-0.000986266111449918,0.00015068304507615,4.53927557364509e-05,-0.0103868401241325,-0.00225281006541689,-0.00173839976162959,-0.0017962653467114,-0.000278551796071724,-0.00105798249289979,-0.00102440994886965,-7.03545431814945e-05,-0.0025336375221503,-0.0103868401241325,1.46440631603184e-05,-0.000251498964048302,4.53927557364509e-05,-0.000273814645005643,-0.00517325176492101,-0.00117862147728509,-0.0011206006496205,-0.000209783561472499,4.53927557364509e-05,-0.0028918682210719,-0.00123378619108117,0.000132969192384813,0.000314180460168068,5.773076879656e-06,-0.000643474974793001,-0.000607274309992967,-0.00026066465018193,-0.00508629610825739,-0.00369448451052001,-0.00267964124285758,-0.0124834791072539,-0.00342797884599921,-0.00267986084143779,-0.00078115675178303,-0.00735893344986049,-0.00168882775874923,-0.00521452233483899,-0.00267964124285758,0.000132596077724756,-0.00221655669933796,-4.04206215636194e-05,-0.00105798249289979,-2.86559863331703e-05,-0.0124834791072539,-0.000316372233429618
"12:32562980:G:A",-0.00106366225167331,-2.22995075365162e-05,-0.00275795760122133,-0.00107213251952487,-2.22995075365162e-05,-0.00194598279199454,-0.00176514987724108,0.145366415639873,-0.00451677316398591,0.000319810970643708,-0.00624684366615824,-0.0011021075554547,-0.00193879645805506,5.06409314580125e-05,-2.22995075365162e-05,-3.63320399703326e-05,9.99361693398981e-06,-0.00099018000553297,-4.32115395199162e-05,-0.00148295291426237,4.7703035468416e-05,0.000280438910007064,-0.00280983471124063,-0.000109635443100942,-0.00415259822235292,-0.00099018000553297,-0.00164234489658543,-0.0076218470078846,-0.000137651790860005,-0.000618080241062025,-0.00233884351739544,-0.00133852534201129,-0.00547968542432642,-8.57012673636248e-05,0,-0.00127943002671316,-0.000269588986825831,0.000166692206816421,-4.32115395199162e-05,-0.00027824757866135,-0.00119431841404083,-4.52908495001125e-05,-2.22995075365162e-05,0,-0.00355790761029962,-0.00601701826318379,5.20824187510982e-05,4.91812519705093e-05,-0.00214955119891158,-0.0011845055744093,-0.00362396856322089,-0.000937747126197763,-0.00107998349140015,-0.00688920838101126,3.05066046335511e-05,-0.000215558576811326,-0.00180153819497253,-0.00194169854141091,0.000144193211303545,-0.000881824081561788,-2.61815351327854e-05,-0.00117358998778538,-0.000837766881130797,4.7703035468416e-05,-3.21930254063574e-05,-0.00346706762829907,-7.36164048822374e-05,-0.00230961770831328,-7.17725393784008e-06,-0.000994686986301119,0.000124662473181658,0.000126572521507384,-5.40326323852369e-05,-5.60969275715806e-05,-9.90369704894078e-05,0.000103389703510537,-0.000199367651179116,-7.17725393784008e-06,9.99361693398981e-06,-0.00200153692466198,-6.90008915347207e-05,-0.00354803460486952,-0.00133852534201129,1.84103887521658e-05,0.000126572521507384,-0.00407767168255457,-0.00156191614213519,-0.00318360089142189,2.86402747384784e-06,5.48843732053328e-05,6.63848953488255e-05,-9.5969835897769e-05,-0.000168506267092638,-7.17725393784008e-06,0.000192020608919208,-9.0288231184843e-06,-0.00124057689330215,5.3506050213592e-05,-0.00369269850541798,-0.00341754640281522,-9.84706185924722e-05,3.20880103990007e-05,-0.000151217624754452,-0.00461429088232279,5.49121539910047e-05,-2.22995075365162e-05,0.000140778229588356,5.06409314580125e-05,-0.000152307059368084,-0.000325001365306221,1.5106836697143e-05,-0.0021392345143445,-0.00110466290181321,6.58554069863371e-05,-2.61815351327854e-05,0.000140778229588356,-0.00309376553528917,-0.00085578257157426,-2.22995075365162e-05,-0.000860950645094505,-5.16904851250999e-05,4.91812519705093e-05,-0.000306231024613801,-6.58970496836275e-06,-2.22995075365162e-05,-0.000524945919889497,3.20880103990007e-05,-0.00199998404707991,-0.00018946277387677,-3.54367719257453e-06,-0.000561516395767292,-6.11854249905619e-05,-7.83540189566168e-05,-0.00283471118964673,-0.000154193188587115,8.24549596334379e-06,0.000159479039041344,6.47481704074693e-06,8.74030730084741e-05,2.22899680863975e-05,-0.00231930901736632,-2.89319458355308e-05,-0.00266167300329023,8.24549596334379e-06,-0.000713740860848411,-9.3349427864986e-05,2.72830538206037e-05,-0.0021392345143445,3.05066046335511e-05,0.000159479039041344,-0.000801843674479663
"12:32563028:C:G",-0.000611547222470143,-3.10912649359452e-05,2.02592952085467e-05,-0.00056921811119004,-3.10912649359452e-05,-0.00379891335468852,0.000132596077724756,-0.00451677316398591,0.123617857380986,-0.00232103762598346,-9.62030586135754e-05,-0.000535023486460062,-0.00373710383249293,7.05732136170312e-05,-3.10912649359452e-05,-5.10618376754479e-05,1.35163238939029e-05,-0.000820230937699229,-6.00539304391745e-05,-0.00119361467241763,6.62832597573271e-05,-0.00246423978356169,6.89453610558388e-06,-0.00114095617344301,-0.000791758630707129,-0.000820230937699229,-0.00126746200965488,-0.000265437554326731,-0.00103656522805462,-0.00277286352403383,-0.00198024726084967,-5.40605681589312e-05,0.000103338926888519,-0.00363888123723211,0,-0.00297539144708203,-0.000367707977846798,-0.00301983342910273,-6.00539304391745e-05,-0.00194511524443097,-0.00098015141679042,-6.29995425933672e-05,-3.10912649359452e-05,0,-0.000323722498889012,-0.00255584876598025,7.26791276983718e-05,-0.00216270326263945,-0.00108921515160354,-0.000757198441985629,-0.000112305507709465,-0.00291645082849001,-7.20580045667774e-05,-0.000285965723596959,4.22461828621934e-05,-0.00333757408771529,-0.00072357524213551,-0.00473703099873646,0.000203858506962362,-0.000378864526879852,-3.66216099534356e-05,0.000346936895585515,-9.89816368361929e-05,6.62832597573271e-05,-4.51771362808273e-05,-0.00216524548085406,-0.000635982037217708,-0.00464760626859295,-1.02869572842224e-05,-0.000912781641416949,0.000175666832331167,0.000178555733660879,-7.61742229311579e-05,-7.82886785835046e-05,-0.00102400080034837,0.000145052277434665,0.00110648465313101,-1.02869572842224e-05,1.35163238939029e-05,-0.00439753617020777,-9.57544379360797e-05,-0.00211047630527972,-5.40605681589312e-05,2.56504295226279e-05,0.000178555733660879,0.000260748541832001,-0.0026085411355723,-0.0045313793616053,3.25475764473282e-06,7.57012777707899e-05,9.25922002572577e-05,-0.000944585632929318,0.00119308828058706,-1.02869572842224e-05,0.000272532906137712,-1.2938289682296e-05,-0.00205113092556619,7.47596271972739e-05,-0.000225802743034187,-0.00208014316068628,-0.000136399828016387,4.45399261010948e-05,-0.00286375197593536,-0.00142313105602287,7.68151685335283e-05,-3.10912649359452e-05,0.000198635751262444,7.05732136170312e-05,-2.38801242673503e-05,-0.000440618618021915,-0.00223470277954441,-0.00642083637808888,-0.00199323518387295,9.06053706497545e-05,-3.66216099534356e-05,0.000198635751262444,-1.2938289682296e-05,-0.00477349922939307,-3.10912649359452e-05,-0.00116025152394528,-7.20580045667774e-05,6.84414173433012e-05,-0.00298184154799941,-0.00122949024072305,-3.10912649359452e-05,-0.000232512910122828,4.45399261010948e-05,-0.000207646477423218,-0.000259796070612772,-5.0809618699077e-06,-0.000227384797016228,-8.6297825339976e-05,-0.000108910693413122,-0.000210329131182796,-2.67029232361438e-05,1.09988435017527e-05,0.000225676439403522,8.44982146830375e-06,0.000122490115131768,-0.00143415786196233,-0.00142526754960759,-4.13754196531002e-05,-0.000239799148039843,1.09988435017527e-05,-9.57544379360797e-05,-0.000129956066228232,3.75730417028208e-05,-0.00642083637808888,4.22461828621934e-05,0.000225676439403522,-0.00059235563105986
"12:32565896:A:G",-0.00106245633579061,0.000153115397723447,-0.00542781969451145,-0.000295065224905855,0.000153115397723447,0.00059259647966714,-0.000806324755387777,0.000319810970643708,-0.00232103762598346,0.418834754556645,-0.012695695177106,-0.00033529058928039,0.000775595093193804,-0.000438731012497584,0.000153115397723447,-3.08979344101346e-05,-0.00725754310668236,-0.000304481156304881,0.000300405263448766,-0.00159456289770521,-0.000827797855117218,0.00327885692180097,-0.000692217758441416,-0.00232228280577385,-0.0024071922597817,-0.000304481156304881,-0.00175224019233022,-0.00124009382668389,-0.000941526803647008,0.000517227171607182,-0.00137411686539224,-0.00137324690081719,-0.0054790311629116,-0.0111388757835709,0,-0.00438122895343396,-0.00131967135976385,-0.00351709664223776,0.000300405263448766,-0.00153209295144618,-0.00243633344192595,-0.00187497855309182,-0.00151747808809333,0,-0.00298019468984823,-0.00810850873719948,-0.00554260440725152,0.000258534485627848,-0.00234991925222161,-0.00264075047223988,0.000207037439193591,-0.00540030085159726,0.000326428613159457,-0.0064493502681775,-0.00681581841667178,-0.00320570160724465,-0.00237417282424168,-0.00425084119004993,-0.000490092585097912,0.000236225970067672,0.00016421973979952,0.00110944473644903,-0.00429022287592762,-0.00207180533846607,-0.000277316620756807,-0.0106287386735984,8.1581338490011e-05,-0.00832019616446322,-0.00674535147784106,-0.00256102029089567,-0.00756494554473441,-0.000333892928379598,-0.00188503344605806,0.000339895328072437,-0.00173121573295898,-0.00194727897956515,-0.00237344941773721,-0.00674535147784106,-0.00343869914114325,-0.00622056579660057,-0.000478443434550613,-0.0110351391213568,-0.008903548270081,-0.000145173464241921,-0.000333892928379598,-0.00334673822136455,-0.0108828977728663,-0.016146368146337,-1.9925559148426e-05,-0.00630182400040091,-0.00371066471956016,-0.00192639725173294,-0.00258809051064723,1.86243154605137e-05,-0.00310607010486397,-0.00322650859087936,-0.00223993291112734,-0.00044257601087061,0.000318623673849494,-0.0105349724265,-0.00250596647354495,-0.0010164045754566,-0.00297796067580203,-0.00649744097144733,0.000259748792068137,0.000153115397723447,-0.00221630871039924,-0.0035059126186745,-0.00965556726681527,-0.000600790761557946,-0.000137687920702234,-0.00279780972825883,-0.00391396013495493,-0.00400664067925049,-0.0024940415229997,-0.00221630871039924,-0.0106798925903,-0.00563126115896928,0.000153115397723447,-0.000610879247084029,-0.00218211827407622,0.000258534485627848,-0.00554292112723376,-0.00104169231648132,0.000153115397723447,-0.00303745466162297,-0.0010164045754566,-0.000584255152313418,0.000289192499116631,9.20910977875167e-06,-0.00706055037122866,-0.00378320789568409,-0.00461862183490247,-0.00200188931154077,-0.0133453961763275,1.07604747334733e-06,-0.0015135750604669,-0.00422571136909866,-0.00178006006911158,-4.16652075720947e-05,-0.00869010015092231,-0.00471932880816528,-0.00213639235361462,1.07604747334733e-06,-0.00630215570150128,-0.00103477189531542,-0.0055847433840146,-0.00279780972825883,-0.00063705578072959,-0.0015135750604669,-0.000947115190733427
"12:32567221:T:A",-0.00492603680953341,-0.00144922531711789,-2.0801360067324e-05,-0.00127453061195126,-0.00144922531711789,-0.00731045145378362,-0.00308703710751068,-0.00624684366615824,-9.62030586135754e-05,-0.012695695177106,0.464528548406393,-0.00152603961963127,-0.00678235918124281,-0.00129287787606369,-0.00144922531711789,-0.000175712013459339,-0.00243198734567507,-0.00090384929781262,-0.000897179225828104,-0.00446549086649339,-0.00149872282569508,-0.0124710716552183,-3.42770500960654e-05,0.000134273604918356,-0.00110556099156733,-0.00090384929781262,-0.00874440795889875,-0.0013762703219764,-0.0040886920214902,-0.00198354079935381,-0.000226719521152496,3.46280151104494e-05,-0.000110805140833392,-0.00797702340292528,0,-0.00592454438511458,-0.00171651462111289,-0.0101985373145284,-0.00233901625195543,-0.0092935546532571,-0.00752066491618741,-0.00284731932577031,3.48368162477186e-05,0,-0.00428230296675203,-0.00802267970904413,-0.00112312126773073,-0.000366296918527631,-0.00749797106464989,-0.000528955822118871,-0.00530298463651757,-0.00567892825037708,-0.00293059358203784,-0.00223389450436384,-5.92907977940982e-05,-0.00661775529827757,-0.00815820490459895,-0.00239918915383308,-0.000398104284420775,-0.00183548092388897,3.9600896903913e-05,-0.00157361456674643,-0.00124034757122171,-0.000135734276052624,-0.000846283146345606,-0.012235745703669,-0.000343240678613022,-0.000469128857230938,-0.00125995596765538,-0.00188535643843624,-0.00221751756884458,-0.000396835724976619,-0.00358024573741211,-0.00103269029488118,-0.00115962441158501,-0.000404196870857909,-0.00158309347550123,-0.00125995596765538,-0.00243198734567507,-0.00545693595451269,9.59278011665177e-05,-0.0119560878132692,-0.000369842981464252,-3.2851188144889e-05,-0.000396835724976619,-0.00169930426016185,-0.00163852796064257,-0.00536907659625419,-0.000217915139795188,-0.001306816057558,-0.000419643806788272,-0.00415390424738327,-0.00157205912368941,9.51736894805322e-06,-0.000575775007169987,1.10826420938182e-05,-0.00286072215062116,-0.0022211180594498,-0.00278685241724652,-0.00838433589257015,-0.00183394012524563,-0.00743731913001255,-0.00995839668759002,-0.00950309168713304,0.000900579775270138,-0.00142299540282664,-0.000716300977162909,-0.000346181263207512,-0.00389362472200361,-0.000705331650452834,-0.000222560796264482,-0.00676485367044055,-0.0127678553074584,-0.00741999139323646,-0.00638625977414797,-0.000379598831260708,-0.00467179672676643,-0.00617062133188462,-0.00142299540282664,-0.00118406145550587,-0.000404677860528224,-0.00295895591225026,-0.013154690121485,-8.73164352288569e-06,-0.00142299540282664,-0.00384605679951555,-0.00257894561858496,-0.00153294098722156,0.000175749215281407,-0.00240527392576073,-0.00353609063295224,-0.00468929159594911,-0.00551200044467315,-0.00511187732306961,-0.00375764864057526,-0.00235408849640262,-0.000266504163836778,-0.00788889613439991,-0.00108187057288944,-0.00104317481716265,-0.00469544118891196,-0.00214447439088516,-0.00623251569227934,-0.00235408849640262,-0.00337063471421395,-0.00503337199612286,-0.000244450201207336,-0.00676485367044055,-0.00643775048115103,-0.000266504163836778,9.36040293728624e-05
"12:32567222:A:T",0.00376168318937964,-0.00645547904082555,-0.00473014383124593,0.00508454587342211,-0.00645547904082555,-0.00220854626654798,8.4908121517735e-05,-0.0011021075554547,-0.000535023486460062,-0.00033529058928039,-0.00152603961963127,0.369166844282615,-0.00239151455826914,-0.00232073405470334,-0.00645547904082555,-0.00135699301345227,-0.00173619557897009,0.00594982353695617,-0.000328520407778754,-0.000311361824558709,0.000308166681449507,-0.0018739017704501,-0.00155632679767059,-0.00136592267308977,-0.0015547850181008,0.00594982353695617,0.000272060415560382,0.000222824637508001,-0.00175517120044599,-0.00246333943288546,0.000307982521980499,-0.0101041851346091,-0.00142091133123046,-0.00540546142227871,0,-0.0050724696077018,0.00168756579076934,-0.000882920445729241,-0.000328520407778754,-0.00631385049827138,-0.00140862592731406,-0.000350476946092471,-0.0001722235366719,0,-0.00935296395937524,-0.00688358419532875,0.000358604794175932,0.000325227743155132,-0.000677936520300904,-0.0051181530045632,-0.00230395278998774,-0.0036168872007023,-0.00295604837607666,-0.0093770592304625,-0.00100192448547887,-0.00453137404576243,-0.00532609302030629,-0.00629316717866679,0.00102600035599743,-0.000492658750593122,-0.000213742134030248,-0.016650051158857,-0.00451364784871533,0.000308166681449507,-0.00270793688830384,-9.07426605838424e-05,-0.00197674635405054,-0.00567021684127011,-0.00316786967415261,-0.00460959845277387,-0.00679638792756343,0.000900772651916348,-0.000621143454309525,-0.00131492907543507,-0.00164962043102435,-0.00366774590649488,-0.0021809942748714,-0.00316786967415261,3.82506262077698e-05,-0.00732595454159046,-0.000535023486459174,-4.96638090217161e-05,-0.00420903894336089,-0.000813951879044872,0.000900772651916348,-0.009843101751561,-0.0120943500199959,-0.0087265598898667,-0.00302432702315425,-0.00787409851038401,0.000441835347189112,-0.00551715863029401,-0.00151692496874212,-7.77846555273243e-05,-0.000837903524300465,-9.79550021042996e-05,-0.000810955859678941,0.00037493148155221,-0.000557310222216501,-0.00646268209246825,-0.00129543555049327,-0.00215886462777171,-0.00284308268102862,-0.0100859228576939,0.000391023822541747,-0.0001722235366719,-0.00251177043504658,-0.00180639657220194,-0.00416217637268801,7.25221373567564e-05,9.47913700111158e-05,-0.00424952530004052,-0.00573884142135661,-0.000162902855328717,-0.000213742134030248,-0.00339085177375331,-0.00283145262539541,-0.00169457620926039,-0.0001722235366719,-0.00461715794943274,-0.00221557218216528,-0.00194750382301923,-0.00351878787450133,-0.00285897465276364,-0.0001722235366719,-0.000511321589029556,-0.00491463476751353,-0.00435140256438427,0.0003512614662462,-3.83255330973498e-05,-0.00287447491507375,-0.000181239293185698,-0.000633496381528431,-0.00481682976893794,-0.00483609244361372,-0.00585508028667903,-0.00307553845785069,-0.00144741152459016,0.000604461100669695,-0.000161451829288062,-0.00218430087292809,-0.0027852646241433,-0.00796075319573131,-0.00585508028667903,-0.00106817093917755,-0.00457707779595484,-0.00795275115164706,-0.00424952530004052,-6.35258632328828e-05,-0.00307553845785069,0.000888435914759178
"12:32567858:G:A",-0.00272823490040386,-0.00171615078201537,-0.00259095637052686,-0.00234351496274821,-0.00171615078201537,0.00121386828656078,-9.38153907448225e-07,-0.00193879645805506,-0.00373710383249293,0.000775595093193804,-0.00678235918124281,-0.00239151455826914,0.429945224864241,0.000136608511617453,-0.00171615078201537,-0.00132693777978599,-0.00269094565660577,-0.00351021161682352,-0.00192449231497083,-0.000342628673478007,-0.00153902308533649,-0.00166749303918934,-0.000318058581414871,0.00067824255288329,-0.00416807812144171,-0.00351021161682352,-0.00414348705410639,-0.00526714947736551,-0.00476327211254546,-0.00548956436360282,0.000185692957205497,-4.86449910148679e-05,-0.00137529328303287,-0.00557855116041939,0,-0.00825856685931381,-0.00492209758398499,-0.00301290219123995,-0.00192449231497083,-0.00966946474116037,-0.00521593587662705,-3.21510107230694e-05,-0.00123001775498643,0,-0.0034692033892938,-0.00821941495105438,2.18888102239134e-05,-0.000900282650476925,-0.00276321590644368,-0.0109357686828027,-0.00176544544647239,-0.0144711657295264,-0.000934621372654654,-0.00343697893191264,-0.00697482503016467,-0.00324023841941568,-0.00344906522573085,-0.00693247655281315,-0.000366339298397911,-0.00230756906534912,-0.00726722088704523,-0.0014785044045893,-0.000138743365783789,-0.00171920386554891,-0.0060739452098435,-0.00787904859913757,-0.00182251555098034,-0.00806969602835927,-0.00127665978766434,-0.000897539496375277,-0.00683373000843179,-3.08909862658524e-05,-0.00219156004138865,-0.00019631291244071,-0.00355709467796483,-0.0032588590395628,-0.00162126096824222,-0.00127665978766434,3.45948084721215e-05,-0.00738604620680672,-0.00247117504504146,-0.00792126572375595,-0.00131254508051759,-0.000162892741969678,-3.08909862658524e-05,-0.00523704919298185,-0.0136403159387406,-0.00674589613385024,-0.00021640256441291,-0.0036881916398146,-0.00435598270187665,-0.0050526389950849,-0.00333503865102358,-0.0082550729165618,-0.00466687386516007,-0.00220001679937809,-0.00410113660563161,-0.00151250545582293,-0.000294960011580692,-0.00271650009717828,-0.00110712367168286,-0.000205417567379129,-0.00452102093252105,-0.00293944499079535,0.00014779434650869,-0.00135701812964673,-0.0011646756500312,-0.00790633993316714,-0.00202306840621258,-0.000678511691801109,-2.05424535142384e-05,-0.00676747752879692,-0.00419321019447372,-0.000741609906522278,0.000144424198710524,-0.0011646756500312,-0.000277919594701359,-0.0008132480721188,-0.00135701812964673,0.000408387493824769,-0.00222303906874544,-0.00173698733911642,-0.00683695969581466,-0.0033037504813942,-0.00135701812964673,-0.00606836553804069,0.000105955491671139,-0.000925672891431528,-0.00270263814292848,-0.00209342520833555,-0.000252109942610268,-0.000314471418584983,-0.00481149294153349,-0.00445526862441881,-0.00356446318864467,-0.000838097865186072,-0.000261150905051188,-0.00022797655042206,-0.00405770808585437,-0.0012950698853964,-0.00285003810110052,-0.0018028715516909,-0.00183968188812411,-0.000838097865186072,-0.00117523683234566,-0.0017430167928465,-0.00699545441212734,-0.00676747752879692,-0.0026043659550341,-0.000261150905051188,-0.00170590152870087
"12:32568278:A:G",-0.00218167889959275,2.33753456129193e-05,-2.13339894648001e-05,-0.00224515807977177,2.33753456129193e-05,9.63591960738697e-05,-0.000121354903820148,5.06409314580125e-05,7.05732136170312e-05,-0.000438731012497584,-0.00129287787606369,-0.00232073405470334,0.000136608511617453,0.157752680171139,2.33753456129193e-05,3.5878259107669e-05,-1.25886104234141e-05,-0.00104786638812193,4.50599635222204e-05,5.81110692596809e-05,-5.50563173922214e-05,-0.00464266150882331,-0.00354554797304463,-0.00311996307549034,-0.00131842597065646,-0.00104786638812193,-0.000187859744885444,-0.000973567853830737,-0.00339952733398974,-0.000179123928447211,-0.000118094395781476,-0.00350164247781226,-0.00415211007792315,-0.00284274617336155,0,-0.00356679162948659,-0.00236636962000514,-0.0006799291577817,4.50599635222204e-05,-0.00429513398394121,-0.00382068229456678,4.69005421033231e-05,2.33753456129193e-05,0,-0.00279883556787563,-0.00389873145459507,-0.000446428609943261,-5.64139303884659e-05,-0.00314586456202459,-0.00158446401121992,-0.00286833714137646,-0.00126692961046082,5.25413771201855e-05,-0.00584769770098248,-3.51275126790895e-05,-0.00153509200797419,-0.000371639382214184,-0.00213125719741303,-0.00017073609565621,-0.00214340083714237,-0.00133380046555764,-0.000314082729288678,7.25658671054674e-05,-0.0101936191794465,3.22088654485242e-05,-0.000232728918998504,7.4579933646568e-05,-0.0010951084967914,6.50084938680351e-06,-9.80694469037147e-05,-0.00014657236503357,-0.000148285878314169,-0.000202845020769615,-0.00176883455155252,-0.000205948459303329,-0.000637472153903751,0.000191042437013955,6.50084938680351e-06,-1.25886104234141e-05,-0.0011626481231426,7.05732136170312e-05,-0.000211649644637824,-0.00350164247781226,-2.02658133652278e-05,-0.000148285878314169,-0.00387441762298923,-0.00274755072810873,-0.000494418694682253,-0.0012426147116571,-6.62748603392771e-05,-7.67748250760647e-05,9.37294768998953e-05,0.000164172764343995,-0.000420299411149294,-0.000237209278860284,-0.00847343375225318,-0.00154707674525945,-6.03981377258478e-05,-0.00175610362658229,-0.00035219407235676,9.86662086441825e-05,-3.65765168774956e-05,-0.012699001865057,-0.000185375889070194,-6.16974604792375e-05,2.33753456129193e-05,-0.0015361557205722,-5.77566093182824e-05,-0.00318881926640646,0.000295150183252879,-1.724452661378e-05,-5.77566093182824e-05,0.000191403806925727,-8.15162069596198e-05,2.68520252788562e-05,-0.0015361557205722,8.17015595711013e-06,0.000122896580636578,2.33753456129193e-05,-0.00219988916563185,5.25413771201855e-05,-5.64139303884659e-05,0.00011160603312188,-4.36671982955161e-05,2.33753456129193e-05,6.86016358910635e-05,-3.65765168774956e-05,-0.000981450961321961,0.000183196059664326,3.21571201933324e-06,0.000161692263343838,5.75943288874115e-05,7.86736910578512e-05,-0.000493044356412398,-0.00314936002323396,-1.1002487908307e-05,-0.00212178525673856,-9.39881963457623e-06,-0.000101074350635777,-0.0011238963323299,-0.000401395217679124,-0.00134351404742095,-0.000585543584262105,-1.1002487908307e-05,7.05732136170312e-05,9.15062665773902e-05,-3.21812803498744e-05,-5.77566093182824e-05,-3.51275126790895e-05,-0.00212178525673856,-0.00193473860732052
"12:32570002:G:A",-0.00661899286104894,0.000601974998783561,-0.0015992009215795,-0.00654924553462166,0.000601974998783561,-0.00169550700385379,4.53927557364509e-05,-2.22995075365162e-05,-3.10912649359452e-05,0.000153115397723447,-0.00144922531711789,-0.00645547904082555,-0.00171615078201537,2.33753456129193e-05,0.146725137139355,-1.62030124881696e-05,4.75048086023833e-06,-0.00670975699373066,-1.95546078778364e-05,-3.0252463111502e-05,2.20877740915171e-05,0.000133640044281513,3.47113728604853e-06,-4.86002815467401e-05,-0.00155812977755687,-0.00670975699373066,6.72885669610324e-05,0.000161651635903759,-6.0979247868076e-05,-0.00147165398052707,4.64605756116399e-05,-1.71191437878804e-05,0.000479957689619503,-0.00541784642790866,0,-0.0018091087522718,-0.00655722559291405,7.93314170675075e-05,-1.95546078778364e-05,-6.33363629880535e-05,-0.000126777112475551,-2.04584590468571e-05,-1.00978452888256e-05,0,-0.00350385086384009,0.000397102280722095,2.40075632964576e-05,2.27354625454979e-05,-4.06626362678963e-05,-0.000805345885381392,-3.61811317297622e-05,-0.00213877435034693,-2.32371161770217e-05,-0.00526268874401392,1.41281955743366e-05,-9.48364438357885e-05,-0.0014582250075712,-0.00149992726767145,6.70001708060752e-05,-0.000674421121637181,-1.17892195010683e-05,-0.004529957600381,-3.20840449958837e-05,2.20877740915171e-05,-1.44047399377456e-05,-0.00116577601268553,-3.30891872506456e-05,-0.00147412158801608,-0.00145478962839984,0.000201826473611888,5.78481586916979e-05,5.86857818287712e-05,-2.38701457666579e-05,-2.51475689490022e-05,-0.00103274938801334,4.79646493118935e-05,-8.8699997054853e-05,-0.00145478962839984,4.75048086023833e-06,-0.00133397681380032,-3.10912649359452e-05,-0.00113241992264967,-1.71191437878804e-05,-0.0034987303905174,5.86857818287712e-05,-0.00388997604719687,-6.0323042946564e-05,0.000137159636070194,1.63949465203928e-06,2.56992843032933e-05,3.07311851397429e-05,-0.00586389407245047,-7.52220531134995e-05,-3.13468242207904e-06,9.00043806488782e-05,-3.94228513034278e-06,-5.10611051236509e-05,2.46322522814424e-05,-0.00094389864358746,0.000102108723925021,-4.41685010814652e-05,1.48205897207987e-05,-0.00104180451512725,-0.00182843350198514,2.5249546020234e-05,-0.00652898253121403,-0.00355330350959981,2.33753456129193e-05,-7.27380374332398e-06,-0.000143284624179785,6.98580913827129e-06,2.33753456129193e-05,0.00047800434321843,-0.005108195890422,-1.17892195010683e-05,6.55074786894971e-05,-3.94228513034278e-06,-5.55481765536214e-05,-0.00652898253121403,-0.000130803299727589,-0.000995892839618762,2.27354625454979e-05,-0.000994422802389927,-2.47526972696477e-06,-0.00652898253121403,-3.01106211608726e-05,1.48205897207987e-05,0.000123965180538477,-8.44831442234906e-05,-0.00894022137230266,-7.39123564814648e-05,-2.6957897259372e-05,-3.5137490288939e-05,-0.00528255942457356,-8.13291309587072e-06,3.98706449278308e-06,7.43333380670563e-05,3.21421246596287e-06,4.0434221880048e-05,1.05363070046494e-05,-0.00133832700515946,-0.00138266449121005,-3.47945296361729e-05,3.98706449278308e-06,-3.10912649359452e-05,-4.16044141582361e-05,1.27179012840983e-05,2.33753456129193e-05,1.41281955743366e-05,7.43333380670563e-05,-0.000192198928693266
"12:32573285:C:T",-0.00131275180259216,-1.62030124881696e-05,-9.38858621957195e-06,-0.00132429051883243,-1.62030124881696e-05,-0.00141471264540671,-0.00230688666754464,-3.63320399703326e-05,-5.10618376754479e-05,-3.08979344101346e-05,-0.000175712013459339,-0.00135699301345227,-0.00132693777978599,3.5878259107669e-05,-1.62030124881696e-05,0.187135325404471,7.33582112388831e-06,-0.00124151995557842,-3.16847969470402e-05,-0.00268280616194705,3.3906339469425e-05,-5.63335755021654e-06,-0.00191001412417169,-0.00171862988134386,-0.00903038686695101,-0.00124151995557842,-0.00469877303607902,-0.00129853318280304,-0.00159794743146069,-2.33957453836808e-05,-0.00355289037070872,-2.79153017981315e-05,-0.00177046235515732,-0.000414134912109176,0,0.000130242348044263,-0.00120660616105539,7.36023325469404e-05,-3.16847969470402e-05,-0.00267104671716734,-0.00146279111506331,-3.32116546175598e-05,-1.62030124881696e-05,0,-0.000202881535603439,-0.00314812733376257,-0.00391056651704957,3.4899243738451e-05,-0.00533882868543145,-0.00253892187622906,-5.99133815892827e-05,-0.000860914908295207,-3.79265100649562e-05,-0.000515452460553512,2.18719624323072e-05,-0.00153236157595504,-3.95643135977508e-05,-0.000434989685277998,9.73024702171088e-05,-0.000220108586274748,-0.00010360210676108,-0.0015469847657652,-5.27802521439469e-05,3.3906339469425e-05,-0.00363849296228214,-0.00162101759158784,-5.45240603742059e-05,-0.000416789706795484,-0.00253675140560627,-0.00019996363060848,8.50542700279178e-05,8.62138851234207e-05,-4.46502603024257e-05,-0.00547686995173891,-0.00151852899676275,-0.000283887833909979,-0.00101834407717138,-0.00253675140560627,7.33582112388831e-06,-0.000555481482187759,-5.10618376754479e-05,-0.00159931229145194,-0.00260936725200889,1.31985138196455e-05,8.62138851234207e-05,-4.72185687412363e-05,-0.00351553653353065,-0.00170959578192509,2.33488015677352e-06,3.91159592902923e-05,-0.00161404103502782,-0.00325591577340756,-0.000938832322161964,-9.66968776783261e-06,-0.000188923027260479,-6.40312877475679e-06,-0.00154091915555377,3.77957443458143e-05,-0.00286718322802759,-0.00394683605675805,-0.00339978230680149,2.29542955212381e-05,-0.00279099131575133,-0.000880528448172768,3.87347564254625e-05,-1.62030124881696e-05,-0.0039121142489309,3.5878259107669e-05,-1.1866346958378e-05,-0.000261120488167066,1.09027686105989e-05,3.5878259107669e-05,-0.00286751682283715,-0.000688612302904623,-0.00370044652835766,-0.0039121142489309,-6.40312877475679e-06,-9.36639407038697e-05,-1.62030124881696e-05,-0.0011282962862218,-0.00307520444182874,3.4899243738451e-05,-0.00311169023470903,-0.00228863043668515,-1.62030124881696e-05,-4.93682861186784e-05,2.29542955212381e-05,-0.000221809372468407,-0.000146269104681629,-2.50717378147414e-06,-0.000126717966803191,-0.00023684976864935,-0.00308447678593105,-0.00471274676991928,-0.00242350537699654,6.11257052351988e-06,-0.00467016180039703,-0.0022289147631751,6.08043497907218e-05,-2.06088594731924e-05,-0.00992363008919739,-2.06925591959006e-05,-0.00381986294622383,6.11257052351988e-06,-5.10618376754479e-05,-0.00495769044225547,-0.00228590886166202,3.5878259107669e-05,-0.0016686717105685,-0.00467016180039703,-0.000364277958757597
"12:32577511:T:C",-0.00208848807684792,4.75048086023833e-06,-4.11307796444049e-06,-0.00195405105528224,4.75048086023833e-06,-0.00273527329534495,-0.00157227112822955,9.99361693398981e-06,1.35163238939029e-05,-0.00725754310668236,-0.00243198734567507,-0.00173619557897009,-0.00269094565660577,-1.25886104234141e-05,4.75048086023833e-06,7.33582112388831e-06,0.191967432202422,-0.000188331971016531,8.89737239795352e-06,-0.00191209886723875,-1.18990821107445e-05,-0.00697663030777917,-2.17474789465655e-06,-2.20114116622483e-06,-9.03225133690455e-05,-0.000188331971016531,-0.00353010668882359,-0.000202305415445636,-1.09406089938702e-05,-0.00382452900826635,-2.71686455803888e-05,-0.00216111555983822,-1.97528811147762e-05,-0.00867284051499784,0,-0.00185693522664376,-0.00149839920683181,-0.00583599860558159,8.89737239795352e-06,-0.00138939780230274,-3.89875781214855e-05,9.26087733343905e-06,4.75048086023833e-06,0,-0.0018997015283162,-0.000450715750552,-1.29291249972852e-05,-1.22452725630495e-05,1.65667521283552e-05,2.01475971994824e-05,1.53524179760112e-05,-0.00107157975639449,-0.00261462673003354,-0.00588649421522813,-7.41690773242709e-06,-0.00377318525842973,-9.79286487119424e-05,-0.0114525992179146,-4.15466255914154e-05,3.57634097047921e-05,5.47820117802189e-06,-0.00346844666347845,1.38805086100646e-05,-1.18990821107445e-05,-0.00298069866930462,2.10765365782351e-06,1.42462328813764e-05,-0.0106965492901505,1.44049686667813e-06,-4.42113074239359e-05,-0.00798323647886878,-3.54098798300839e-05,-0.00205914755333136,1.11069283414977e-05,-0.0025799778082618,-0.00115021419108707,3.03860705770376e-05,1.44049686667813e-06,-2.4940656082606e-06,-0.0113308232735756,1.35163238939029e-05,-1.39037434010447e-07,7.71391961684742e-06,-4.28001780239384e-06,-3.54098798300839e-05,-6.19891091426794e-05,-0.000223393258508509,3.71297274250892e-05,-1.01808925379032e-06,-1.42347806439957e-05,-1.70123699323455e-05,-9.9640796586975e-05,2.73456627315483e-05,1.44049686667813e-06,-0.000511505335652807,1.80664789262153e-06,-2.34956007902909e-05,-1.32668453804996e-05,2.64539195224955e-05,-0.00145114485280562,1.82196868649953e-05,-7.76990024853319e-06,-0.00125014131991819,-0.00775930469073671,-1.36018004441851e-05,4.75048086023833e-06,-4.0564902550777e-05,-0.00119341181831878,-0.00232736600078365,-0.000409831176332531,-3.57338067225044e-06,-1.25886104234141e-05,-0.00260677438766699,-0.00269019259142933,5.47820117802189e-06,-4.0564902550777e-05,-0.0024047539775065,-0.00292744026138081,4.75048086023833e-06,-0.00139589600790124,1.03628364582775e-05,-1.22452725630495e-05,-0.00251713975987577,8.87691096629339e-07,4.75048086023833e-06,1.31536987799663e-05,-7.76990024853319e-06,-0.000272421344144291,-0.00042388241145197,7.15449544053115e-07,-0.00364571926491575,-0.00218386989618757,1.49822117956333e-05,-0.00186598527639514,-0.00231762790683643,-0.00180875643016254,-4.73181747873141e-05,-1.76140565955052e-06,-2.3038723662161e-05,-0.00265468377778344,-0.00613194819176055,-0.0022866464033271,-0.00384844177544341,-0.00180875643016254,1.35163238939029e-05,1.72244752452144e-05,-6.70263166657747e-06,-1.25886104234141e-05,-0.00150659868976,-4.73181747873141e-05,-0.000876922261030089
"12:32578652:T:G",0.00771072385163585,-0.00670975699373066,-0.00429148739433227,0.00698967447073784,-0.00670975699373066,-0.00335579467264813,-8.5440670564374e-05,-0.00099018000553297,-0.000820230937699229,-0.000304481156304881,-0.00090384929781262,0.00594982353695617,-0.00351021161682352,-0.00104786638812193,-0.00670975699373066,-0.00124151995557842,-0.000188331971016531,0.321867151804785,-0.000356211853817179,-0.000779450017537542,0.000330477206394342,-0.000441024602540807,-0.00634593165866981,-0.00067190549560614,-0.000546287444722626,0.0092680055665646,-0.000809489153693832,0.000676319003404036,-0.000831960164989987,-0.00247347949781274,-0.00132920315793239,-0.00801939335274415,-0.001169419017784,-0.00610210413392842,0,-0.00559497965368827,0.000950924425393573,-0.000522503957533615,-0.000356211853817179,-0.0086749340460095,-0.00132261909856179,-0.000380502069680766,-0.000187294942186611,0,-0.00842838956369629,-0.00596836232489872,0.000387575405533802,0.000349781256309356,-0.000589586049652979,-0.00325556021367124,-0.00130821126317127,-0.00510371498591278,-0.000741692632482582,-0.00530162031979753,-0.000138012874558946,-0.00104720408701731,-0.00575812069957715,-0.00288597242490196,0.0011206613675796,-0.000281447132800317,-0.000233427003749398,-0.0122260901654432,-0.000970997974249599,0.000330477206394342,-0.00267864934516648,-0.00131700884173647,-0.00173262255485174,-0.00270765766110159,-0.00341645367237398,-0.00553960842395185,-0.00117535575769523,0.000982549717793546,-0.00147586151502477,-0.00121015197399643,-0.00099114965023972,-0.00156609067271773,-0.00200588201986118,-0.00341645367237398,3.78011449484461e-05,-0.00363377956965838,-0.000579867238569953,-0.00123329296553365,-0.0051673338865541,-0.0010428510075462,0.000982549717793546,-0.0105107383063086,-0.00753005724543199,-0.00758698099555888,-0.00273806383914987,-0.00864403463718943,0.000475984040001265,-0.00611492958159765,-0.0014712669445931,-8.68466875552087e-05,-0.00314963519179301,-0.000109337295468137,-0.00452163159508068,0.00040607682081184,-0.000298447349418751,-0.00553522100188486,-0.000842875753861883,-0.00238363982134349,-0.00661252065430507,-0.00703835612580228,0.000424321747531486,-0.000187294942186611,-0.00350892610376441,0.000368812076851022,-0.00656755393423403,0.000224493134917125,0.000101168512403937,-0.00104786638812193,-0.00479144132143539,-0.000150669507259948,-0.000233427003749398,-0.00420860308651338,-0.00252335855857133,-0.000241042209208508,-0.000187294942186611,-0.00404877496454592,-0.00107945847132918,-0.0021633510596315,-0.00449305582467652,-0.0025845286607078,-0.000187294942186611,-0.000553776888203572,-0.00539956407258035,-0.00876365652178102,0.000101283843031652,-4.28132546037574e-05,-0.000544213684366746,-0.000271978786939187,-0.000688106952738465,-0.00684211630877218,-0.00560345218331815,1.60680417131687e-05,-0.00405828190605551,-0.00130497559174003,0.000655084526485439,-0.00168702549804323,-0.00163752036539444,-0.00252501159698149,-0.0073461511971411,1.60680417131687e-05,-0.00120041456338793,-0.00405518322984744,-0.00984482963578603,-0.00104786638812193,-0.00166233715786568,-0.00405828190605551,0.000704276534110093
"12:32579702:C:T",-0.000374904348813487,-1.95546078778364e-05,-0.00107270833119699,-0.000349334655751932,-1.95546078778364e-05,-0.000977446517799407,-0.00594610091118319,-4.32115395199162e-05,-6.00539304391745e-05,0.000300405263448766,-0.000897179225828104,-0.000328520407778754,-0.00192449231497083,4.50599635222204e-05,-1.95546078778364e-05,-3.16847969470402e-05,8.89737239795352e-06,-0.000356211853817179,0.147890484127044,-0.00647269303182973,4.24531527150052e-05,0.000261033202811234,5.64341468667351e-06,-9.45165803303283e-05,-0.00665964301680599,-0.000356211853816291,-0.00594875355724866,-0.00212373489801099,-0.000118225340842493,-0.0007405158162479,8.97321561748043e-05,-3.35036945084966e-05,6.6645803646459e-05,-7.30444526499952e-05,0,-0.000625981906753559,-0.000227867990059138,0.000151805169037011,-0.00635100425556789,-0.000865759987000558,-0.000243138237403961,-0.00540378874204617,-1.95546078778364e-05,0,-0.00019977555473627,-0.00576423581568086,4.63402151753556e-05,4.37643684652045e-05,-0.00325657208943841,-0.00129681844727969,-7.00847622265854e-05,-0.00233897935852045,-4.50668979885549e-05,-0.00215326957374984,2.70831327391363e-05,0.000729204470771627,-0.00633432855336036,-0.00377467555444522,0.000130400169672917,-0.000234536541363184,-2.29167140259889e-05,0.000224512645513819,-6.20112664693195e-05,4.24531527150052e-05,-2.81134743254086e-05,-0.00690425136338035,-6.39925698520116e-05,-0.00326225389841106,-6.25781156138316e-06,-0.00212932778190744,0.000112337211016111,0.000114081415310885,-0.000795786514204089,-4.88462246766019e-05,-0.00061842181934324,9.28362034464669e-05,-0.000170190773669532,-6.25781156138316e-06,8.89737239795352e-06,-0.00339005560295735,-6.00539304391745e-05,-0.0069795601100715,-3.35036945084966e-05,1.62784162611729e-05,0.000114081415310885,0.000170805155717879,-0.00240642078668873,-0.00221967068015694,2.66452802843986e-06,4.90020235215383e-05,5.92413570075223e-05,-0.000637715889653556,-0.000144497900878449,-6.25781156138316e-06,0.000175354064059441,-7.8693623493109e-06,-0.00684743085801998,4.76053942000121e-05,-0.00013980908146749,6.07882220204914e-06,-8.52767409087463e-05,2.84777748458254e-05,-0.000811533364584172,-0.00318969936611957,4.88557650371035e-05,-1.95546078778364e-05,0.000127261047205174,4.50599635222204e-05,-1.45144065939462e-05,0.00011881800192981,1.33784048106378e-05,4.50599635222204e-05,-0.00471159741109695,-0.0011694232940922,-2.29167140259889e-05,0.000127261047205174,-7.8693623493109e-06,-0.000107081768553563,-1.95546078778364e-05,-0.00780904387388137,-0.000497727921862534,4.37643684652045e-05,-0.00557887675554714,-5.57305915727113e-06,-1.95546078778364e-05,-0.0005807178981172,2.84777748458254e-05,-0.00549451430165782,-0.000162024628216351,-3.0918953148884e-06,-0.000141952766317566,-0.000805369855816807,-6.80288588466027e-05,-0.000870363838816779,-1.6227227409793e-05,7.36748835006296e-06,0.00014467451692024,5.81894965989704e-06,7.82434420667499e-05,-0.00616584334914894,-0.00112319574105513,-2.51204853638498e-05,-0.000916118099067553,7.36748835006296e-06,-6.00539304391745e-05,-8.07612837778748e-05,2.42431183865577e-05,4.50599635222204e-05,2.70831327391363e-05,0.00014467451692024,-0.000364678357939852
"12:32580348:G:T",-0.00028513586919221,-3.0252463111502e-05,-2.74293407809267e-06,-0.000277039428866033,-3.0252463111502e-05,-0.000489178650560973,-0.00275077468083396,-0.00148295291426237,-0.00119361467241763,-0.00159456289770521,-0.00446549086649339,-0.000311361824558709,-0.000342628673478007,5.81110692596809e-05,-3.0252463111502e-05,-0.00268280616194705,-0.00191209886723875,-0.000779450017537542,-0.00647269303182973,0.344412927685966,-0.000121616671464153,-0.00200750618270629,-1.47933317329318e-06,-0.000161966034134764,-0.000314581064310371,-0.000779450017537542,-0.00458349664683944,-0.000294868990652564,-8.94574267453763e-05,-0.00179347505313432,-0.00440711222827073,-5.43132378370004e-05,-9.07859377248244e-05,-0.000198897092066996,0,8.28595245541131e-05,-0.00704007234317228,-0.00365274457409814,-6.0999619192259e-05,-0.00267897165915532,-0.000268898297258957,-6.4295097746303e-05,7.30374457829086e-05,0,-0.00218563606489131,-0.00250652008512997,-0.00401870112411196,5.66385761944233e-05,-0.00189931152649336,-0.00663471910588909,-0.000278856604359667,-0.000446979880181608,-9.55643926321414e-05,-0.00825502656768862,-0.00310335532205741,-0.00457396690600831,-0.00359520147807268,-0.0134208707973786,7.46777189588599e-05,-0.00162249667902969,-0.000108593228913989,-0.0020519818704523,-0.000106321543083432,-0.00147046002495443,-0.00376768203882083,-0.00475652117038905,-6.69886667603592e-05,-0.0100870204920134,-2.55311853702977e-06,-0.00204027032587417,-0.00219979392484682,0.000115854427416906,-5.42619868282301e-05,-0.0010021587417679,-0.00311443788458821,-0.00134214960147006,-0.000373199492734955,-2.55311853702977e-06,1.24023188412536e-05,-0.00793322731084478,-0.00119361467241763,-0.00469138762402821,-0.00491969785614454,2.28098247978537e-05,0.000115854427416906,-0.0123081347529452,-0.0133101230908332,-0.0088297611995527,3.19174651153276e-06,-4.50088738341847e-05,-0.000598493568889857,-0.000268978161218847,-0.000928843024396997,-2.55311853702977e-06,-0.00487820641342473,-0.00222798471106067,2.11110465420106e-05,6.09565303673065e-05,-0.00700841385324757,-0.00924702270869204,-0.000614015740762142,3.84747056410006e-05,-0.000376615566311411,-0.00355823213159123,-3.47627553631824e-05,-3.0252463111502e-05,-0.00406948398116835,-0.00125632620953819,-0.0021701143680728,-0.00461841540980945,-0.0039545727786825,5.81110692596809e-05,-0.00238364401452618,-0.00067917446749366,-0.00693388758712121,-0.00406948398116835,-1.21985413850112e-05,-0.00034966594303576,-3.0252463111502e-05,-2.87126109110858e-06,-0.00610855810875588,-0.000204727587518327,-0.00285117081277564,-0.000354792915138624,-3.0252463111502e-05,-0.00382323973575538,-0.00149724148377395,1.55363692959654e-05,-0.00195511003577309,-4.71985258432284e-06,9.33139836138963e-05,-4.13967556909256e-05,-0.00528851608224024,-0.0105264618598011,-0.00451396161092532,1.0177609173212e-05,-0.00587928797161652,-0.00437464431520773,-0.000927742657157893,-0.000168080694713524,-0.00664717229576128,-0.00727983907963559,-0.00944896422202479,1.0177609173212e-05,-0.00119361467241763,-0.0092194568360906,-0.00222180548154594,5.81110692596809e-05,-0.00231908969674599,-0.00587928797161652,-0.000117348804184125
"12:32580449:G:A",0.000343439801381074,2.20877740915171e-05,-2.0148866176406e-05,0.000324393869470363,2.20877740915171e-05,-0.00143413597854192,-0.00424473765952804,4.7703035468416e-05,6.62832597573271e-05,-0.000827797855117218,-0.00149872282569508,0.000308166681449507,-0.00153902308533649,-5.50563173922214e-05,2.20877740915171e-05,3.3906339469425e-05,-1.18990821107445e-05,0.000330477206394342,4.24531527150052e-05,-0.000121616671464153,0.117822445031655,-0.000720900248435186,-0.000198573990231488,-0.00113935173247537,-0.000564257963772796,0.000330477206394342,0.000186734687524392,-0.00100017845953815,-0.00144937480897323,-0.00185384543339229,-0.000113353467041222,3.56664903371495e-05,-8.53733326326989e-05,-0.000118722799043347,0,-0.00171448522486362,0.000227942377142298,-9.09256960301974e-05,4.24531527150052e-05,-0.00258845686125575,-0.0019386063104081,4.41853060593189e-05,2.20877740915171e-05,0,0.000199691036310234,-0.000917031412753566,-5.63383461535949e-05,-5.37604202204278e-05,-0.00159802052954205,0.000226521870014373,7.57895925724839e-05,-0.000633723720047108,4.94891537092812e-05,-0.00583675333516442,-3.33777968668514e-05,-1.98626550078629e-05,-0.00311863274094648,-0.00138459721516249,-0.000164878798638135,-0.00237713719310317,2.53775089626984e-05,-0.000307705228288491,6.81457997764312e-05,-5.24504298091699e-05,3.0441262921066e-05,1.33488678955018e-06,-0.00240081151224292,-0.00113291652824454,6.18504468796743e-06,-0.00497247105057763,-0.000141170442988781,-0.000142855346035198,-0.00162513802179554,5.31172933504465e-05,0.00030177926821473,-0.000842718195678493,-0.00267190845056753,6.18504468796743e-06,-1.18990821107445e-05,-0.00166944656630008,-0.00297828863866645,1.96077615637336e-05,3.56664903371495e-05,-1.92387352653256e-05,-0.000142855346035198,-0.000243845449819702,-0.000142290311219817,-0.00488922028884708,-5.74065339087326e-06,-6.3173491463786e-05,-0.00399516948711298,8.78696248785005e-05,-0.0028847768133744,6.18504468796743e-06,-0.000838524640397686,7.77187264944246e-06,-0.00176531471128971,-5.76067266058189e-05,-0.00197845385862738,-0.000991656478978697,-0.00242623859963231,-3.4769546203961e-05,-0.0020686230289213,0.000265369605423338,-5.8861674260946e-05,2.20877740915171e-05,-0.000161941454012826,-5.50563173922214e-05,1.4289180221283e-05,0.000267883067595065,-1.63489267341888e-05,-5.50563173922214e-05,-0.00355642943659351,-0.00325465792155022,2.53775089626984e-05,-0.000161941454012826,7.77187264944246e-06,-0.00198627027070231,2.20877740915171e-05,-0.000191863617074794,4.94891537092812e-05,-5.37604202204278e-05,-0.00369303732095894,-0.00290590988529349,2.20877740915171e-05,6.44395097708639e-05,-3.4769546203961e-05,-0.000669277581703653,0.000169323161498092,3.06056601839799e-06,-0.00161522893568655,-0.00264516402775339,7.38490121836577e-05,-0.00186611142018833,1.59623615481053e-05,-1.03841247405256e-05,-0.00018550031226372,-0.00307640388467956,-0.0033614611193391,-2.61897591249394e-05,-0.00416539954127249,2.46057497044205e-05,-0.00206896833996595,-1.03841247405256e-05,-0.00194627869532749,-0.00196967381389701,-3.05491772314426e-05,-5.50563173922214e-05,-3.33777968668514e-05,-0.00018550031226372,-0.00139617098157885
"12:32581892:A:T",-0.00248531368291527,0.000133640044281513,-0.00572956383576528,-0.00171792257203141,0.000133640044281513,-0.00187503395554023,-0.00100736654348221,0.000280438910007064,-0.00246423978356169,0.00327885692180097,-0.0124710716552183,-0.0018739017704501,-0.00166749303918934,-0.00464266150882331,0.000133640044281513,-5.63335755021654e-06,-0.00697663030777917,-0.000441024602540807,0.000261033202811234,-0.00200750618270629,-0.000720900248435186,0.4380277527744,-0.0005515730757093,0.000339782359406016,-8.44858676019022e-05,-0.000441024602540807,-0.00221464204466093,-0.0013609803196446,-0.00104768851226211,-0.000249794827503536,-0.00120012578823125,-0.0032007269074521,-0.00580706502482897,-0.0125767099594123,0,-0.00472834691410684,0.000147615222751085,-0.00549303679216973,0.000261033202811234,-0.00106078212842498,-0.00245448068760368,-0.00178714912802036,-0.00149324553852814,0,-0.00166542189347929,-0.0115504719537953,-0.00535412328725648,0.000192455445200856,-0.000384938743481555,-0.00479298817125207,0.000190570473787233,-0.00594643079165769,0.000287056552522813,-0.00396185467712495,-0.00973061812290776,-0.00379770925881395,-0.00398028846012366,-0.00520784737558033,-0.000411047993427616,0.000496580850518846,0.000145032749443885,0.00113195585339732,-0.00409065054911206,-0.00217782732351512,-0.000337624931072256,-0.0129166000495271,6.55763797743347e-05,-0.0102936045345978,-0.00648565752211816,-0.00377917471828848,-0.00729299665631267,-0.000275635957424747,-0.00475977202338562,0.000300523267435793,-0.00215611182733477,-0.00199046683170145,-0.00217552641244634,-0.00648565752211816,-0.00328927653768218,-0.0079819526473548,-0.000517815495187257,-0.0134483124685163,-0.0119924212457994,-0.000125276757048098,-0.000275635957424747,-0.00379147406627034,-0.00719161007065905,-0.015704215473999,-3.850232719671e-05,-0.00665161992213559,-0.00373111381743385,-0.00335325088055427,-0.00228018860107504,1.97697342727565e-05,-0.00213540590374439,-0.00339397853546863,-0.00257739006185176,-0.000381738440010437,0.000566443097235414,-0.00907684717191559,-0.00265007240790549,-0.00105853192270722,-0.00274489527955923,-0.00594499717964636,-0.000384350478561224,0.000133640044281513,0.000564384668180651,-0.00354803996592423,-0.00925628092110653,0.000228506797779637,-0.000116938352429763,-0.00299138281212841,-0.00205379190531962,-0.00427490447067846,-0.00238602702764723,0.000564384668180651,-0.0102836199749419,-0.00547065085370235,0.000133640044281513,-0.000895210076941488,-0.00209384678557711,0.000192455445200856,-0.00424298741703888,-0.00175898950335984,0.000133640044281513,-0.0031803642614685,-0.00105853192270722,-0.000450456202437444,-0.000627007017822478,9.77360776843739e-06,-0.00676882673850798,-0.00553119831057192,-0.00441859429653846,-0.00136427195425748,-0.0128036986010427,-0.000576886116810726,0.000584425090010221,-0.00435206576331471,-0.00163322590380144,-3.91393849739075e-05,-0.006023058039756,-0.00342816582789318,-0.00191421060966901,-0.000576886116810726,-0.006070131656573,-0.00297830679179079,-0.00588648752526932,-0.00299138281212841,-0.000551539578842686,0.000584425090010221,-0.0023655247283596
"12:32584063:T:C",-0.00177998236916999,3.47113728604853e-06,-0.002291549785574,-0.00168482889247734,3.47113728604853e-06,-0.000383864314582372,-0.000154894126547234,-0.00280983471124063,6.89453610558388e-06,-0.000692217758441416,-3.42770500960654e-05,-0.00155632679767059,-0.000318058581414871,-0.00354554797304463,3.47113728604853e-06,-0.00191001412417169,-2.17474789465655e-06,-0.00634593165866981,5.64341468667351e-06,-1.47933317329318e-06,-0.000198573990231488,-0.0005515730757093,0.244680451567823,-0.00402539708328842,-0.00391864010828646,-0.00634593165866981,-0.000237842926017251,-0.00755695069288187,-0.00373118149547391,-0.00946641288658689,-3.31609804282706e-05,-0.00218383972316527,-0.00150717609161077,-0.000915518869548215,0,-0.00580837662793199,-0.00296988633823236,-2.58362833838177e-05,5.64341468667351e-06,-0.00642047112593236,-0.000877397330291352,5.79116422283477e-06,-0.00152587535991433,0,-3.60031163832986e-05,-0.00538093083555236,-1.34466322156968e-05,-1.26199740950739e-05,-0.00439244864163069,-0.00190486983552995,-0.00282260245954724,-0.00372453007717244,-0.00164376061082727,-0.00478818401509251,-0.00289372093224749,-0.000240454206414498,-0.00258217638747116,-0.00308204410391344,4.08851324174009e-06,-0.000412394058153076,3.9176907735694e-06,-3.68408955209176e-05,-0.00309694271009864,-0.00296838766919993,4.54831130358713e-06,-4.2068487325686e-05,6.95861867061609e-06,-0.00290116794721174,1.15568375491648e-06,-0.00304980677647571,-4.52809336879412e-05,5.91545064487775e-06,-0.00375890181767957,-0.0037187009307349,-0.000406139102913095,-0.00343154705913484,-8.41292799780291e-06,1.15568375491648e-06,-3.44627521879914e-05,-0.00405700944776166,-0.00125869639496834,-6.3501783890807e-05,-0.00218383972316527,-3.87122458977984e-06,5.91545064487775e-06,-0.00634115015398606,-0.00763661136770022,-0.000499437772190969,-0.00395836979865027,-1.51042812506219e-05,-0.00128399818663727,-2.10721141833403e-05,-1.73874600584156e-06,1.15568375491648e-06,-0.00356905158338705,-0.0021627968057949,-0.00473174147322641,-0.00312709104657749,-0.000341998657977349,-0.000554858538420966,-0.00490318263034872,-7.47791098021366e-06,-0.000399325031957165,-0.00014409178842012,-1.42700779779403e-05,3.47113728604853e-06,-0.000827402793420973,-1.30336739783132e-05,-0.00202242057938573,-0.00286764485306801,-3.18764613993494e-06,-1.30336739783132e-05,-0.000734667285776869,-0.0010138504351378,-7.95224724488008e-05,-0.000827402793420973,-0.00209355396888444,-0.000218058558066225,3.47113728604853e-06,-4.07012643242055e-05,-0.00164376061082727,-0.00156199357279707,-0.00147259806781896,-0.0100264136871555,3.47113728604853e-06,6.84769474279534e-06,-7.47791098021366e-06,-0.00277114457499206,-0.00333364339311615,5.83997945113879e-07,-0.000592154343058482,-0.000421612256864101,-0.00058412466780311,-0.000149780157657098,-0.00201430942192982,-2.53417192466188e-05,-0.000644339483311995,-0.0018416780071302,-0.000931449009061502,-0.00241318853949579,-0.00410281894902598,-0.00429645902603326,-5.17134172310918e-05,-2.53417192466188e-05,-0.00345343354319638,-0.00292073780839619,-6.33676836248043e-06,-1.30336739783132e-05,-0.00152401494914844,-0.000644339483311995,-1.96176330495845e-05
"12:32585577:A:G",-0.00124822135351899,-4.86002815467401e-05,-0.00202023282104768,-0.00127994821123956,-4.86002815467401e-05,0.000604338435941987,-0.00164033299660638,-0.000109635443100942,-0.00114095617344301,-0.00232228280577385,0.000134273604918356,-0.00136592267308977,0.00067824255288329,-0.00311996307549034,-4.86002815467401e-05,-0.00171862988134386,-2.20114116622483e-06,-0.00067190549560614,-9.45165803303283e-05,-0.000161966034134764,-0.00113935173247537,0.000339782359406016,-0.00402539708328842,0.197951230465486,-0.000670809835789488,-0.00067190549560614,-0.00046643347624542,0.000494574882805132,-0.00417339288612872,-0.00051704970795674,-0.00131894580156455,-0.00254122887714203,-0.00154266354925081,-0.00104803061484304,0,-0.00178246922371406,-0.00276306709920959,9.25420575947911e-05,-9.45165803303283e-05,-0.00338617670152797,-0.00555922896254746,-9.94816841268786e-05,-4.86002815467401e-05,0,-0.000487981612590893,-0.00276837816179487,0.000108504202788851,0.000101912951202543,-0.00282024916286261,0.000195395892492733,-9.57300187085508e-05,-0.00280479609496886,-0.00148713526099176,-0.00544526089716024,6.30904252707509e-05,0.000185556818128596,-0.00205330033568174,-0.00334607882594229,0.000291731256961469,-0.000656245170336689,-0.00158263120518232,-0.00243972904946155,-0.000158307925759438,-0.00258112039278302,-0.00168586188530728,-0.00592708466540337,-0.000333864027465047,-0.00288168914407327,-1.67677079874196e-05,-0.000606268934824961,-0.00151099365915286,0.000257903081020139,-0.00122020374801668,-0.000125449891718254,-0.00430232699946664,-0.00016862970253495,-0.000150959256741245,-1.67677079874196e-05,-2.20114116622483e-06,-0.00252294721593493,0.000874477219232617,-0.0059647375760612,-0.00254122887714203,3.90048909189034e-05,0.000257903081020139,3.45094350171493e-05,-0.00220748461962916,-0.00169929803263313,-0.00197115855013941,-0.000739737857001543,-0.00139323318148588,-0.000231157286712858,-9.9826180552931e-05,-0.00194987632073751,-4.41310769270231e-05,-0.00190856799913064,0.000843348179436987,-0.00669003388970335,-0.00303424912914885,-0.000161401113251358,0.000684637209358741,-0.00161505460881983,-0.000165134381970855,-0.000171265832706435,-0.000129638978489055,-0.00564566790011511,0.000284359272900936,0.000105232431326208,-0.00232928530879839,-0.00360128909638657,-0.00188121756660298,0.000105232431326208,-8.93696435224633e-05,-0.00142679469570606,-0.00158263120518232,0.000284359272900936,-2.11150975966135e-05,0.000543059631413101,-0.00564566790011511,0.000546401654881734,-0.00302456265682061,-0.000159079303626797,-5.66343983798845e-05,-0.00452344996599319,-0.00564566790011511,-0.000147271014513173,-0.00161505460881983,-0.00364396991081684,-0.00287324247226195,-0.0026824613857066,0.00078456478477662,-0.00102737516980866,-0.00148229652985421,-0.0012258892917929,-0.00232641662960376,2.57112980239782e-06,0.000320027403237333,-0.00209365628178926,-0.000406943330536258,-0.00253356996917198,-0.00531038445959053,-0.00233129709945068,-0.00370053607462584,2.57112980239782e-06,-0.000152748020744831,-0.00309362545162806,-0.00226752905171246,0.000105232431326208,-0.00171796435593308,0.000320027403237333,0.00043550618658017
"12:32586914:C:G",-0.000787318481362487,-0.00155812977755687,-0.00546709777345233,-0.00137466631144001,-0.00155812977755687,-0.00426681512244986,-0.00211712039481027,-0.00415259822235292,-0.000791758630707129,-0.0024071922597817,-0.00110556099156733,-0.0015547850181008,-0.00416807812144171,-0.00131842597065646,-0.00155812977755687,-0.00903038686695101,-9.03225133690455e-05,-0.000546287444722626,-0.00665964301680599,-0.000314581064310371,-0.000564257963772796,-8.44858676019022e-05,-0.00391864010828646,-0.000670809835789488,0.444112451037152,-0.000546287444722626,-0.00635989179405971,-0.00915581722028724,-0.00146641396671132,-0.00338757504432152,-0.00162028291745164,9.90795766138142e-05,-0.000307052290136056,-0.00227011008724798,0,-0.00714011601301401,0.000367683163216892,-0.00474732121992671,-0.00244762647070917,-0.00837869560151061,-0.00203221637645701,-0.000558848957042279,-0.000113667742793311,0,-0.000655700310760121,-0.0028614152424451,7.21971623880435e-05,-0.000180221908848921,-0.00340299034734493,-0.00472634736414124,-0.00167680483262567,-0.0132125074198326,-7.38477347042021e-05,-0.00833830610042252,-0.00765278336400765,-0.00320767745894157,-0.00369044134713947,-0.00435945679627636,0.000240254104125981,-0.00113845657699718,-0.00871648232218725,-0.00197559830922689,-0.0012111641551904,-0.00161903478324898,-0.00224214734917538,-0.00388857296043676,-0.00296548887369585,-0.00626607934832712,-0.00455654293911589,-0.00264191415800097,0.000250699749564376,0.000144891389028068,-0.000144424018512002,-0.00015583441625111,-0.00474064160996601,-0.00235702834664719,-0.000437046338419123,-0.00455654293911589,-0.00262790800296209,-0.00451242316485478,-0.00284230363738391,-0.0040452000583433,-0.00260306334110094,-0.000252361346054997,0.000144891389028068,-0.00524208552354333,-0.00425833244116358,-0.00174220776002931,-0.00127126722619231,-0.00132268607314989,-0.000140115968809695,-0.000961698235015795,-0.00173199725248363,-0.00835234124763229,-0.00365705503221658,-0.0027775357398081,-0.000394178351128982,-0.001488820714032,-0.000731144898987512,-0.00349183277106579,-0.00372159214873857,-0.000822897873148598,-0.00531030045796221,-0.00602226389772031,0.000232209612607726,-0.00124745184247477,-0.00522298159201817,-0.0103974752188778,-0.0044923954410323,-0.000546835491269881,-0.00275005577270004,-0.00283526593051953,-0.00696842789876007,-0.0010109267410261,-0.00198418816813106,-0.00522298159201817,-0.00486447077964947,-0.00629204140653483,-0.00124745184247477,-0.00190374408444693,-0.00104574474313424,2.26498857935908e-05,-0.00974871772345365,-0.00991868275215557,-0.00124745184247477,-0.005889600946694,-0.00198253915889968,-0.00178213955724305,-0.00240117057014944,-0.00211716510399818,-0.0039897969304854,-0.000213926860531455,-6.40348271452318e-05,-0.000277062383596149,-0.00445499560627027,-0.0039939606241024,-0.00267938667912659,-0.00595152556642375,-0.000173736816678982,-0.00496673989072383,-0.00989203285163409,-7.89424657421378e-05,-0.00146536353114168,-0.0039939606241024,-0.0019509272509719,-0.01217614697486,-0.00217969764018555,-0.00283526593051953,-0.00707861485443839,-0.00267938667912659,-0.000899338587248444
"12:32590522:A:G",0.00771072385163585,-0.00670975699373066,-0.00429148739433227,0.00698967447073784,-0.00670975699373066,-0.00335579467264813,-8.5440670564374e-05,-0.00099018000553297,-0.000820230937699229,-0.000304481156304881,-0.00090384929781262,0.00594982353695617,-0.00351021161682352,-0.00104786638812193,-0.00670975699373066,-0.00124151995557842,-0.000188331971016531,0.0092680055665646,-0.000356211853816291,-0.000779450017537542,0.000330477206394342,-0.000441024602540807,-0.00634593165866981,-0.00067190549560614,-0.000546287444722626,0.321867151804784,-0.000809489153693832,0.000676319003404036,-0.000831960164989987,-0.00247347949781274,-0.00132920315793239,-0.00801939335274415,-0.001169419017784,-0.00610210413392842,0,-0.00559497965368827,0.000950924425393573,-0.000522503957533615,-0.000356211853817179,-0.0086749340460095,-0.00132261909856179,-0.000380502069680766,-0.000187294942186611,0,-0.00842838956369629,-0.00596836232489872,0.000387575405533802,0.000349781256309356,-0.000589586049652979,-0.00325556021367124,-0.00130821126317127,-0.00510371498591278,-0.000741692632482582,-0.00530162031979753,-0.000138012874558946,-0.00104720408701731,-0.00575812069957715,-0.00288597242490196,0.0011206613675796,-0.000281447132800317,-0.000233427003749398,-0.0122260901654432,-0.000970997974249599,0.000330477206394342,-0.00267864934516648,-0.00131700884173647,-0.00173262255485174,-0.00270765766110159,-0.00341645367237398,-0.00553960842395185,-0.00117535575769523,0.000982549717793546,-0.00147586151502477,-0.00121015197399643,-0.00099114965023972,-0.00156609067271773,-0.00200588201986118,-0.00341645367237398,3.78011449484461e-05,-0.00363377956965838,-0.000579867238569953,-0.00123329296553365,-0.0051673338865541,-0.0010428510075462,0.000982549717793546,-0.0105107383063086,-0.00753005724543199,-0.00758698099555888,-0.00273806383914987,-0.00864403463718943,0.000475984040001265,-0.00611492958159765,-0.0014712669445931,-8.68466875552087e-05,-0.00314963519179301,-0.000109337295468137,-0.00452163159508068,0.00040607682081184,-0.000298447349418751,-0.00553522100188486,-0.000842875753861883,-0.00238363982134349,-0.00661252065430507,-0.00703835612580228,0.000424321747531486,-0.000187294942186611,-0.00350892610376441,0.000368812076851022,-0.00656755393423403,0.000224493134917125,0.000101168512403937,-0.00104786638812193,-0.00479144132143539,-0.000150669507259948,-0.000233427003749398,-0.00420860308651338,-0.00252335855857133,-0.000241042209208508,-0.000187294942186611,-0.00404877496454592,-0.00107945847132918,-0.0021633510596315,-0.00449305582467652,-0.0025845286607078,-0.000187294942186611,-0.000553776888203572,-0.00539956407258035,-0.00876365652178102,0.000101283843031652,-4.28132546037574e-05,-0.000544213684366746,-0.000271978786939187,-0.000688106952738465,-0.00684211630877218,-0.00560345218331815,1.60680417131687e-05,-0.00405828190605551,-0.00130497559174003,0.000655084526485439,-0.00168702549804323,-0.00163752036539444,-0.00252501159698149,-0.0073461511971411,1.60680417131687e-05,-0.00120041456338793,-0.00405518322984744,-0.00984482963578603,-0.00104786638812193,-0.00166233715786568,-0.00405828190605551,0.000704276534110093
"12:32596661:A:G",0.000331930346156639,6.72885669610324e-05,-4.89963767158486e-05,0.000300511620889843,6.72885669610324e-05,-0.00399259055906986,-0.00248763882520908,-0.00164234489658543,-0.00126746200965488,-0.00175224019233022,-0.00874440795889875,0.000272060415560382,-0.00414348705410639,-0.000187859744885444,6.72885669610324e-05,-0.00469877303607902,-0.00353010668882359,-0.000809489153693832,-0.00594875355724866,-0.00458349664683944,0.000186734687524392,-0.00221464204466093,-0.000237842926017251,-0.00046643347624542,-0.00635989179405971,-0.000809489153693832,0.371394955344634,-0.000860049714478617,-0.000852171236966903,-0.00393358250436293,-0.00383997260515745,6.2100704759871e-05,-0.000480660916030828,0.000145147167842197,0,-0.00242189389998337,-0.00784466103847503,-0.00253554615958551,0.000127886615424622,-0.00325107802730962,-0.000191992887049963,0.000132201517674346,-0.000243261867025168,0,-0.00122350174131203,-0.00425656558336218,-0.00464135791377007,-0.000184744292978323,-0.001582992682577,-0.0071724678714209,-2.13145787917313e-05,-0.000362050698459182,-0.00191569929816193,-0.00249382014655719,-0.00315650867369044,-0.00427539699046253,-0.0035448605162931,-0.0188005435180156,-0.00029685503359822,-0.00128938638858944,-3.60501630263244e-05,-0.00130452863266406,0.000199092536072421,-0.00136441496186013,-0.000585701024196972,-0.00344201933449773,-0.00202266890494585,-0.0144540113660327,-1.56735541150255e-05,-0.000773176983768664,-0.00244022729983229,-0.000507565023667667,-0.000125514951470507,-0.00156472606092617,-0.00558464425195648,-0.00226911817309183,-0.00493462039484083,-1.56735541150255e-05,-4.39287693589918e-05,-0.0126257661597724,-0.000265228492284386,-0.00339081992096535,-0.00407311587637249,-6.23741884799855e-05,-0.000507565023667667,-0.0107588175659821,-0.00627156561072928,-0.00567513276287723,-2.84519434421426e-05,-0.000521779158814795,-0.00215690753820041,0.000126996999252782,-0.0034773484313213,-1.56735541150255e-05,-0.00604078231043736,-0.00185742396853517,-0.00019074500484173,-0.000193987374033533,-0.0050208515626009,-0.00231301051753041,-0.00177644027671597,-0.000117908286068058,-0.00173576009405352,-0.00362316473645885,4.55036753415072e-05,6.72885669610324e-05,-0.00519901370691489,-7.87465703337986e-05,-0.0017698740407539,-0.000738389441774068,-0.00444249235931071,-0.000187859744885444,-0.00570264840520629,-0.00227481221540415,-0.00793574160103194,-0.00519901370691489,1.96338160822762e-05,-0.0019470797991703,6.72885669610324e-05,-0.000709228942107565,-0.00520420087224416,-0.000482638087857978,-0.00573942792503424,-0.000119851508397772,6.72885669610324e-05,-0.000483442066951056,-0.00131348270351506,-0.000120959143472099,-0.00191560491944376,7.73496567951781e-06,-0.00133457341302545,-0.00112840063205777,-0.00245453488525893,-0.010586089840579,-0.00375454501763173,-4.01214433116692e-05,-0.00710719144848948,-0.00221910380324264,-0.000804519929477721,-1.51568819859449e-05,-0.00831280604513918,-0.0061937718788716,-0.00947732217694552,-4.01214433116692e-05,-0.00121603390717873,-0.00485019088377125,-0.00223858527081688,-0.000187859744885444,-0.00191671837757745,-0.00710719144848948,-0.0014231089399388
"12:32597558:C:T",0.000732300967746458,0.000161651635903759,-0.000911023170278469,0.000745212650380189,0.000161651635903759,-0.00549467674107884,-0.000416254953594652,-0.0076218470078846,-0.000265437554326731,-0.00124009382668389,-0.0013762703219764,0.000222824637508001,-0.00526714947736551,-0.000973567853830737,0.000161651635903759,-0.00129853318280304,-0.000202305415445636,0.000676319003404036,-0.00212373489801099,-0.000294868990652564,-0.00100017845953815,-0.0013609803196446,-0.00755695069288187,0.000494574882805132,-0.00915581722028724,0.000676319003404036,-0.000860049714478617,0.324104588047977,0.000266762786054642,-0.0010713434776175,0.000976888363428685,0.00011835324471221,-0.000782403152920885,-2.50651047362105e-05,0,-0.0010156847955094,0.000364681576320081,-0.00367102966228972,-0.000988796404917558,-0.0014058941475934,-0.000724541482289176,-0.00130081572966922,0.000161651635903759,0,1.67206707812895e-06,-0.00855454594866112,-0.00345978536119951,0.000499192977099661,-0.00330224363510645,-0.0012563017633207,7.31336690664719e-05,-0.0061338907727988,-0.00593413968926804,-0.00507264413634267,-0.0012107149045697,0.000696741701837311,-0.00865221138265948,-0.00683240538771779,-0.000268789456806751,0.000477052096553354,-0.00712646576570908,-0.00477719719144654,-0.00248373147854597,-0.00100017845953815,-0.000537608404618695,-0.00486886817514254,0.000276424866844316,-0.00563063523329355,-0.00179778157566624,-0.0028070272080285,-0.00143293949958423,-0.000105894564670805,-5.79102291045075e-05,0.000167177412694564,-0.00152546122198993,-0.00522359034988629,-0.00171154370454296,-0.00179778157566624,-7.03599985989456e-05,-0.00544400951266377,-0.00108138356789667,-0.00376304822689821,-0.00111990062227019,-0.000157607118177694,-0.000105894564670805,-0.00153624689177168,-0.00671306381151116,-0.000539682010635367,-0.00239342163072465,-0.00334838334296794,-0.00158975854492649,-0.00279487134955492,0.000249724211054847,-0.00816408375059829,-0.00203503921498527,-0.0010743002173319,-0.00366987421115805,-0.000839879017124012,0.0003508464623736,-0.00183524084065123,-0.000616418731532953,-0.00139903087290172,-0.0024872600839374,-0.00607931858171185,-0.000137601701408308,0.000161651635903759,-0.00373422134003309,-0.00406022362853964,-0.000823551249385268,0.000915740447699598,-0.000376901404296248,0.000142136341991339,-0.0135345424454645,-0.00044540987217534,-0.0022040815400528,-0.00043843096634788,-0.0045189341820846,-0.00559902923555189,0.000161651635903759,-0.00231436754100844,3.37043091684919e-05,-0.000490014800737626,-0.017306023134072,-0.00386481680003214,0.000161651635903759,-0.00255040876734558,-0.00139903087290172,0.000533109850688884,0.000510342192378666,8.67379504843058e-06,-0.00348836102537042,-0.000168734611768695,-0.00059432688969796,-0.0061563715895363,-0.00196916981001927,-0.0086341708481088,-0.00305939975277347,-0.003380903243559,-0.0006057585335002,-0.00320593792412538,-0.00600317317001808,-0.00356841727977564,-0.00319515241364288,-0.0086341708481088,-0.00167725254264095,-0.000240732586444636,-0.00165813500975709,0.000142136341991339,-0.000110424881243354,-0.00305939975277347,-0.00155493561494247
"12:32598085:A:G",-0.002326205183663,-6.0979247868076e-05,-0.00216789112236615,-0.00162065130276901,-6.0979247868076e-05,-0.00476753109071781,-0.00129709253810883,-0.000137651790860005,-0.00103656522805462,-0.000941526803647008,-0.0040886920214902,-0.00175517120044599,-0.00476327211254546,-0.00339952733398974,-6.0979247868076e-05,-0.00159794743146069,-1.09406089938702e-05,-0.000831960164989987,-0.000118225340842493,-8.94574267453763e-05,-0.00144937480897323,-0.00104768851226211,-0.00373118149547391,-0.00417339288612872,-0.00146641396671132,-0.000831960164989987,-0.000852171236966903,0.000266762786054642,0.319672458880528,-0.00201705886371473,-0.00141879447095494,-0.00271635891836031,-0.00165825218170035,-0.00283450329386703,0,-0.000643928202973321,-0.00372453600213429,-0.00275933187137767,-0.000118225340843381,-0.00602464776474587,-0.00284616602374488,-0.000124606198244059,-6.0979247868076e-05,0,-0.000895390965839127,-0.00101617190619363,-0.00128877174918696,0.000126998478513052,-0.00472397417324011,-0.000997501993424077,-4.63025941588313e-06,-0.00109765224308989,-0.000144320661375374,-0.00649301245147571,7.8168184445282e-05,-0.0017233161962098,-0.00517073245830524,-0.00453456246185757,0.000369350206786301,-0.000811717205929874,-0.00145539692887642,-0.00261814207273758,-0.00019811081083887,0.00012255370565839,-0.00156250288515736,-0.00700454191606337,-0.000387458527661089,-0.00453652085968859,-2.17582835251307e-05,-0.00146603696507963,-0.00174993896637954,0.00032588754084717,-0.00212057479929761,-0.00302609028515555,-0.00178080529408575,-0.000127427163076455,2.16004391635494e-05,-2.17582835251307e-05,-1.09406089938702e-05,-0.00424759455952461,-0.00200971882635326,-0.00700144882338716,-0.00271635891836031,4.87700451747841e-05,0.00032588754084717,-0.000306762362595414,-0.00647436385876254,-0.00617989832449028,-0.00182982115563934,-0.000577908714157971,-0.00151030064717084,-0.00634445077244639,0.000153447777656801,-0.00181267016556408,4.49306931438187e-05,-2.73973048505738e-05,-0.00445513231339056,-0.00652012401227609,-0.00283006012622877,-0.00412880384220538,-0.00221475017301653,-0.00174987607140142,-0.00221537268586358,-0.000139276688307266,-0.00025120163531156,-0.00580905689988676,-0.000829647803065825,0.000131379554408895,-0.00249242736615862,-0.00401187775861001,-0.00202475482713282,0.000131379554408895,-0.00243700259994917,-0.00509521873298446,-0.00145539692887642,-0.000829647803065825,-2.73973048505738e-05,-0.000971325031261294,-0.00580905689988676,4.09645777708079e-05,-0.00680991679386445,-0.000146723795660719,-0.00233506808641559,-0.00483887872466848,-0.00580905689988676,-0.000183993309639696,-0.00174987607140142,-0.0046571491800087,-0.00350326747558505,-0.0028359167889791,-0.000751127766942972,-0.0057897892226384,-0.00138385679648856,-0.00255450838450333,-0.00249102338690754,-0.00917119713259407,-0.000588329024191481,-0.00224365360627665,-0.00069482448699798,-0.00382811849059461,-0.0070501728410397,-0.00250356045880107,-0.00623303574837042,-0.00917119713259407,-0.000190999673836956,-0.00285101890708894,-0.00211256889964329,0.000131379554408895,-0.00185398864559438,-0.000588329024191481,-0.00111209355436337
"12:32600182:A:G",-0.00259319758187093,-0.00147165398052707,-0.000483859370776774,-0.00245192484847001,-0.00147165398052707,-0.00570061155601165,-0.00065628736163692,-0.000618080241062025,-0.00277286352403383,0.000517227171607182,-0.00198354079935381,-0.00246333943288546,-0.00548956436360282,-0.000179123928447211,-0.00147165398052707,-2.33957453836808e-05,-0.00382452900826635,-0.00247347949781274,-0.0007405158162479,-0.00179347505313432,-0.00185384543339229,-0.000249794827503536,-0.00946641288658689,-0.00051704970795674,-0.00338757504432152,-0.00247347949781274,-0.00393358250436293,-0.0010713434776175,-0.00201705886371473,0.404257764032017,-0.000202555207594823,-0.00028373032791329,-0.000578629689008014,-0.000920116050362019,0,-0.00974171684575431,-0.00425761259514745,-0.00171356221759966,-0.000740515816248788,-0.00240718002405904,-0.00064357503752932,-0.00105898815210903,-0.0012539039662709,0,-0.00117945463763514,-0.000928196831476935,-0.000954610183661941,0.000169658025861885,-0.00325288302088689,-0.00310912677370467,0.000165823617481742,-0.000667485127013201,-0.000121643304451524,-0.00571493602720397,-0.00584711433378082,-0.00195121562598732,-0.00426295291494005,-0.0076973436003831,-0.000908993050704687,-0.00285446707064807,-0.00264632259051112,-0.00216712373452932,-0.00300595536646764,-0.00267532399001613,-0.00102671569092383,-0.00251413523747512,-0.00738144946847008,-0.00710030661456518,-0.000709340251886736,-0.00236777361323481,-0.00741579860788377,-0.000892701147812147,-0.00339402152350932,-0.00273736115168877,-0.00289925170373051,-0.00777469259844743,-0.00797280628142394,-0.000709340251886736,-0.00169663082776061,-0.00650386495716981,-0.00249489797350044,-0.00201755726257069,-0.000929760640897115,7.30569712175111e-05,-0.000892701147812147,-0.00329267517196108,-0.00988178854813082,-0.00879867162043046,-0.000288794848199991,-0.00863028382846664,-0.00211223277039796,-0.00227205735883862,-0.00975904590755317,-0.00473104467361463,-0.00554061011092521,-0.00263986508025305,-0.00387034869769742,-0.00673966007692961,-0.00247209412153016,-0.00374155617689942,0.000219515872540654,-0.00320708244846646,-0.00850394102319774,-0.0031501753372325,-9.90483953806631e-05,-0.00155174950444348,0.000271460620330899,6.40778971190414e-05,-6.26509727812419e-05,-0.00118541754588364,-0.00424640082582428,-0.00108819553452211,-0.00738945847631278,-0.00169005034878023,-0.00152640534888615,0.000271460620330899,-0.000636022731399954,-0.000776023802065318,-0.00155174950444348,-0.00395646656722448,-0.000207175801736348,-0.00284495319341538,-0.0104819083058212,-0.00225964395698819,-0.00155174950444348,-0.000830372383323841,-0.00320708244846646,-0.000931610084797363,-0.00127211107872238,-0.00250920125794885,-0.000652615898800946,-0.000401834348784824,-0.000649984449278662,-0.00460504514112259,-0.000492961114046508,-0.00553712464923439,-4.39787797903435e-05,-0.00351434415888452,-0.00240990094935434,-0.000313818161691515,-0.00859474128172977,-0.00304221713062702,-0.00779869954885459,-0.00553712464923439,-0.00178497781366271,0.000103527582848706,-0.00446694497637523,-0.00108819553452211,-0.00609131544293451,-4.39787797903435e-05,-0.000745160848204751
"12:32602410:T:C",-0.00135213612774976,4.64605756116399e-05,-4.79429378250629e-05,-0.00143660638843901,4.64605756116399e-05,0.000119634901930343,-0.00363223783532796,-0.00233884351739544,-0.00198024726084967,-0.00137411686539224,-0.000226719521152496,0.000307982521980499,0.000185692957205497,-0.000118094395781476,4.64605756116399e-05,-0.00355289037070872,-2.71686455803888e-05,-0.00132920315793239,8.97321561748043e-05,-0.00440711222827073,-0.000113353467041222,-0.00120012578823125,-3.31609804282706e-05,-0.00131894580156455,-0.00162028291745164,-0.00132920315793239,-0.00383997260515745,0.000976888363428685,-0.00141879447095494,-0.000202555207594823,0.123618028845407,7.26508287041128e-05,-0.000186493796607401,-0.000133055873572374,0,-0.00130863481312993,0.000487812097688334,-0.000743416329862967,8.97321561748043e-05,-0.00017680910285911,-0.00144860310094241,9.31039507889864e-05,4.64605756116399e-05,0,0.000421652926871019,-0.00120781334314568,-0.000120425496714205,0.000324649255284193,-0.000372791738582734,-0.000963902094389457,0.000158649482145279,-0.00309908117236235,-0.0019776023484015,0.000162466155249064,-0.00102640887362337,-0.00140949949599189,-0.000148386360500297,-0.00149197815371771,0.000273316252200395,-0.00158572776200572,-0.00207784727407123,0.000179574197932908,-0.00239563613677696,-0.000113353467041222,-0.000192153795638639,-0.00129236713112668,0.000147289897831193,-0.00452445957794323,1.17699212065503e-05,0.00062389625967274,-0.000299282089526898,0.000311135227558879,-0.000139975581812557,0.000110517089130013,0.000840129341628248,-0.000248464978895413,0.000376088383058359,1.17699212065503e-05,-0.00126862808852035,-0.00125974668135997,0.000139918711230536,-0.00129299697292051,-0.00345918499948628,-4.09572429473926e-05,0.000311135227558879,-0.0021385766806894,-0.00160216666177826,-0.00149816823520332,-0.000260266537893017,-0.0034954154044291,-0.000157600499688826,-0.000336864660054559,0.000323975215082761,-0.00156371206217187,-0.000942983763874139,1.47928960290145e-05,-0.0015051313813137,-0.000122730931866322,-0.00210561994585401,0.000263412069559266,-0.00217509351358647,-7.50620637113286e-05,-0.000479738874461511,-0.00184823831943026,-0.000125011121841823,4.64605756116399e-05,-0.000343714458554523,-0.000753383637585259,-0.00143302755101438,0.000578148877787399,-3.55317285958279e-05,-0.00450170147845874,0.000423877737747436,-0.00243647271322978,5.27965219960791e-05,-0.000343714458554523,-0.0015165888475801,-0.0045500018412632,4.64605756116399e-05,0.000530368510785806,0.000103438617978568,-0.000115737199092969,-0.000374717190340768,-0.000910773080654792,4.64605756116399e-05,0.000136291770664876,-7.50620637113286e-05,-0.000264704295235063,0.000361523462361291,5.82159960416107e-06,-0.00378129693509699,-0.00307093480274911,0.000154821709482,-0.000199562788196772,-0.00312730344755341,-0.000279983583641119,-0.000392593736554758,-2.14375466009997e-05,-0.000206439940002134,-5.91617511931375e-05,0.000159534111665138,-0.00285838331731192,-0.000492301410467633,-0.000279983583641119,-0.00198024726084967,0.000178434567551733,-0.00113569258328994,-0.00450170147845874,-0.00102640887362337,-0.000392593736554758,-0.00325874322608222
"12:32604005:G:A",-0.009845683791184,-1.71191437878804e-05,-0.00428322571960482,-0.00994383427029089,-1.71191437878804e-05,-2.97719564161802e-05,1.31692173797049e-05,-0.00133852534201129,-5.40605681589312e-05,-0.00137324690081719,3.46280151104494e-05,-0.0101041851346091,-4.86449910148679e-05,-0.00350164247781226,-1.71191437878804e-05,-2.79153017981315e-05,-0.00216111555983822,-0.00801939335274415,-3.35036945084966e-05,-5.43132378370004e-05,3.56664903371495e-05,-0.0032007269074521,-0.00218383972316527,-0.00254122887714203,9.90795766138142e-05,-0.00801939335274415,6.2100704759871e-05,0.00011835324471221,-0.00271635891836031,-0.00028373032791329,7.26508287041128e-05,0.209770372424416,-0.00517799377191608,-8.39018645715228e-05,0,-0.00189440577755917,-0.00717531793147863,-0.00198535863674021,-3.35036945084966e-05,-0.00663734963976115,-0.00313442697862598,-3.51259978730312e-05,-1.71191437878804e-05,0,-0.000137464175163693,-0.00126527031864354,3.87598598541317e-05,-0.00285089958015661,-0.0016880139018518,-0.00233201685246254,-6.34895169984162e-05,-0.000380873864628928,-0.00140544233498119,-0.00236309220302289,2.30235870510853e-05,-0.00290779964757437,-0.00342548504457962,-0.00169940137159097,0.000101833623149084,-0.00117360557727419,-2.00918840675968e-05,-0.00155250897505255,-0.00033529699792556,3.56664903371495e-05,-0.0058986044663687,-0.00329809692272409,-5.77474080865059e-05,-0.00193506332563276,-5.38482554013342e-06,-0.00105243122343701,-0.000816015061074538,9.03298920480466e-05,-4.17301246002921e-05,-0.00149043089627199,-0.000348056873934688,7.49075252510778e-05,-0.000164203297310372,-5.38482554013342e-06,7.71391961684742e-06,-0.00204556881287621,-5.40605681589312e-05,-0.00322945977709477,-0.000854179227752105,1.39108512930974e-05,9.03298920480466e-05,-0.00349381003783744,-5.7690245700126e-05,-0.00194813170093067,2.42283365547991e-06,-0.00192439712219539,4.91119481056401e-05,-0.00275360682645598,-0.000137280982322352,-5.38482554013342e-06,0.000131774687273989,-6.78013136923283e-06,-9.17372877724532e-05,3.97620999619264e-05,-0.00139336518412048,-0.00207225945175882,-7.80504157438244e-05,2.41657056712086e-05,-0.00219168207637299,-7.49502056143214e-05,4.07503868142811e-05,-1.71191437878804e-05,-0.00104094011862088,3.77433774856328e-05,-0.000173480930608427,-0.00964869541740576,1.1484992616495e-05,-0.00152507031212146,-0.00401169608865093,4.91696722964008e-05,-2.00918840675968e-05,-0.00104094011862088,-2.1368406062372e-05,-0.00116736563583952,-1.71191437878804e-05,-0.0022598412889332,-4.01377293881566e-05,3.67123559819049e-05,-0.00382271951483304,-4.65160699558709e-06,-1.71191437878804e-05,-5.22577287362935e-05,-0.00175813514057577,-0.000160890901255151,-0.00935549881732189,-2.65394565790444e-06,-0.000866565541230102,-4.73738520119227e-05,-6.1546410752733e-05,-0.00469120559040004,-0.000135170356694303,6.42012174889572e-06,-0.000834609214081183,5.10728277358652e-06,6.38468856850594e-05,-0.000720640424310304,-0.000658390613760496,-0.00178476028349728,-0.00442839331037703,6.42012174889572e-06,-5.40605681589312e-05,-7.36676246564372e-05,2.06894392018597e-05,-0.00152507031212146,2.30235870510853e-05,-0.000834609214081183,-0.00124074765784155
"12:32605971:A:G",-0.00121650377785887,0.000479957689619503,-0.000380084179330886,-0.00130846497740045,0.000479957689619503,-0.00136809806542404,-0.0013566632646409,-0.00547968542432642,0.000103338926888519,-0.0054790311629116,-0.000110805140833392,-0.00142091133123046,-0.00137529328303287,-0.00415211007792315,0.000479957689619503,-0.00177046235515732,-1.97528811147762e-05,-0.001169419017784,6.6645803646459e-05,-9.07859377248244e-05,-8.53733326326989e-05,-0.00580706502482897,-0.00150717609161077,-0.00154266354925081,-0.000307052290136056,-0.001169419017784,-0.000480660916030828,-0.000782403152920885,-0.00165825218170035,-0.000578629689008014,-0.000186493796607401,-0.00517799377191608,0.325557780571907,-0.000758013951443814,0,-0.00298884669396182,-0.00032996925483797,-0.000538770767962937,-0.00582824920292424,-0.00734038397914905,-0.00405721220485589,-0.00322945997242741,3.477223453352e-05,0,-0.00536408614914041,-0.00596866555263675,-9.12089513631642e-05,-0.00101396738924198,-0.000641835318651474,-0.00129177113663781,-0.000797529615893744,-0.00178575053014374,7.71345132637435e-05,-0.000541110779166853,-5.42123985702858e-05,-0.00606612617925695,-0.00877784284796057,-0.00767889632996077,0.000182888096010636,-0.00121586364518134,3.96997017375611e-05,-0.00412148002443136,-0.00181361876964203,-0.000387153999410472,4.72772737136751e-05,-0.00452952014981989,-0.00189678666198745,-0.0044406665997716,-0.00553672608662392,-0.0054492484867863,-0.000231846073516451,-0.000234264751306057,-0.00240755170494467,-0.00197373833656922,-0.000457690896097596,-0.000190951093086866,-0.000204966141089002,-0.00553672608662392,-1.97528811147762e-05,-0.00276786317323507,0.000103338926888519,-0.00437644423562666,-0.00517799377191608,0.000365517291385231,-0.000234264751306057,-0.00659953714697536,-0.00184287130562666,-0.0039921142376631,-0.00279454885337049,-0.00195119179097869,-0.000990233197419421,-9.50442278568886e-06,-0.00140159919846283,9.29231120938567e-06,-0.000385970007939385,-0.00268386433308443,-0.003778848645144,-0.000995264387182893,-0.00203641885436223,-0.00474570798732321,-0.00239688820537687,-0.00869113566460644,-0.00691951440107985,-0.00728160121284382,0.000317511613042498,0.000479957689619503,-0.00247727511236562,-0.000640180351457964,-0.00557116930970825,-0.00247854271128212,-0.00128143793489244,-8.92844946349669e-05,-0.0116732106246831,-0.00421983894102418,-0.00225987126222726,-0.000267342168736029,1.16746260285794e-05,0.000176476702089978,0.000479957689619503,-0.00528061690778703,-0.000240007862973179,-0.00379244714030946,-0.00968063809562603,1.63734797276049e-06,0.000479957689619503,-0.010917853371577,-0.00869113566460644,-0.00239706943685114,-0.0012127528780308,-7.78429646288714e-05,0.000229053500458321,-0.0015913386390265,0.000114542382404714,-0.00645378968911103,-0.00552862597098169,-1.74753887893786e-05,-0.000307153985491304,-0.00146021941172325,-0.000158036043909071,-0.00136824541609304,-0.00460223997092735,-8.19971402155062e-05,-0.00468145707259904,-1.74753887893786e-05,0.000103338926888519,-0.00194390281982404,-0.000237310051057094,-8.92844946349669e-05,-0.00347154299243613,-0.000307153985491304,-0.00102880612366363
"12:32607697:A:G",-0.00553204815577057,-0.00541784642790866,-0.000154931136313152,-0.00500732728159026,-0.00541784642790866,-0.00558298761949372,8.60946924721162e-05,-8.57012673636248e-05,-0.00363888123723211,-0.0111388757835709,-0.00797702340292528,-0.00540546142227871,-0.00557855116041939,-0.00284274617336155,-0.00541784642790866,-0.000414134912109176,-0.00867284051499784,-0.00610210413392842,-7.30444526499952e-05,-0.000198897092066996,-0.000118722799043347,-0.0125767099594123,-0.000915518869548215,-0.00104803061484304,-0.00227011008724798,-0.00610210413392842,0.000145147167842197,-2.50651047362105e-05,-0.00283450329386703,-0.000920116050362019,-0.000133055873572374,-8.39018645715228e-05,-0.000758013951443814,0.431101025995407,0,-0.00481189114432956,-0.000299190856000386,-0.00561622834478559,-7.30444526499952e-05,-0.000356298699514035,-0.00247412286558824,-0.00129979060709839,-0.00148894656851173,0,-0.00389629539482605,-0.00313421312489481,-0.00408602932729796,-0.00051830301082223,-0.000509657639176986,-0.00202162018596264,-0.000241547177584955,-0.00656379912308491,-0.00278840528998181,-0.00675021426634448,-0.00563193247052585,-0.0012773232117218,-0.00252450258410253,-0.00838752317921632,0.000156064904738962,-0.00101830214476983,-4.28220872903395e-05,-0.00580694155911843,-9.0486398649503e-05,-0.00304003177327683,-0.000384145028474059,-0.00967797809991433,-0.000700060060044194,-0.0103166264451309,-0.00074657075570439,-0.0027825790454501,-0.0145811203086366,0.000141197257952363,-0.00490211061053447,-9.93348000353222e-05,-0.00251820385259771,-0.00387274419051753,-0.000756602960958475,-0.00074657075570439,-0.00234198393371887,-0.00966932126431708,-0.000747722303279907,-0.0103114139821767,-0.00101984560255097,-1.41756086415867e-05,0.000141197257952363,-0.00464941994475865,-0.00857048832685292,-0.00649099601416125,-0.000591891775997055,-0.00354825042863194,-0.00362668161201807,-0.00483784748423322,-0.000232847793944835,-1.15101465167911e-05,-0.00314995056192302,-0.00472969926594402,-0.000960409864187106,6.82546314729748e-05,-0.00102613905594051,-0.00517136213902525,-0.00374108047076049,-0.00321745928770678,-0.00604369027709328,-0.0027327658444074,6.97145111523412e-05,-3.58427637001668e-05,-0.00177778534766482,-0.00236901321047966,-0.000389814314385006,-0.00112759889252612,2.16083033190984e-05,-0.00448739790008812,-0.00207884451913509,-0.004242654122808,-0.00174334154352529,-0.00125218889083545,-0.00242675344786925,-0.00551766417308652,-3.58427637001668e-05,-0.000506442639379934,-0.00343649626432097,-0.00239491682447213,-0.00189127567695468,-0.00121284145306344,-3.58427637001668e-05,-0.000119313466621307,-0.00321745928770678,-0.00250385889359528,-0.000728924422801924,-5.61048221836558e-06,-0.00494935490595516,-0.00499280709270611,-0.00327694349802421,-0.00411843530698119,-0.00137678959786047,-0.00351220092906601,-0.001700720120688,-0.00191514058193842,-0.000716079895386024,-9.38073781462379e-05,-0.00597479114846378,-0.00323519783280624,-0.00552540332851859,-0.00351220092906601,-0.0063958697831259,-0.000153973692532894,-0.00218231478167485,-0.00448739790008812,-0.0017271108653274,-0.001700720120688,-0.000129309946636624
"12:32619308:T:A",0,0,0,0,0,0,0,0,0,0,0,0,0,0,0,0,0,0,0,0,0,0,0,0,0,0,0,0,0,0,0,0,0,0,0,0,0,0,0,0,0,0,0,0,0,0,0,0,0,0,0,0,0,0,0,0,0,0,0,0,0,0,0,0,0,0,0,0,0,0,0,0,0,0,0,0,0,0,0,0,0,0,0,0,0,0,0,0,0,0,0,0,0,0,0,0,0,0,0,0,0,0,0,0,0,0,0,0,0,0,0,0,0,0,0,0,0,0,0,0,0,0,0,0,0,0,0,0,0,0,0,0,0,0,0,0,0,0,0,0,0,0,0,0,0,0,0,0,0,0,0
"12:32619731:A:G",-0.00489262087479858,-0.0018091087522718,-0.00219303046247799,-0.00524350298124743,-0.0018091087522718,-0.00820675303968876,-0.00346609842178935,-0.00127943002671316,-0.00297539144708203,-0.00438122895343396,-0.00592454438511458,-0.0050724696077018,-0.00825856685931381,-0.00356679162948659,-0.0018091087522718,0.000130242348044263,-0.00185693522664376,-0.00559497965368827,-0.000625981906753559,8.28595245541131e-05,-0.00171448522486362,-0.00472834691410684,-0.00580837662793199,-0.00178246922371406,-0.00714011601301401,-0.00559497965368827,-0.00242189389998337,-0.0010156847955094,-0.000643928202973321,-0.00974171684575431,-0.00130863481312993,-0.00189440577755917,-0.00298884669396182,-0.00481189114432956,0,0.481859097808179,-0.000352040950380772,-0.0020573755524862,-0.00217619942603342,-0.00390235689693919,0.001209409210714,-0.000277075342310695,-0.00126175928442596,0,-0.00551350569486875,-0.00673025050768805,-0.000973886991707751,0.000604981808296046,-0.000696527578200712,-0.00553281166690667,0.000433168638784842,0.00124193428649599,1.23811888741443e-05,-0.00644747950225133,-0.0170352963167026,-9.42741751686071e-06,-0.00154452413920358,-0.0109432185886522,-0.00137209234685365,-0.00141500774004433,-0.00600356439051808,-0.00543770796833698,-0.000875443504040341,-0.00121887958300615,-0.00188806054249291,-0.00386149209666975,-0.00286280238211134,-0.0142793631852145,-0.000117322843381729,-0.0033123597759519,-0.00237425840149541,-0.00124334110029167,-0.00217361496516677,-0.00170074244532081,-0.00231850829679381,-0.00433966869754432,-0.0033877090921921,-0.000117322843381729,-0.00236990167263684,-0.0120504545240898,-0.00219044187495676,-0.0037129105609619,-0.00617478709729724,-0.000117971035475506,-0.00124334110029167,-0.00584001445689131,-0.00875426315067074,-0.00921789389543237,-0.000984210461481005,-0.0109176547145236,-0.00224324720177549,-0.000871307899484197,-0.00574477102444382,-0.00788543055195756,-0.00565713414654434,-0.000926374682887143,-0.00998270207638408,-0.00305997675659242,-0.00169194107400994,-0.00879988878251847,-0.00187568255905557,-0.00360023954309696,-0.00935140684338398,-0.00494153936177044,0.000331013464566432,-0.0018091087522718,-0.000260252499419522,-0.0011584965627609,-0.00261723753430498,0.000696443434879512,-0.00389874004672031,-0.000935150461853773,-0.00370638027036385,-0.00163281012494298,4.86285227037087e-05,-0.00248060876387068,-0.000184791967838827,-0.00107905027064525,-0.0018091087522718,-0.00260904899285164,-0.000363995493779079,-0.00106884287110809,-0.00527753816554499,-0.000101139009311968,-0.0018091087522718,0.000364238865202537,-0.00360023954309696,0.000827481993948886,-0.00242509070316022,-0.00288210669043654,-0.000659525708976538,-0.000953177855488097,-0.00114000232631994,-0.00313708968042059,-0.00456141646079367,-0.00679547800795266,-0.00202129120083949,-0.000222948981804194,-0.00233805616784188,-0.00250351707434104,-0.0156666972574371,-0.00434511096264645,-0.0061346304112333,-0.00679547800795266,-0.00296578387494328,0.000309396148195251,-0.0011612483062633,-0.000935150461853773,-0.00613842248622021,-0.00202129120083949,0.000573798088519872
"12:32620875:G:A",0.00226265416088989,-0.00655722559291405,-6.05954425862976e-05,0.00204940004775622,-0.00655722559291405,-0.00471469375600719,-0.00465339215002203,-0.000269588986825831,-0.000367707977846798,-0.00131967135976385,-0.00171651462111289,0.00168756579076934,-0.00492209758398499,-0.00236636962000514,-0.00655722559291405,-0.00120660616105539,-0.00149839920683181,0.000950924425393573,-0.000227867990059138,-0.00704007234317228,0.000227942377142298,0.000147615222751085,-0.00296988633823236,-0.00276306709920959,0.000367683163216892,0.000950924425393573,-0.00784466103847503,0.000364681576320081,-0.00372453600213429,-0.00425761259514745,0.000487812097688334,-0.00717531793147863,-0.00032996925483797,-0.000299190856000386,0,-0.000352040950380772,0.236955733915344,0.000234073818153213,-0.000227867990059138,-0.000310588208382256,-0.00284583978524555,-0.000241590279002502,-0.00011906594108968,0,-0.00128472863681761,0.000528469692695044,0.000259446526004403,0.000238583181893404,-0.00155642850441229,-0.00420037961483688,-0.00114602161390831,0.000594493413373698,-0.000283872874012658,-0.00687852237700026,-0.00182579587975606,-0.00275011706032036,-0.00742428720468702,-0.000370603101435218,0.000740531893479002,-3.81089404069002e-05,-0.000145041332448415,-0.00590236309679515,-0.0045922760622723,0.000227942377142298,-0.00115681643341237,-0.000860917562944152,-0.00173130977342861,-0.000655794508171326,-0.00329347373711286,-0.00184258688000227,-0.00406530549848139,0.000648969213004058,-0.00135159078907154,-0.000313029147505084,0.00189334532281826,-0.00173302369260053,-0.00163676276952618,-0.00329347373711286,3.53611167600576e-05,-0.00118487129070211,-0.000367707977846798,-0.00097787426858531,-0.00717531793147863,-0.00100825674358429,0.000648969213004058,-0.00433938739303041,-0.00500882236088263,-0.00527265769412377,-0.00293072453249454,-0.00247472376589641,0.000323811505536398,-0.00280924440679797,-0.00106650134373609,-4.87417671051205e-05,-0.00116313354100939,-6.13345322948433e-05,-0.00241612812234671,0.000269674492745509,2.06200122310207e-06,-0.00473083841063948,-0.00052992700542287,0.000154218451168475,-0.00179636480427936,0.000583586585376938,0.000279770157876946,-0.00011906594108968,-0.00205739253713766,-0.000370052499134133,-0.00672445949620215,0.0036366281253013,7.07106037980409e-05,0.000249083648424353,-0.000659069020474856,-0.000213938042448625,-0.000145041332448415,-0.0043808958598488,-0.00326281815981933,-0.00106592282416162,-0.00011906594108968,-0.00182118775299855,-0.00101401254285527,-0.00219045061225387,-0.00317015112937646,-0.00273029218038623,-0.00011906594108968,-0.00035294652641138,0.000154218451168475,-0.0042053179893875,0.00330359784341727,-2.40514036393691e-05,-0.00163927710859113,-9.07637047387055e-05,-0.000428795089161049,-0.00395753711506064,-0.00670184399432205,2.32607996943912e-05,-0.00326867789446084,-0.00139211277393603,0.000437970523083919,-0.00274555864789239,-0.00261275907214431,-0.000197181344828046,-0.00285527430552346,2.32607996943912e-05,-0.000978368059743495,-0.004295212054922,-0.00485074717751832,0.000249083648424353,-0.00182579587975606,-0.00326867789446084,0.0027813962098131
"12:32620965:T:A",-0.0028759804113756,7.93314170675075e-05,-0.000227779614960788,-0.000681989934585125,7.93314170675075e-05,-0.00317075480099849,-0.00300024771446061,0.000166692206816421,-0.00301983342910273,-0.00351709664223776,-0.0101985373145284,-0.000882920445729241,-0.00301290219123995,-0.0006799291577817,7.93314170675075e-05,7.36023325469404e-05,-0.00583599860558159,-0.000522503957533615,0.000151805169037011,-0.00365274457409814,-9.09256960301974e-05,-0.00549303679216973,-2.58362833838177e-05,9.25420575947911e-05,-0.00474732121992671,-0.000522503957533615,-0.00253554615958551,-0.00367102966228972,-0.00275933187137767,-0.00171356221759966,-0.000743416329862967,-0.00198535863674021,-0.000538770767962937,-0.00561622834478559,0,-0.0020573755524862,0.000234073818153213,0.378097375472475,0.000151805169037011,-0.000543523190790651,-0.00217146244536881,-0.00136396468626732,-0.00140644691204717,0,0.000346785882429756,-0.0016517987546254,-0.0010874190282637,-0.000297953543062945,-0.0010464405268884,-0.00255448958454085,2.46160524106642e-05,-0.00219749225104016,0.000171755322333489,-0.00198583266547958,-0.00135257928291388,-0.00355671651166301,-0.0060440510180837,-0.00703200468141185,-0.000387388345899353,-0.00200329607047323,8.86149219159194e-05,0.000136247641232323,-0.00316347889984225,-0.0013994333416294,-0.000651360870785211,-0.00587722612716446,-0.00139761267433514,-0.011758399079798,-0.00539736175926375,-0.00604076499917827,-0.00640944350090411,-0.000301186095909678,-0.00585060361655554,-0.00205802389515775,-0.00236070355320939,-0.00367096298984126,-0.00341748855556112,-0.00539736175926375,-0.00270679276983277,-0.00996052604738473,-0.000225396919055321,-0.0063680728827058,-0.00974604258954326,-7.34125554409104e-05,-0.000301186095909678,-0.00434980281361996,-0.0113772605566802,-0.0114570762052635,-0.00250523474906927,-0.00165150195299191,-0.00130095354073934,-0.00138494877616502,-0.00425080730251537,1.72337180650572e-05,-0.00218569074406183,-0.00185796436445074,-0.000978716875781771,-0.000226860471878254,-0.000381688021331428,-0.00936039073620654,-0.00135717712699801,-0.00287766952268065,-0.00231801182295976,-0.010683205881012,-0.000230003283411051,7.93314170675075e-05,0.000279165421011029,-0.0012193606125539,-0.00757804654922811,0.000471294479667428,-6.55374313129897e-05,-0.00398831418623669,-0.00370358344873578,-0.0010959558404009,-0.0019093746542671,0.000279165421011029,-0.00860761909875762,-0.00288771873404503,7.93314170675075e-05,-0.00225744781729897,-0.00167390159149861,-2.48200576189461e-05,-0.0039517628282697,-0.00341593220267189,7.93314170675075e-05,0.000226772640369965,-0.00287766952268065,-0.00167883496517351,-0.000567905287386594,8.52534473416711e-06,-0.00438393027919126,-0.00279198812773185,-0.00349476641608426,-0.00183592061713567,-0.0105044183891865,-0.00280505213128901,0.000250367614738956,-0.000138110676710212,-0.000537397583350696,-0.00138816138599207,-0.00384029392233121,-0.00387195250177541,-0.00261513915130385,-0.00280505213128901,-0.00392326644262475,-0.00191326550110027,-0.00327377630820891,-0.00398831418623669,-0.000307678239385822,0.000250367614738956,-0.0043423998728036
"12:32621114:A:G",-0.000374904348813487,-1.95546078778364e-05,-0.00239980731045719,-0.000349334655751932,-1.95546078778364e-05,-0.000977446517799407,8.64369566215828e-05,-4.32115395199162e-05,-6.00539304391745e-05,0.000300405263448766,-0.00233901625195543,-0.000328520407778754,-0.00192449231497083,4.50599635222204e-05,-1.95546078778364e-05,-3.16847969470402e-05,8.89737239795352e-06,-0.000356211853817179,-0.00635100425556789,-6.0999619192259e-05,4.24531527150052e-05,0.000261033202811234,5.64341468667351e-06,-9.45165803303283e-05,-0.00244762647070917,-0.000356211853817179,0.000127886615424622,-0.000988796404917558,-0.000118225340843381,-0.000740515816248788,8.97321561748043e-05,-3.35036945084966e-05,-0.00582824920292424,-7.30444526499952e-05,0,-0.00217619942603342,-0.000227867990059138,0.000151805169037011,0.128919940748174,-0.000865759987000558,-0.000243138237403961,0.001207616500845,-1.95546078778364e-05,0,-0.00019977555473627,-0.00253170956365167,4.63402151753556e-05,4.37643684652045e-05,-0.00348348620749395,-0.00306941804854066,-7.00847622265854e-05,-0.000751109719116627,-4.50668979885549e-05,-0.00215326957374984,2.70831327391363e-05,0.000729204470771627,-0.00232258512036232,-0.00768405453764398,0.000130400169672917,-0.00772181600343647,-2.29167140259889e-05,0.000224512645513819,-6.20112664693195e-05,4.24531527150052e-05,-2.81134743254086e-05,-0.000189032378392184,-6.39925698520116e-05,-0.00712198343863957,-6.25781156138316e-06,-0.00128052062081707,0.000112337211016111,0.000114081415310885,-0.000795786514204089,-0.00696219780964746,-0.0076895251443645,9.28362034464669e-05,-0.000170190773669532,-6.25781156138316e-06,8.89737239795352e-06,-0.00339005560295735,-6.00539304391745e-05,-0.000213950063613133,-3.35036945084966e-05,1.62784162611729e-05,0.000114081415310885,0.000170805155717879,-0.00240263378568883,-0.00180446454910577,2.66452802843986e-06,4.90020235215383e-05,5.92413570075223e-05,-0.000637715889653556,-0.000144497900878449,-6.25781156138316e-06,0.000175354064059441,-7.8693623493109e-06,-9.93505417623552e-05,4.76053942000121e-05,-0.00714138882921578,-0.00491561452643463,-8.52767409087463e-05,2.84777748458254e-05,-0.000811533364584172,-0.00743057552080195,4.88557650371035e-05,-1.95546078778364e-05,0.000127261047205174,4.50599635222204e-05,-1.45144065939462e-05,0.00011881800192981,-0.00609988971231168,4.50599635222204e-05,0.00101526550380537,-0.0011694232940922,-2.29167140259889e-05,0.000127261047205174,-7.8693623493109e-06,-0.000107081768553563,-1.95546078778364e-05,-0.000249952332680436,-0.000497727921862534,4.37643684652045e-05,-0.00146377894547367,-5.57305915727113e-06,-1.95546078778364e-05,-0.000443552117992851,2.84777748458254e-05,0.000242024739804059,-0.000162024628216351,-3.0918953148884e-06,-0.000141952766317566,-0.000805369855816807,-6.80288588466027e-05,-0.000870363838816779,-1.6227227409793e-05,7.36748835006296e-06,0.00014467451692024,5.81894965989704e-06,7.82434420667499e-05,1.9851576788632e-05,-0.00222988529641199,-0.00648459775107213,-0.000916118099067553,7.36748835006296e-06,-6.00539304391745e-05,-8.07612837778748e-05,2.42431183865577e-05,4.50599635222204e-05,2.70831327391363e-05,0.00014467451692024,-0.000364678357939852
"12:32622322:C:T",-0.00633727495747838,-6.33363629880535e-05,-0.00731555054062838,-0.00614973896804649,-6.33363629880535e-05,-0.0100029635654373,-4.35010259689506e-05,-0.00027824757866135,-0.00194511524443097,-0.00153209295144618,-0.0092935546532571,-0.00631385049827138,-0.00966946474116037,-0.00429513398394121,-6.33363629880535e-05,-0.00267104671716734,-0.00138939780230274,-0.0086749340460095,-0.000865759987000558,-0.00267897165915532,-0.00258845686125575,-0.00106078212842498,-0.00642047112593236,-0.00338617670152797,-0.00837869560151061,-0.0086749340460095,-0.00325107802730962,-0.0014058941475934,-0.00602464776474587,-0.00240718002405904,-0.00017680910285911,-0.00663734963976115,-0.00734038397914905,-0.000356298699514035,0,-0.00390235689693919,-0.000310588208382256,-0.000543523190790651,-0.000865759987000558,0.46045079867619,-0.00573658726705784,-0.000631396815164997,-6.33363629871653e-05,0,-0.00359030884604472,-0.00435595156433832,-0.000332416013974601,-0.0019638334725034,-0.00085035285309587,-0.00405485411397377,-0.00303130411878083,-0.0063201430035198,-0.0018050104530527,-0.00444273710951437,-0.00602652713999774,-0.0012194582079621,-0.00369247955224195,-0.00595994662300603,0.000274783460833206,-0.000357958722894125,-0.00664908518443585,-0.000483845567637253,-0.00224368538178421,-0.00437442191244131,-0.0077299301545084,-0.00276615277599035,-0.0013150079656743,-0.00451507318634858,-0.00196814623450781,-0.000405699322219011,-0.00210673255682092,0.00025409269379395,-0.000701716008538966,-0.000470467996933621,-0.00395285119280819,-0.00116058482870063,0.00010296851132896,-0.00196814623450781,-0.00216816613886017,-0.005356445797426,-0.000212648849837294,-0.00273771748300744,-0.00619903792495968,4.74302283830497e-05,0.00025409269379395,6.31729699476224e-05,-0.00352990888125726,-0.00751513415288096,-0.00040783161853053,-0.00656529993193278,-0.000513111015753687,-0.00535946169874446,0.000189996759682565,-0.00259821336544519,-0.00333256583175157,-0.00359277631807409,-0.00348205591432826,-0.00190331503404995,-0.000257564189474202,-0.00744604964613815,-0.00347407658234822,-0.00461280872124537,-0.00702497576109451,-0.00436010729381753,-4.02216239843156e-05,-6.33363629871653e-05,-0.00179743262891563,-0.00488430235507664,-0.00352271106817614,-0.00344822648902188,-0.000145877963872998,-0.00194159166567598,-0.00543830131589873,-0.00395545071775238,-0.000142474485541833,-0.00179743262891563,-0.00159975968961312,-0.00250605985142727,-6.33363629871653e-05,-0.0032628680330129,-0.000366251018459884,-0.00515748861600152,-0.00578668434123797,-0.00112068791054742,-6.33363629871653e-05,-0.00208696307473311,-0.00461280872124537,-0.00154419077747736,-0.00427174017875842,-1.08369860294388e-05,-0.00115328260500824,-0.00414126082345412,-0.00495915741092556,-0.00234616436414736,-0.00431365812472873,-0.00430221276050968,-0.000988529021051399,-0.00348625799411817,-0.00370061680555889,-0.0108555874330172,-0.0207282024718887,-0.000458527989386504,-0.00360224892880812,-0.00430221276050968,-0.000212648849837294,-0.000734605830536417,-0.00227595994395724,-0.00194159166567598,-6.012684491008e-05,-0.000988529021051399,-0.00318216807751792
"12:32627010:A:C",-0.00164176413751527,-0.000126777112475551,-0.0024503353757428,-0.00140184951139499,-0.000126777112475551,-0.0052893720087539,-0.0013861149327834,-0.00119431841404083,-0.00098015141679042,-0.00243633344192595,-0.00752066491618741,-0.00140862592731406,-0.00521593587662705,-0.00382068229456678,-0.000126777112475551,-0.00146279111506331,-3.89875781214855e-05,-0.00132261909856179,-0.000243138237403961,-0.000268898297258957,-0.0019386063104081,-0.00245448068760368,-0.000877397330291352,-0.00555922896254746,-0.00203221637645701,-0.00132261909856179,-0.000191992887049963,-0.000724541482289176,-0.00284616602374488,-0.00064357503752932,-0.00144860310094241,-0.00313442697862598,-0.00405721220485589,-0.00247412286558824,0,0.001209409210714,-0.00284583978524555,-0.00217146244536881,-0.000243138237403961,-0.00573658726705784,0.340497006392838,-0.000258136481765092,-0.000126777112475551,0,-0.00155665525319826,0.00022614621760475,-0.00143297742779325,0.000249954201351876,-0.00422781611003575,0.000456318214032247,-2.81167531177573e-05,0.000260835943952209,-0.00364820912862651,-0.00652356724809389,-0.0020617525822173,-0.00106489197130255,-0.00340933822903411,-0.00391210156614008,0.000767138952203261,0.000165419634889474,-0.00127967925312422,-0.00253944293005759,-0.000410776302024018,0.000238642314029036,-0.000261895876154661,-0.00659843708197982,0.000132180253818781,-0.003083906859906,-5.26052322999959e-05,-1.55759169153669e-05,-0.00196177150838039,0.000674100108084552,-0.00147912738970124,-0.00348805483023096,-0.000977069538562247,-0.0014437134288352,0.000798141905668182,-5.26052322999959e-05,-3.89875781214855e-05,-0.00292796478396307,-0.00420512781472837,-0.0065267750377318,-0.00313442697862598,9.86216176750432e-05,0.000674100108084552,0.00019443215640802,-0.00888700334473258,-0.0114103861600876,-0.00340694194045277,-0.0002423121009274,-0.00162431369738592,-0.00636351082137043,0.00105641691863045,-0.00158602241015604,-0.000980941777627642,-6.62367225316984e-05,-0.00525486523414109,-0.00612222849217314,-0.000469310406179702,-0.00428338482107105,-0.00239133333509578,-0.00195201683138979,-0.00203790164078166,-0.00028658071130927,-0.000381631344993139,-0.00615557677658796,-0.00235267225451175,0.000261103752491998,-0.00284779698220117,0.000346745257978398,-0.00227006015765596,0.000261103752491998,-0.00236310551292052,-0.00668768143845,-0.00127967925312422,-0.00235267225451175,-6.62367225316984e-05,-0.00147355377901182,-0.00615557677658796,0.00175140567966636,-0.0075242384647396,-6.54995264799396e-05,-0.00230527629764632,-0.0054597090799593,-0.00615557677658796,-0.000378019610272951,-0.00195201683138979,-0.00321078883707937,0.000211595802475095,-0.00923471393343434,-0.00168720231718211,-0.00791864798551334,-0.00245360160582564,-0.00307352874233402,-0.00285540187680589,-0.0139604901181185,-0.0018466045390948,-5.08119252797812e-05,-0.00106811281010177,-0.00347504342642946,-0.00755835803864979,-0.00291510299343489,-0.00480549515289219,-0.0139604901181185,-0.00098015141679042,-0.000125034742696428,-0.00179779343446018,0.000261103752491998,-0.00206363734440806,-0.0018466045390948,-0.000419021525766006
"12:32628413:C:T",-0.000400935165638217,-2.04584590468571e-05,-0.000506182239725206,-0.000373082542470371,-2.04584590468571e-05,-0.00105362391532715,-0.00334672580946105,-4.52908495001125e-05,-6.29995425933672e-05,-0.00187497855309182,-0.00284731932577031,-0.000350476946092471,-3.21510107230694e-05,4.69005421033231e-05,-2.04584590468571e-05,-3.32116546175598e-05,9.26087733343905e-06,-0.000380502069680766,-0.00540378874204617,-6.4295097746303e-05,4.41853060593189e-05,-0.00178714912802036,5.79116422283477e-06,-9.94816841268786e-05,-0.000558848957042279,-0.000380502069680766,0.000132201517674346,-0.00130081572966922,-0.000124606198244059,-0.00105898815210903,9.31039507889864e-05,-3.51259978730312e-05,-0.00322945997242741,-0.00129979060709839,0,-0.000277075342310695,-0.000241590279002502,-0.00136396468626732,0.001207616500845,-0.000631396815164997,-0.000258136481765092,0.181644198377629,-2.04584590468571e-05,0,-0.000211593332873683,-0.00064481298956931,-0.00129271788977814,4.55512091175336e-05,-0.00399174483064169,-0.00357671135286175,-7.35995686822477e-05,-0.00262101209041266,-4.72461941249946e-05,-0.00266826370520601,2.8213105354169e-05,-0.0025650352353308,-0.00139684117816508,-0.0121410634174977,0.000134946174784822,-0.00514063538292842,-2.39908817487589e-05,0.000230672701924561,-6.50667375765579e-05,4.41853060593189e-05,-2.94544635988103e-05,-0.000200227713011536,-6.71598430441733e-05,-0.0115281948545967,-0.00133459278683556,-0.00159409124034582,0.000116399877110318,0.000118198398912917,-0.00111531571604218,-0.00436863295107859,-0.0129729437410511,9.63157149440619e-05,-0.000179792289734415,-0.00133459278683556,9.26087733343905e-06,-0.00652411179075685,-6.29995425933672e-05,-0.00022693031365506,-3.51259978730312e-05,1.69811899768391e-05,0.000118198398912917,0.000176103999467436,-0.00290890442776348,-0.00133995362121375,2.73442768783383e-06,-0.00341964950383211,6.15974342048631e-05,-0.000959065722827113,-0.000152400288984111,-6.55901922375079e-06,0.000180847434385178,-8.24917978103912e-06,-0.00010461323625055,-0.00250577224593052,-0.0123654936083604,-0.00404429787088301,-8.9618832346261e-05,2.96689158689745e-05,-0.00119103876747673,-0.0122352149650746,5.08520765594156e-05,-2.04584590468571e-05,0.000131716716604835,-0.0030207169421308,-1.52228500454044e-05,-0.00057480195395776,-0.00350319180726544,4.69005421033231e-05,0.000955896147820212,-0.00148464209574772,-0.00458446738767826,0.000131716716604835,-8.24917978103912e-06,-0.000112689785980891,-2.04584590468571e-05,-0.000265338598669729,-0.00219461393393949,4.55512091175336e-05,0.000166009833681535,-5.90114198839586e-06,-2.04584590468571e-05,0.00050117103422842,2.96689158689745e-05,0.000248324500277342,-0.000171057071464809,-3.23991338024854e-06,-0.000149685092471152,-0.0011251975501807,-7.14257514982108e-05,-0.00283746512325411,-1.70215453838551e-05,7.65952824099969e-06,0.000149554147822251,6.03825401057634e-06,8.12632523077284e-05,2.06590215627855e-05,-0.00659360769199502,-0.0038898781436032,-0.00298892168104992,7.65952824099969e-06,-6.29995425933672e-05,-0.0044227335658551,2.52474957518345e-05,4.69005421033231e-05,2.8213105354169e-05,0.000149554147822251,-0.000389584881858696
"12:32631230:T:A",-0.000197180225463889,-1.00978452888256e-05,7.49691624157833e-06,-0.000183432540365125,-1.00978452888256e-05,-0.00125001761393939,-0.000368728603190149,-2.22995075365162e-05,-3.10912649359452e-05,-0.00151747808809333,3.48368162477186e-05,-0.0001722235366719,-0.00123001775498643,2.33753456129193e-05,-1.00978452888256e-05,-1.62030124881696e-05,4.75048086023833e-06,-0.000187294942186611,-1.95546078778364e-05,7.30374457829086e-05,2.20877740915171e-05,-0.00149324553852814,-0.00152587535991433,-4.86002815467401e-05,-0.000113667742793311,-0.000187294942186611,-0.000243261867025168,0.000161651635903759,-6.0979247868076e-05,-0.0012539039662709,4.64605756116399e-05,-1.71191437878804e-05,3.477223453352e-05,-0.00148894656851173,0,-0.00126175928442596,-0.00011906594108968,-0.00140644691204717,-1.95546078778364e-05,-6.33363629871653e-05,-0.000126777112475551,-2.04584590468571e-05,0.0920941343575858,0,-0.00010374683897485,-0.00103508169133892,2.40075632964576e-05,2.27354625454979e-05,-0.00126536766838825,2.89213182158576e-05,-0.00098430696692553,-0.00141412547615882,-2.32371161770217e-05,-0.00151025986474718,1.41281955743366e-05,-0.00596476358820386,-0.00141600527179175,-0.00601911453017134,6.70001708060752e-05,-0.000122538467976163,-1.17892195010683e-05,-0.00234374781921254,-3.20840449958837e-05,2.20877740915171e-05,-1.44047399377456e-05,-9.76181772394114e-05,-3.30891872506456e-05,-0.00571786180199574,-0.00153356580950526,0.000201826473611888,5.78481586916979e-05,5.86857818287712e-05,-0.00129334527754299,-2.51475689490022e-05,-0.000328754636564454,4.79646493118935e-05,-8.8699997054853e-05,-0.00153356580950526,4.75048086023833e-06,-0.00600688237958646,-3.10912649359452e-05,-0.000110793663531616,-1.71191437878804e-05,8.43188385601934e-06,5.86857818287712e-05,-0.00558054025587573,-0.00150771185031928,-0.005292513215859,1.63949465203928e-06,2.56992843032933e-05,3.07311851397429e-05,-4.27319714324526e-05,-7.52220531134995e-05,-3.13468242207904e-06,9.00043806488782e-05,-3.94228513034278e-06,-5.10611051236509e-05,2.46322522814424e-05,-7.23090420589045e-05,-0.00500959729395678,-0.00169856358157716,1.48205897207987e-05,-0.00267994930243365,-0.00124175407253979,2.5249546020234e-05,-1.00978452888256e-05,6.55074786894971e-05,2.33753456129193e-05,-7.27380374332398e-06,-0.000143284624179785,6.98580913827129e-06,2.33753456129193e-05,0.00047800434321843,3.10131278453696e-05,-0.00113494347898957,6.55074786894971e-05,-3.94228513034278e-06,-5.55481765536214e-05,-1.00978452888256e-05,-0.000130803299727589,-2.32371161770217e-05,2.27354625454979e-05,0.000450277176438973,-2.47526972696477e-06,-1.00978452888256e-05,-3.01106211608726e-05,1.48205897207987e-05,0.000123965180538477,-8.44831442234906e-05,-1.5485391680059e-06,-7.39123564814648e-05,-2.6957897259372e-05,-0.000944453486271257,-0.00430595846983373,-8.13291309587072e-06,3.98706449278308e-06,7.43333380670563e-05,3.21421246596287e-06,4.0434221880048e-05,1.05363070046494e-05,5.02191598927837e-05,-1.25960436019312e-05,-0.00454652376734455,3.98706449278308e-06,-3.10912649359452e-05,-0.00100376929281154,-0.00512978397460451,2.33753456129193e-05,1.41281955743366e-05,7.43333380670563e-05,-0.000192198928693266
"12:32631238:T:C",0,0,0,0,0,0,0,0,0,0,0,0,0,0,0,0,0,0,0,0,0,0,0,0,0,0,0,0,0,0,0,0,0,0,0,0,0,0,0,0,0,0,0,0,0,0,0,0,0,0,0,0,0,0,0,0,0,0,0,0,0,0,0,0,0,0,0,0,0,0,0,0,0,0,0,0,0,0,0,0,0,0,0,0,0,0,0,0,0,0,0,0,0,0,0,0,0,0,0,0,0,0,0,0,0,0,0,0,0,0,0,0,0,0,0,0,0,0,0,0,0,0,0,0,0,0,0,0,0,0,0,0,0,0,0,0,0,0,0,0,0,0,0,0,0,0,0,0,0,0,0
"12:32633252:T:C",-0.00833372772716423,-0.00350385086384009,-0.00633822162634612,-0.00875467872327906,-0.00350385086384009,-0.00324464469042374,-0.0013670548288669,-0.00355790761029962,-0.000323722498889012,-0.00298019468984823,-0.00428230296675203,-0.00935296395937524,-0.0034692033892938,-0.00279883556787563,-0.00350385086384009,-0.000202881535603439,-0.0018997015283162,-0.00842838956369629,-0.00019977555473627,-0.00218563606489131,0.000199691036310234,-0.00166542189347929,-3.60031163832986e-05,-0.000487981612590893,-0.000655700310760121,-0.00842838956369629,-0.00122350174131203,1.67206707812895e-06,-0.000895390965839127,-0.00117945463763514,0.000421652926871019,-0.000137464175163693,-0.00536408614914041,-0.00389629539482605,0,-0.00551350569486875,-0.00128472863681761,0.000346785882429756,-0.00019977555473627,-0.00359030884604472,-0.00155665525319826,-0.000211593332873683,-0.00010374683897485,0,0.394820202259175,-0.00396465563636061,0.000225264607708553,-0.00161801168185693,-0.000531460991219035,-0.00830575062392436,-0.00276820834800695,-0.00722111896535749,-0.00024811671171765,-0.00847895855002267,-0.00224237122736071,-0.00115471301060843,-0.0117880559217771,-0.00334865253075423,0.000184211400030776,-0.000564860388865718,-0.000125866390790819,-0.00664659660956168,-0.000607861874241777,-0.00171454629089762,-0.00152948060391367,-0.00478412225694758,-0.00391787996559945,-0.0025748351915551,-0.00888564466101283,-0.00256457242177754,-0.00456186845290052,0.000551447140364481,-0.00326590251913395,-0.000273397560515143,-0.000861038611216003,-0.00120045498930299,-0.000131972149197246,-0.00888564466101283,3.30563434332021e-05,-0.00286522652119103,-0.000323722498889012,-0.0048026950051101,-0.000137464175163693,-0.00444524313032524,0.000551447140364481,-0.00887418407369989,-0.00459921513811778,-0.00183433718067283,-0.00173781877469192,6.77517229989988e-05,-0.00148955741612955,-0.00701961990899136,-0.00207336583250317,-4.09907472826987e-05,-0.000708646575889205,-5.16185635044408e-05,-0.000646205447278447,-0.0024630788148654,-0.000281208500057417,-0.00323797913266244,-0.00391325496908213,-0.006293846841392,-0.00196612824196762,-0.00591359204145281,-0.000242419882868106,-0.000370420865034582,-0.00541405648379278,-0.000227572607232496,-0.00021620124214472,0.000153012913989947,6.24994379965216e-05,0.000216864105379244,-0.0100000303546284,-0.00656013697053126,-0.00332508293091038,-0.00388203149143518,-0.00265231579243252,-0.000817784817726874,-0.000370420865034582,-0.00395973797923421,-0.000712327417218717,-7.13997197356875e-05,-0.00363138456750178,-0.00350808335524455,-0.000370420865034582,-0.00498498467087938,-0.006293846841392,-0.00807120706191444,-0.00138355666184786,-0.00175719197994351,-0.00137555342115903,-0.0003452307557259,-0.000377230037220677,-0.0142045896150078,-0.000214887915142903,2.29491235312906e-05,-0.00229742261711063,-1.2664937171003e-05,0.000377227220162091,-0.00458749055182484,-0.00328125715783756,-0.00168814460565692,-0.00880257395225481,2.29491235312906e-05,-0.000759602549003091,-0.000423192672917239,-0.00260372602723091,0.000216864105379244,-0.0014870865651444,-0.00229742261711063,0.000252161028349462
"12:32633522:C:T",-0.00638465286450129,0.000397102280722095,-0.00376845818599403,-0.00669170834359489,0.000397102280722095,-0.00881677811268577,-0.00065741673570896,-0.00601701826318379,-0.00255584876598025,-0.00810850873719948,-0.00802267970904413,-0.00688358419532875,-0.00821941495105438,-0.00389873145459507,0.000397102280722095,-0.00314812733376257,-0.000450715750552,-0.00596836232489872,-0.00576423581568086,-0.00250652008512997,-0.000917031412753566,-0.0115504719537953,-0.00538093083555236,-0.00276837816179487,-0.0028614152424451,-0.00596836232489872,-0.00425656558336218,-0.00855454594866112,-0.00101617190619363,-0.000928196831476935,-0.00120781334314568,-0.00126527031864354,-0.00596866555263675,-0.00313421312489481,0,-0.00673025050768805,0.000528469692695044,-0.0016517987546254,-0.00253170956365167,-0.00435595156433832,0.00022614621760475,-0.00064481298956931,-0.00103508169133892,0,-0.00396465563636061,0.484562235959765,-0.000794166950740305,-0.00105664523743787,-0.0021782134466326,-0.00294953791585506,1.13703798456655e-05,-0.0122680194595586,-0.00502996141273204,-0.00304909296657119,-0.00449936975176346,0.000270422586500008,-0.00940573617186535,-0.00477066376552937,-0.00126678429881455,-0.00176197279578494,-0.00687226239609728,-0.00620296721524705,-0.000632676397555265,-0.00180409044835272,-0.000572621625312131,-0.00413302215344524,-0.0036674468422353,-0.00634082050448281,-0.00136114945537091,-0.0120343157849252,-0.00447111597818672,-0.000704364467266849,-0.00726037675094604,-0.00771702768205262,-0.000621051990511212,-0.0120113297040736,-0.000935670888196238,-0.00136114945537091,-0.000876207509280746,-0.0083407912829343,-2.76519447242052e-05,-0.00364516629507872,-0.00270410296773438,-0.000497741925173045,-0.000704364467266849,-0.00576319824032279,-0.00726000813400907,-0.00497809712663733,-0.000308393907800131,0.000189384745500121,-0.00292272432888296,-0.00337025814698855,-0.00474761109753929,-0.0157842176790233,-0.023515789884863,-0.00304924127769546,-0.00182783042001766,-0.00308681414778089,-0.00365848123554224,-0.00134618244169804,0.000552828795211013,0.000101814409275036,-0.00314658017507252,-0.00829051362544364,0.000237016884788055,0.000397102280722095,-0.00259154415767693,3.16222901668439e-05,-0.000667336376753092,-0.000860536423657354,-0.00151830691704102,-0.00090774784119052,-0.0038190889832439,-0.000663484241938406,-0.000167624961115997,-0.00532989063623113,-0.00010060262404199,-0.00253978532528398,0.000397102280722095,0.00010334249463595,-0.00218607820635164,-0.0015969766849846,-0.00433864408644613,-0.000390937016006454,0.000397102280722095,-0.000865479754093457,0.000101814409275036,-0.000927017164050525,0.00118780164299537,-7.79777713599827e-05,-0.00207607913663388,8.11091988861534e-05,-0.00264680519114657,-0.00580191158725585,-0.00174168058525703,-0.00134719064129918,-0.00419800775489421,-0.000238919185620912,-0.000841636413087876,-0.000134598262547136,-0.0041122791412187,-0.00208083881533749,-0.00753806207632257,-0.00134719064129918,-0.0016801981268264,-0.00161755185419743,-0.00699908532404425,-0.00090774784119052,-0.00906287308705522,-0.00419800775489421,-0.000307623748736052
"12:32633640:G:A",0.000404395392155088,2.40075632964576e-05,-2.19204509290805e-05,0.000379521756863177,2.40075632964576e-05,2.42935688410384e-05,-0.00100915901211884,5.20824187510982e-05,7.26791276983718e-05,-0.00554260440725152,-0.00112312126773073,0.000358604794175932,2.18888102239134e-05,-0.000446428609943261,2.40075632964576e-05,-0.00391056651704957,-1.29291249972852e-05,0.000387575405533802,4.63402151753556e-05,-0.00401870112411196,-5.63383461535949e-05,-0.00535412328725648,-1.34466322156968e-05,0.000108504202788851,7.21971623880435e-05,0.000387575405533802,-0.00464135791377007,-0.00345978536119951,-0.00128877174918696,-0.000954610183661941,-0.000120425496714205,3.87598598541317e-05,-9.12089513631642e-05,-0.00408602932729796,0,-0.000973886991707751,0.000259446526004403,-0.0010874190282637,4.63402151753556e-05,-0.000332416013974601,-0.00143297742779325,-0.00129271788977814,2.40075632964576e-05,0,0.000225264607708553,-0.000794166950740305,0.126013753544517,-5.77191423190015e-05,-0.000246105136602282,-0.00101926049324774,8.3188320966876e-05,-0.000328225574333985,5.40385236051932e-05,-0.000320860247859933,-3.59886593708225e-05,-0.000651066774873144,-0.00540035376803072,-0.000889087860338478,0.000693706102460112,0.000265925881785201,2.75752979668198e-05,-0.00549021410247263,7.47351303793664e-05,-5.63383461535949e-05,3.30748358070565e-05,-0.00122275368465363,7.68136754674131e-05,-0.00126133362638026,-0.00423356995954105,-0.00101266590999138,-0.000149227592211254,0.000708522661750699,5.28009654301442e-05,-0.000758657436286114,-0.00106226950166377,-0.000123569765897003,0.000198224427743199,-0.00423356995954105,-1.29291249972852e-05,-0.00218650767635964,7.26791276983718e-05,-0.00124613200791224,3.87598598541317e-05,-2.0770725516428e-05,0.000708522661750699,-0.0010988973791024,-0.00390995258816407,-0.00786607431523034,-0.00250359765744879,-0.000855557142346974,-7.84623373810689e-05,-0.00140189721857986,0.000170053095573941,6.65467978144818e-06,-0.000451158756622938,8.36414689864284e-06,-0.00135523853356023,6.27514390494355e-05,-0.00156224946032602,-0.00548713900707565,0.000101769949622188,-3.74655423343029e-05,-0.00563611787158891,-0.00519966507683822,-6.30914406318794e-05,2.40075632964576e-05,3.93162920442336e-06,-0.000446428609943261,1.53944651231086e-05,-0.00253241943036997,-1.76853896363127e-05,-5.90845986927491e-05,-0.00362095594483947,-8.333472219757e-05,-0.00185335911443385,3.93162920442336e-06,8.36414689864284e-06,0.000126951973127731,2.40075632964576e-05,0.00028280276695547,-0.000870200454781589,-5.77191423190015e-05,-0.00124552612276752,2.33842382879601e-06,2.40075632964576e-05,7.06453039134303e-05,-3.74655423343029e-05,-0.000346651360092487,0.000190004556662515,3.29129625331603e-06,0.000167463306707916,5.91768441875473e-05,-0.001738490138953,-0.00238026749646458,1.72017876058916e-05,-1.13083587693907e-05,-0.000359171826959326,-9.66942585378661e-06,-0.000103151079966501,-2.83513882273212e-05,-0.000948941702537454,-0.00115470824686792,-0.00237204506352473,-1.13083587693907e-05,7.26791276983718e-05,-0.00156183929840648,-3.29851721811991e-05,-5.90845986927491e-05,-3.59886593708225e-05,-0.000359171826959326,0.000398552546481135
"12:32633647:A:C",0.000364056810793656,2.27354625454979e-05,-0.00130055167538945,0.000343039440500625,2.27354625454979e-05,-0.000895740206606099,-0.000118899449229382,4.91812519705093e-05,-0.00216270326263945,0.000258534485627848,-0.000366296918527631,0.000325227743155132,-0.000900282650476925,-5.64139303884659e-05,2.27354625454979e-05,3.4899243738451e-05,-1.22452725630495e-05,0.000349781256309356,4.37643684652045e-05,5.66385761944233e-05,-5.37604202204278e-05,0.000192455445200856,-1.26199740950739e-05,0.000101912951202543,-0.000180221908848921,0.000349781256309356,-0.000184744292978323,0.000499192977099661,0.000126998478513052,0.000169658025861885,0.000324649255284193,-0.00285089958015661,-0.00101396738924198,-0.00051830301082223,0,0.000604981808296046,0.000238583181893404,-0.000297953543062945,4.37643684652045e-05,-0.0019638334725034,0.000249954201351876,4.55512091175336e-05,2.27354625454979e-05,0,-0.00161801168185693,-0.00105664523743787,-5.77191423190015e-05,0.110791863237084,8.22423090154345e-05,0.000576348832694862,7.82880578586997e-05,-0.000559361335313646,5.10250433825021e-05,-7.46009433338912e-05,-0.00105109562422534,-0.00166651280903274,-0.00738114805616874,-0.00287764606225593,-0.000167824237498948,0.000244348627186142,2.61194881687743e-05,-0.00441774289683217,-0.00228277173312552,-5.37604202204278e-05,3.13310873174544e-05,-0.00155054936023635,7.23180239035059e-05,-0.0030353095215494,-0.00163128332648643,-0.00333208749448843,-0.000143886822667305,-0.000145586157447752,4.99763475838577e-05,5.47716852459246e-05,-0.00181975976227022,-0.0001188150662772,0.000183768783373672,-0.00163128332648643,-0.00342697433292116,-0.00265009029472818,6.84414173433012e-05,-0.00157688359178376,-0.00285089958015661,-1.97551825218412e-05,-0.000145586157447752,-0.000523533912859087,-0.00304059650725819,-0.000756908211355878,-5.9392705162864e-06,-6.47321395437217e-05,-7.50686557946523e-05,-0.00171954264707708,0.000158218614752847,6.34432544455166e-06,-0.000233940976307245,7.97275796582397e-06,-0.00261037151351573,-5.90103002169329e-05,0.000149586912757016,-0.000614689241206001,9.55232021375707e-05,-3.56779031864818e-05,-0.00469531693768133,-0.000869348877121645,-6.0287629005451e-05,2.27354625454979e-05,-0.000164867916874201,-5.64139303884659e-05,-0.00303733704919384,0.000281603482359394,-1.67990628288095e-05,-0.00454972573585177,0.000326775716344763,-0.00120459237541404,2.61194881687743e-05,-0.000164867916874201,-0.00311949746917684,-0.00220085381986745,2.27354625454979e-05,-0.00189649438626471,-0.00209171153265153,-5.50944346278115e-05,1.80059943843958e-06,-0.00306880351481631,2.27354625454979e-05,6.65331888098919e-05,-3.56779031864818e-05,-0.00235580529826951,0.000176302791722094,3.13881217905987e-06,-0.0018281585872435,-0.00151145047358447,7.62769302031785e-05,-0.000110803414817617,-0.00302636953159752,-0.00133488687519545,-0.000188606143874281,-9.12664691909981e-06,-9.89741747838835e-05,-0.000787770402014942,-0.0008923735713946,2.52669896587676e-05,-0.000530105853055574,-0.00133488687519545,6.84414173433012e-05,8.86741238286248e-05,-0.00116296221684831,-0.00454972573585177,-3.42572729321589e-05,-0.000188606143874281,-0.00159557876348693
"12:32633656:C:A",-0.000678482445056083,-4.06626362678963e-05,-0.000387623578183671,-0.000657291267049054,-4.06626362678963e-05,-0.00272129868138693,-0.00120650431788061,-0.00214955119891158,-0.00108921515160354,-0.00234991925222161,-0.00749797106464989,-0.000677936520300904,-0.00276321590644368,-0.00314586456202459,-4.06626362678963e-05,-0.00533882868543145,1.65667521283552e-05,-0.000589586049652979,-0.00325657208943841,-0.00189931152649336,-0.00159802052954205,-0.000384938743481555,-0.00439244864163069,-0.00282024916286261,-0.00340299034734493,-0.000589586049652979,-0.001582992682577,-0.00330224363510645,-0.00472397417324011,-0.00325288302088689,-0.000372791738582734,-0.0016880139018518,-0.000641835318651474,-0.000509657639176986,0,-0.000696527578200712,-0.00155642850441229,-0.0010464405268884,-0.00348348620749395,-0.00085035285309587,-0.00422781611003575,-0.00399174483064169,-0.00126536766838825,0,-0.000531460991219035,-0.0021782134466326,-0.000246105136602282,8.22423090154345e-05,0.323640873672087,-0.00544333280122578,-0.0047619736356026,-0.00108026316125009,-0.000184328010726098,-0.00156746137173824,-0.00383494133504403,-0.00267002300204222,-0.00714367885048883,-0.00565474143087918,-0.000831084426319073,-0.000643757173120818,-0.00301337794922141,-0.0039662879231539,-0.000136202572768696,-0.000236234915821143,-0.00164517452326596,-0.00476248841875737,-0.000313260193158804,-0.000726640507942911,-0.00191855104721039,-0.00287940553204979,-0.00061203235653462,-0.0008975387504222,-0.00132690061317309,-7.78386647528606e-05,-0.00311775991053231,-0.00310095212926065,-7.85215172873777e-05,-0.00191855104721039,1.65667521283552e-05,-0.0012538162330693,-0.00212465285486729,-0.00465324971723824,-0.0016880139018518,3.19608452894471e-05,-0.0008975387504222,-0.00338965473440744,-0.00606627038723984,-0.0112005610800656,-0.00209226537267515,-0.0022339956118973,-0.000168197194980735,-0.000979379353326593,-3.02308912631943e-05,-0.00544225527368081,-0.00303210098899331,-1.19086469538843e-05,-0.00832718500576224,-0.00181250110607323,-0.00235288669260036,-0.00960693291400228,-0.00292149320788138,5.44998188916068e-05,0.000194828419076476,-0.0119884632943403,9.18564127561083e-05,-0.00564498241368216,-0.00199666967836087,-0.00138187085876229,-2.6251278231193e-05,-0.00178050338017588,-0.00380915642514967,-0.00312332096584544,-0.00352474759189914,-0.000481594453859202,-0.0020641951150262,-0.00199666967836087,-1.19086469538843e-05,2.38340808120796e-05,-0.00564498241368216,-0.00248210054233944,-0.00305395316360979,-0.00062370922628574,-0.00449143497373727,-1.48463739870763e-05,-0.00564498241368216,-0.00221814170305734,5.44998188916068e-05,-9.23776214376559e-05,-0.0003950734431859,-0.0026875050075903,-0.000518430621018418,-0.000602453708726358,2.88971036521701e-06,-0.00878630731000385,-3.00004072029125e-05,-2.61716750946661e-05,-0.00156962581889708,-0.0020081772206364,-0.00103140035408433,3.69925451879638e-05,-0.00287935834303887,-0.00033484909366166,-0.00675872206372041,-2.61716750946661e-05,-0.00055279543008524,-0.00325614665126484,-0.00400616280390143,-0.00312332096584544,-0.00137078191881379,-0.00156962581889708,7.84547405441316e-05
"12:32633713:G:A",-0.0053976994054219,-0.000805345885381392,-0.00421453959158358,-0.0048080754788824,-0.000805345885381392,-0.00967195549605293,0.000739083531383855,-0.0011845055744093,-0.000757198441985629,-0.00264075047223988,-0.000528955822118871,-0.0051181530045632,-0.0109357686828027,-0.00158446401121992,-0.000805345885381392,-0.00253892187622906,2.01475971994824e-05,-0.00325556021367124,-0.00129681844727969,-0.00663471910588909,0.000226521870014373,-0.00479298817125207,-0.00190486983552995,0.000195395892492733,-0.00472634736414124,-0.00325556021367124,-0.0071724678714209,-0.0012563017633207,-0.000997501993424077,-0.00310912677370467,-0.000963902094389457,-0.00233201685246254,-0.00129177113663781,-0.00202162018596264,0,-0.00553281166690667,-0.00420037961483688,-0.00255448958454085,-0.00306941804854066,-0.00405485411397377,0.000456318214032247,-0.00357671135286175,2.89213182158576e-05,0,-0.00830575062392436,-0.00294953791585506,-0.00101926049324774,0.000576348832694862,-0.00544333280122578,0.482831531062205,-0.00640430904884459,-0.00850585147543192,-0.00560284633731456,-0.010807402042365,-0.00432192803636688,-0.00533650462592927,-0.00883202550208617,5.07701193850352e-05,0.00059936872079458,-0.00158802794109691,-0.00176632985724279,-0.00474480919594544,-0.00480792206954561,-0.00384258532308213,-0.000623098779684916,-0.0136805670196196,0.000471996934376939,-0.0015470078290245,-0.00774318934890328,-0.0074931415642232,-0.00112971956126007,0.000649416204003828,-0.00176624223164712,-0.00347370652333634,-0.00354696428197565,-0.00108957589656988,0.001410502553985,-0.00774318934890328,-0.0044884320565135,-0.000705952239265617,-0.00676743552430281,-0.0139413523391148,-0.00163281443750218,-3.43662212998197e-05,0.000649416204003828,-0.00297757723027559,-0.00687289447543282,-0.00547474409376703,-0.000313790030990191,-0.00288260276587859,-0.00447706103609313,-0.00316851435230392,-0.00200315691835318,-0.00784362023126661,-0.00311138822140311,-0.00207507437954479,-0.00253743730271472,-0.00341263497599087,-0.00106745282721743,-0.00648840986384203,-0.00107476985382959,-0.00107212153830893,-0.0097585936770157,-0.000359045337433361,0.000490829969117534,-0.00439062948505509,-0.00329853533905844,-0.00522064804344957,-0.00141572629446962,-0.00164094259991332,-2.922708606512e-05,-0.000869752164048165,-0.00246768660330909,-0.00245727824440545,-0.00404418753442304,-0.0104076573385825,-0.0022768715964876,-0.00435896270198644,-0.00439062948505509,0.000726649709775096,-0.00255902572111033,-0.00825037475121082,-0.00431596351705243,-0.000563370961657927,-0.00439062948505509,-0.00040260454296881,-0.00140592756210989,-1.94673165889725e-05,-0.00169551289931924,-0.00371634370488838,-0.00609756698229802,-0.00151057049116377,0.000207511338742528,-0.00160256250533264,-0.00145446657396686,-0.00864588195715221,-0.00798743475510744,-0.000541213950675967,-1.86336759426808e-05,-0.000243166294076058,-0.00190857516006115,-0.0050325818725927,-0.000391950642881778,-0.00864588195715221,-0.00132021852510977,-0.00432283929979649,-0.0055141302493924,-0.000869752164048165,-0.00176544043997406,-0.00798743475510744,-0.00142914331993715
"12:32643080:G:A",-0.00220479027667686,-3.61811317297622e-05,2.26962549234599e-05,-0.00223409194439661,-3.61811317297622e-05,-0.00167044366822067,-0.000397462401365622,-0.00362396856322089,-0.000112305507709465,0.000207037439193591,-0.00530298463651757,-0.00230395278998774,-0.00176544544647239,-0.00286833714137646,-3.61811317297622e-05,-5.99133815892827e-05,1.53524179760112e-05,-0.00130821126317127,-7.00847622265854e-05,-0.000278856604359667,7.57895925724839e-05,0.000190570473787233,-0.00282260245954724,-9.57300187085508e-05,-0.00167680483262567,-0.00130821126317127,-2.13145787917313e-05,7.31336690664719e-05,-4.63025941588313e-06,0.000165823617481742,0.000158649482145279,-6.34895169984162e-05,-0.000797529615893744,-0.000241547177584955,0,0.000433168638784842,-0.00114602161390831,2.46160524106642e-05,-7.00847622265854e-05,-0.00303130411878083,-2.81167531177573e-05,-7.35995686822477e-05,-0.00098430696692553,0,-0.00276820834800695,1.13703798456655e-05,8.3188320966876e-05,7.82880578586997e-05,-0.0047619736356026,-0.00640430904884459,0.178710088028823,-0.00023203192931831,-8.44277462999088e-05,-0.00211167978110538,4.84043411752566e-05,-0.00142960980793205,-0.00579592038218646,-0.00611492886929277,-0.000442948016491584,-0.00109822572530138,-4.27385781245349e-05,-0.00148043862531999,-0.000116189081766471,-0.00229654540798929,-5.29050963278266e-05,-0.00680340527388701,-0.000120125313934238,-0.00389755835750094,-1.21142025708565e-05,-0.00637990113559894,0.000198520789299828,-0.00047857142802421,-0.000113120490001783,-0.00124149486847003,-0.000490881584926051,-0.00264710682784486,-0.000327089081766374,-1.21142025708565e-05,1.53524179760112e-05,-0.00642220123396608,-0.000796957537116505,-0.00671773083419769,-6.34895169984162e-05,2.95598960855514e-05,-0.00047857142802421,-0.00577832478183993,-0.00155492582151373,0.000796397226469736,3.29266795340288e-06,8.61280436277312e-05,-0.00189093680396457,-0.000158106480342646,-0.000275801926782115,-1.21142025708565e-05,-0.00258480997681509,-0.0015971859710211,-0.00655915445954136,-0.00640837730831567,0.000142071471000982,0.000819984252934169,-0.00344657500485024,5.10750870095222e-05,-0.000985332920951265,-0.00968902192533916,8.79637667710043e-05,-3.61811317297622e-05,-0.000790931223368929,8.07540931146988e-05,-2.8183141981053e-05,-0.000752747245795327,2.3987339837106e-05,8.07540931146988e-05,-0.00376791563647272,-0.00225735574775143,-0.00126253475801175,-0.000790931223368929,-1.52429673008214e-05,-0.000203028798826388,-3.61811317297622e-05,-0.000489834532281463,-0.0011527435090315,-0.0017640373422525,-0.00278416234526002,-0.00159064738073056,-3.61811317297622e-05,-0.000108473555310518,5.10750870095222e-05,0.000409431444253094,-0.00066598192673073,-5.9784751877956e-06,-0.000270578591118564,-0.000102139590122619,-0.00597624917004413,-0.000262528303749399,-3.1528779139478e-05,1.23975781338714e-05,-0.00132343360521414,9.40320402786909e-06,0.000139342205190296,3.45084288673192e-05,-0.00159878311399853,-0.00011834171014069,-0.000391665464698931,1.23975781338714e-05,-0.000112305507709465,-0.000281622426558492,4.29565517121588e-05,8.07540931146988e-05,-0.00219816972588482,-0.00132343360521414,-0.00112536501418692
"12:32645755:G:C",-0.00286425432004211,-0.00213877435034693,-0.00108468526924987,-0.00318833958616649,-0.00213877435034693,-0.0157031727046197,-0.00420493113900688,-0.000937747126197763,-0.00291645082849001,-0.00540030085159726,-0.00567892825037708,-0.0036168872007023,-0.0144711657295264,-0.00126692961046082,-0.00213877435034693,-0.000860914908295207,-0.00107157975639449,-0.00510371498591278,-0.00233897935852045,-0.000446979880181608,-0.000633723720047108,-0.00594643079165769,-0.00372453007717244,-0.00280479609496886,-0.0132125074198326,-0.00510371498591278,-0.000362050698459182,-0.0061338907727988,-0.00109765224308989,-0.000667485127013201,-0.00309908117236235,-0.000380873864628928,-0.00178575053014374,-0.00656379912308491,0,0.00124193428649599,0.000594493413373698,-0.00219749225104016,-0.000751109719116627,-0.0063201430035198,0.000260835943952209,-0.00262101209041266,-0.00141412547615882,0,-0.00722111896535749,-0.0122680194595586,-0.000328225574333985,-0.000559361335313646,-0.00108026316125009,-0.00850585147543192,-0.00023203192931831,0.441565230105868,0.000200630435569948,-0.00108349170367861,-0.00611777635941024,-0.00124067663123162,-0.00298525482863887,-0.00724990302349227,-0.000783422390735034,-0.00204379483758377,-0.00313251164372375,-0.00499619039686028,0.000343058231066173,-0.00217702856311242,-0.00493425005031423,-0.00647397761650126,-0.00103480100925424,-0.010761663279097,-0.000154487006533088,-0.00474214521783223,-0.00147672797585408,-0.000687196828637049,-0.00038339721056202,-0.000130360655395734,-0.00377855745148281,-0.00109375449084226,-0.00374119755438018,-0.000154487006533088,-0.0031953806077869,-0.00907599167064221,-0.00228991331787221,-0.00615655605979892,-0.000330060988939618,-0.000148663989066655,-0.000687196828637049,-0.00391058562423163,-0.0054339213032728,-0.00239882119948653,-0.000261745764658095,-0.00182788361863162,-0.00109283659333848,-9.58450293002677e-05,-0.00439790854203581,-0.00228306178925752,-0.00212765238931389,-0.00078232921934962,-0.00253110345093077,-0.00199072796432098,-0.00155011537631156,-0.00715317801908055,4.67336865312973e-05,-0.00023376334546743,-0.00507553795075477,-0.00983174054113611,-0.000471799414408558,-0.00213877435034693,-0.0104370647668297,-0.00158699581812094,-0.00124194233206421,-0.00015650082518448,-0.000335479601193178,-0.0012779109562242,-0.0071587491167735,-0.00382974438285766,-0.000114707901875732,-0.00373654900565246,2.17937299789028e-05,-0.000483170330438654,-0.00213877435034693,0.000697399165917822,-9.50850246379531e-05,-0.000264317411629023,-0.00979216479844514,-0.0034715392798792,-0.00213877435034693,-0.00457388800010783,-0.00023376334546743,-9.05220261122608e-05,0.000502723274223627,-0.00324280719297931,-0.00151447484144995,-0.00304659866199808,-0.00340378382839734,-0.00705600451663368,-0.00116938469112871,-0.000609177395730853,-0.00552652702872525,-0.000316673248677013,-0.000521263565467223,-0.000624901413107892,-0.0113086781981675,-0.000419142955122354,-0.00865857517910529,-0.000609177395730853,-0.00303149964085669,-0.00341802305877392,-0.000244046875319093,-0.0012779109562242,-0.00818219029337097,-0.00552652702872525,-0.00119234638426846
"12:32646451:G:T",-0.00320508426233523,-2.32371161770217e-05,1.58483700252177e-05,-0.00309637822132647,-2.32371161770217e-05,-0.000871416856907281,-0.00110943046160816,-0.00107998349140015,-7.20580045667774e-05,0.000326428613159457,-0.00293059358203784,-0.00295604837607666,-0.000934621372654654,5.25413771201855e-05,-2.32371161770217e-05,-3.79265100649562e-05,-0.00261462673003354,-0.000741692632482582,-4.50668979885549e-05,-9.55643926321414e-05,4.94891537092812e-05,0.000287056552522813,-0.00164376061082727,-0.00148713526099176,-7.38477347042021e-05,-0.000741692632482582,-0.00191569929816193,-0.00593413968926804,-0.000144320661375374,-0.000121643304451524,-0.0019776023484015,-0.00140544233498119,7.71345132637435e-05,-0.00278840528998181,0,1.23811888741443e-05,-0.000283872874012658,0.000171755322333489,-4.50668979885549e-05,-0.0018050104530527,-0.00364820912862651,-4.72461941249946e-05,-2.32371161770217e-05,0,-0.00024811671171765,-0.00502996141273204,5.40385236051932e-05,5.10250433825021e-05,-0.000184328010726098,-0.00560284633731456,-8.44277462999088e-05,0.000200630435569948,0.133255057994369,-0.00637475444654534,3.16704549589986e-05,-0.000336714937148486,-0.0027625655782435,-0.00554882655726985,0.000148896015380373,-0.000292677286981124,-2.72985728964059e-05,-0.00170473156983242,-7.44666210970024e-05,-0.00234695407307495,-3.35913772611107e-05,-0.000234940327134225,-0.00378109163331075,-0.00583995809572802,-7.49452848403109e-06,-0.00224707607888597,-0.0012335491942066,0.00013083126034541,-5.64878735636043e-05,-5.85796666561222e-05,0.000317276922091381,0.000106985449635388,-0.00429154133168996,-7.49452848403109e-06,1.03628364582775e-05,-0.00503542822627967,-7.20580045667774e-05,-0.000267163866992881,-4.01377293881566e-05,1.91370806783553e-05,0.00013083126034541,-0.00233599907691673,-0.00194439599203022,-0.00064458265575329,2.92345498653646e-06,-0.00188402058098358,6.8817078865635e-05,-0.00010042462169757,-0.00444714398876567,-7.49452848403109e-06,-0.00164727139585175,-0.00161600936817319,-0.000120887314603912,5.55168423748142e-05,-0.00017139043808978,-0.000842698412293785,-0.000102982470651547,3.33163392731706e-05,-0.00152508036608445,-0.00119124316275432,5.69766840827768e-05,-2.32371161770217e-05,0.000145385768225204,-0.00101220749741682,-1.74243560975285e-05,-0.000588717059645028,-0.00262351310069064,5.25413771201855e-05,-0.00295110776903229,6.81954163708198e-05,-2.72985728964059e-05,0.000145385768225204,-9.42896301836527e-06,0.000659074518190472,-2.32371161770217e-05,-0.00423059428490102,-5.39565984283286e-05,5.10250433825021e-05,-0.000954146214492191,-6.95082666091196e-06,-2.32371161770217e-05,-0.00157583665092442,3.33163392731706e-05,-0.0008084819192824,-0.000581590607314553,-3.6995431136333e-06,0.000623739245844135,-0.00145674376810323,-8.18871617518369e-05,-0.00150666182511916,-1.94901843206807e-05,8.5393471334072e-06,0.000164526183374925,6.69193568292314e-06,9.05241956070668e-05,-9.66304907219495e-05,-0.00165627525246403,-3.02487898746762e-05,-0.0015441346902989,8.5393471334072e-06,-7.20580045667774e-05,-9.76650638193632e-05,2.83144501054267e-05,5.25413771201855e-05,3.16704549589986e-05,0.000164526183374925,0.000428416492852968
"12:32647269:C:G",-0.00790642738555025,-0.00526268874401392,-0.000303169632263511,-0.00849952737641901,-0.00526268874401392,-0.00315163624483494,-4.08812258321234e-05,-0.00688920838101126,-0.000285965723596959,-0.0064493502681775,-0.00223389450436384,-0.0093770592304625,-0.00343697893191264,-0.00584769770098248,-0.00526268874401392,-0.000515452460553512,-0.00588649421522813,-0.00530162031979753,-0.00215326957374984,-0.00825502656768862,-0.00583675333516442,-0.00396185467712495,-0.00478818401509251,-0.00544526089716024,-0.00833830610042252,-0.00530162031979753,-0.00249382014655719,-0.00507264413634267,-0.00649301245147571,-0.00571493602720397,0.000162466155249064,-0.00236309220302289,-0.000541110779166853,-0.00675021426634448,0,-0.00644747950225133,-0.00687852237700026,-0.00198583266547958,-0.00215326957374984,-0.00444273710951437,-0.00652356724809389,-0.00266826370520601,-0.00151025986474718,0,-0.00847895855002267,-0.00304909296657119,-0.000320860247859933,-7.46009433338912e-05,-0.00156746137173824,-0.010807402042365,-0.00211167978110538,-0.00108349170367861,-0.00637475444654534,0.555224662378392,-0.00497004707865134,-0.00170130292864501,-0.0030421053328693,-0.00229117577435201,-0.0006224327899087,-0.00559305318909642,-0.00743295561377355,-0.000279607273146354,-0.000903277255757118,-0.00220575262129774,-0.00511329144024586,-0.000552866041577005,-0.00135408538833115,-0.000213802188856693,-0.00492075604670195,-0.00780357578355995,-0.00775999930822024,-0.000445510114500891,-0.00307359814597463,-0.00378179230586539,-0.00363885418272192,-0.000848248156631648,-0.00455426646279644,-0.00492075604670195,-0.000305478976681428,-0.00294160683517797,-0.00121274101250002,-0.000792243785338709,-0.000905874220788583,0.00019730068781687,-0.000445510114500891,-0.00155924457265799,-0.0042818517949037,-0.0144171242126037,-0.00312782725719174,-0.000439836685641737,-0.00198245377636841,-0.000426048403399992,-0.00101025800058263,-0.00859341644976119,-0.00252694087867544,-0.000898244157555794,-0.00403337067230725,-0.00298841401104522,-0.00453045217659742,-0.0191409976118124,-0.000379508872574874,-0.000161443750611667,-0.00700809939061964,-0.00689937651351036,0.000116400846575715,-0.00526268874401392,-0.00523433304481813,-0.00155320553800387,-0.000558535117577641,-0.00650780882209068,3.67696134659923e-05,-0.00406737495417087,-0.00404740263496528,-0.00510136332359501,-0.000143947866064309,-0.00801038223077022,-6.5470877288476e-06,-0.00542182403026814,-0.00526268874401392,-0.00331679701633814,6.48163916308064e-05,-0.00621023434350576,-0.00506259276773413,-0.000132413220951033,-0.00526268874401392,-0.00507754004008287,-0.000161443750611667,-0.00422590103103815,-0.00744616543964494,-0.00228002420096995,-0.00409763879829406,-0.00453587589620952,-0.00166039827428044,-0.00533560186068494,-0.000547311840604969,-0.00209735162440516,-0.00855977916836004,-0.00508064810954156,-0.00375775099653719,-0.000105278931789243,-0.000860742053909291,-0.00252584472894357,-0.00371928407755062,-0.00209735162440516,-0.00064486586139445,-0.00147201360689353,-0.0107950653425766,-0.00406737495417087,-5.91790337001186e-06,-0.00855977916836004,-0.00399039352568087
"12:32647344:G:A",-0.00116792927971776,1.41281955743366e-05,-1.23763120507547e-05,-0.00110499873303649,1.41281955743366e-05,-0.00704062673027561,-0.000878792834537734,3.05066046335511e-05,4.22461828621934e-05,-0.00681581841667178,-5.92907977940982e-05,-0.00100192448547887,-0.00697482503016467,-3.51275126790895e-05,1.41281955743366e-05,2.18719624323072e-05,-7.41690773242709e-06,-0.000138012874558946,2.70831327391363e-05,-0.00310335532205741,-3.33777968668514e-05,-0.00973061812290776,-0.00289372093224749,6.30904252707509e-05,-0.00765278336400765,-0.000138012874558946,-0.00315650867369044,-0.0012107149045697,7.8168184445282e-05,-0.00584711433378082,-0.00102640887362337,2.30235870510853e-05,-5.42123985702858e-05,-0.00563193247052585,0,-0.0170352963167026,-0.00182579587975606,-0.00135257928291388,2.70831327391363e-05,-0.00602652713999774,-0.0020617525822173,2.8213105354169e-05,1.41281955743366e-05,0,-0.00224237122736071,-0.00449936975176346,-3.59886593708225e-05,-0.00105109562422534,-0.00383494133504403,-0.00432192803636688,4.84043411752566e-05,-0.00611777635941024,3.16704549589986e-05,-0.00497004707865134,0.26623519699711,-0.00121227546317737,-0.00271048254002082,-0.00742593914072298,-0.000106234984703413,-0.00435864397116248,1.62856359535724e-05,-0.000198717186440156,4.34537633378085e-05,-3.33777968668514e-05,1.96035795143601e-05,-2.75081919554054e-05,4.46731990750848e-05,-0.011122432936963,4.07925330581094e-06,-0.000669479084090874,-9.07533789291648e-05,-9.192956060744e-05,-0.000342796428084213,-0.00237562315061002,-0.00450413191994947,-7.45821459009477e-05,0.000111292226256055,4.07925330581094e-06,-7.41690773242709e-06,-0.0108299972244668,-0.00190168814158298,-1.80248405365901e-05,2.30235870510853e-05,-1.22843831880104e-05,-9.192956060744e-05,-0.000308327217185322,-0.00627148772018771,-0.00355094237180431,-0.00155837259212088,-3.99348015234224e-05,-4.68060681440008e-05,-0.000107742597206695,9.62247669118454e-05,4.07925330581094e-06,-0.000148745413178553,5.12498737847977e-06,6.59440501520336e-05,-3.68408533502063e-05,-0.00506174235415369,-0.00374408092754219,-0.00202321964794727,-2.21160985738322e-05,-0.000650619104622052,-0.0104594680119092,-3.76842321330173e-05,1.41281955743366e-05,-0.000104152561140047,-3.51275126790895e-05,9.41634673079506e-06,-0.00131682960440216,-1.03670743758499e-05,-0.00229252346915665,-0.00678662691677179,-0.000229908723164307,1.62856359535724e-05,-0.00507931037719533,5.12498737847977e-06,7.28045729321281e-05,1.41281955743366e-05,-0.00263524670629955,3.16704549589986e-05,-3.42572729321589e-05,-0.00690919328425377,-0.000140599277052011,1.41281955743366e-05,4.10502918004596e-05,-2.21160985738322e-05,-0.00117564811206705,0.000106832595291095,2.01919550146812e-06,9.47946696241431e-05,-0.000104000609017163,-0.00221742039343287,-0.00743084562812513,1.05171214981326e-05,-0.00152573260869104,-0.000119525864697323,-0.00300398486706754,-6.20356787965903e-05,-1.63970465871799e-05,-0.00118519918032423,1.61973585317554e-05,-0.0110440467278092,-0.00152573260869104,4.22461828621934e-05,-0.00226332543429475,-0.00311614498486978,-0.00229252346915665,-2.11877264923999e-05,-0.000119525864697323,-0.00145699455982307
"12:32647758:G:A",-0.00349146516689114,-9.48364438357885e-05,-3.83021480594437e-05,-0.00490912544492872,-9.48364438357885e-05,-0.00226581274729964,-0.00197285307418937,-0.000215558576811326,-0.00333757408771529,-0.00320570160724465,-0.00661775529827757,-0.00453137404576243,-0.00324023841941568,-0.00153509200797419,-9.48364438357885e-05,-0.00153236157595504,-0.00377318525842973,-0.00104720408701731,0.000729204470771627,-0.00457396690600831,-1.98626550078629e-05,-0.00379770925881395,-0.000240454206414498,0.000185556818128596,-0.00320767745894157,-0.00104720408701731,-0.00427539699046253,0.000696741701837311,-0.0017233161962098,-0.00195121562598732,-0.00140949949599189,-0.00290779964757437,-0.00606612617925695,-0.0012773232117218,0,-9.42741751686071e-06,-0.00275011706032036,-0.00355671651166301,0.000729204470771627,-0.0012194582079621,-0.00106489197130255,-0.0025650352353308,-0.00596476358820386,0,-0.00115471301060843,0.000270422586500008,-0.000651066774873144,-0.00166651280903274,-0.00267002300204222,-0.00533650462592927,-0.00142960980793205,-0.00124067663123162,-0.000336714937148486,-0.00170130292864501,-0.00121227546317737,0.3095645213898,-0.00478854683212759,-0.0147021757281123,9.48340036908135e-05,-0.00150327278805573,-0.00137006623936919,-0.000385959601720387,-0.000308723199955452,0.000183649258707064,-0.00224371417657387,-0.00525729998499624,-0.00124347994726026,-0.0156192702683908,-0.0017008767936888,0.000288203350962579,-0.00844895580378147,1.88727829035784e-05,-0.00177018900761805,-0.00658777426282953,-0.00282517100530733,-4.11516241705101e-06,-0.00302778790322655,-0.0017008767936888,-1.6832954615964e-05,-0.0143283870468847,0.000194573355974725,-0.00526725520414395,-0.000178171475819333,7.45713478540466e-05,1.88727829035784e-05,-0.000146357934340813,-0.00316182433144041,-0.00133147830239677,-5.49742156241706e-06,-0.000402695152373234,0.000258154251235432,-0.00269606085756458,-0.00277479056925323,-0.0017008767936888,-0.00134815649431008,-4.62277887205431e-05,0.000737390594821363,-0.00632206616388142,-0.000931802180478059,-0.00233819230780696,-0.000942205055732614,-0.00182962692281396,-0.0039642591653779,-0.00282185981373351,-0.000294953950069399,-9.48364438357885e-05,-0.000758847295702303,-0.00153509200797419,-0.00162481753900856,-0.000896803654679701,-0.00163644186900047,-0.00279101562930695,-0.00236972482076947,-0.000320395451558042,-0.00137006623936919,-0.000758847295702303,-0.00166436794565517,-0.00107882490715383,-9.48364438357885e-05,-0.00235666963413905,0.00023201757410618,0.00019129458975975,-0.00283933789062418,-0.0024883777049638,-9.48364438357885e-05,0.000212165519068108,-0.00182962692281396,-0.00279920684646839,-0.0014315066092685,-0.00296486644104821,-0.00214018607730537,7.09934858393879e-05,-0.00260237496654803,-0.00417522638063339,-0.00162490013902516,-0.000720104307962544,-0.00049080543227209,-0.00176299030276983,-0.000493332790258094,-0.00262363084055917,-0.00223402030844655,-0.000166511994010854,-0.00556110376839491,-0.000720104307962544,-0.00429556457442359,-0.00272356160034715,-0.00449880410427728,-0.00279101562930695,-0.00206346543967761,-0.00049080543227209,-0.00341008173653368
"12:32647946:T:A",-0.00451389613730591,-0.0014582250075712,-0.0030176620550928,-0.00481224379966161,-0.0014582250075712,-0.00397155971478247,-0.00407649527878506,-0.00180153819497253,-0.00072357524213551,-0.00237417282424168,-0.00815820490459895,-0.00532609302030629,-0.00344906522573085,-0.000371639382214184,-0.0014582250075712,-3.95643135977508e-05,-9.79286487119424e-05,-0.00575812069957715,-0.00633432855336036,-0.00359520147807268,-0.00311863274094648,-0.00398028846012366,-0.00258217638747116,-0.00205330033568174,-0.00369044134713947,-0.00575812069957715,-0.0035448605162931,-0.00865221138265948,-0.00517073245830524,-0.00426295291494005,-0.000148386360500297,-0.00342548504457962,-0.00877784284796057,-0.00252450258410253,0,-0.00154452413920358,-0.00742428720468702,-0.0060440510180837,-0.00232258512036232,-0.00369247955224195,-0.00340933822903411,-0.00139684117816508,-0.00141600527179175,0,-0.0117880559217771,-0.00940573617186535,-0.00540035376803072,-0.00738114805616874,-0.00714367885048883,-0.00883202550208617,-0.00579592038218646,-0.00298525482863887,-0.0027625655782435,-0.0030421053328693,-0.00271048254002082,-0.00478854683212759,0.46086526257967,-0.00455789699600029,-0.000455120190993696,-0.000577491408140229,-0.00174593772011988,-0.00515379234680724,-0.000584290976714641,-0.000106278759866463,-0.00173407019403449,-0.00846006695019152,-0.000732847110618273,-0.00587067375382144,-0.000711052153449465,-0.00370535222213197,-0.00277888339240651,-0.00035337863712126,-0.00681878781783363,-0.00544534070604552,-0.00247601646982076,-0.00084345634869365,-0.00160008055905525,-0.000711052153449465,-2.75104324067854e-05,-0.00585157999538577,-0.000421088548836046,-0.00839459338212611,-0.000273511652991054,5.89560993473626e-05,-0.00035337863712126,-0.00283351162312906,-0.0030479271176822,-0.0034228051814611,-0.0013263390539251,-0.00023749788867411,-0.0013825883626355,-0.000359994017238741,-0.000636738709320461,-0.00208926428689971,-0.000611482052340406,-4.5829549017995e-06,-0.000683033075565831,-0.00734488626788643,-0.000221542070317771,-0.00223197867696445,-0.00014693288043155,-0.000883393099079477,-0.00611748871858042,-0.00200918956161589,5.03884128342236e-05,-0.00545069437375467,-0.00650233473174744,-0.00421860360434412,-1.58028583019387e-06,-0.00114865885485349,-0.00173932617445338,-0.00698322459690548,-0.000523384228682033,-0.000742520665673929,-0.00747730425122128,-0.000263955828098794,-0.00223931206441641,-0.00726008800349831,-0.00545069437375467,-0.000917532468826199,-0.000109347125456516,-0.00136860729870669,-0.00303919155329213,-0.00113668424166313,-0.00545069437375467,-0.000188501032836186,-0.000883393099079477,-0.00676771417265787,-0.000917747159800975,-0.0039970210537259,-0.00379894556417337,-0.00019115174453388,-0.000233391829112861,-0.00740555206652349,2.03790253561209e-06,-0.00103568875122484,-0.00228425764319962,-5.47002861530643e-05,-5.89297290218838e-05,-0.00516361134309395,-0.00436400133085169,-0.000101288742429873,-0.00992720215182619,-0.00103568875122484,-0.0012746227051279,-0.005661295968304,-0.000943205830171046,-0.00698322459690548,5.58795219784969e-06,-0.00228425764319962,-0.00729651148342558
"12:32648257:C:T",-0.00550305286938535,-0.00149992726767145,-0.00411152661020697,-0.005177412018607,-0.00149992726767145,-0.00543931644146189,-0.00496215881120898,-0.00194169854141091,-0.00473703099873646,-0.00425084119004993,-0.00239918915383308,-0.00629316717866679,-0.00693247655281315,-0.00213125719741303,-0.00149992726767145,-0.000434989685277998,-0.0114525992179146,-0.00288597242490196,-0.00377467555444522,-0.0134208707973786,-0.00138459721516249,-0.00520784737558033,-0.00308204410391344,-0.00334607882594229,-0.00435945679627636,-0.00288597242490196,-0.0188005435180156,-0.00683240538771779,-0.00453456246185757,-0.0076973436003831,-0.00149197815371771,-0.00169940137159097,-0.00767889632996077,-0.00838752317921632,0,-0.0109432185886522,-0.000370603101435218,-0.00703200468141185,-0.00768405453764398,-0.00595994662300603,-0.00391210156614008,-0.0121410634174977,-0.00601911453017134,0,-0.00334865253075423,-0.00477066376552937,-0.000889087860338478,-0.00287764606225593,-0.00565474143087918,5.07701193850352e-05,-0.00611492886929277,-0.00724990302349227,-0.00554882655726985,-0.00229117577435201,-0.00742593914072298,-0.0147021757281123,-0.00455789699600029,0.550201964850269,0.000775999504670111,-0.00403024209033198,-0.000120232757957695,-0.000594592525556159,-0.00117630257239387,-0.000541126591771857,-0.00565081875450968,-0.00408195429766378,0.0003614587428169,-0.00782769144760564,-0.000317842058120021,-0.0101437862786389,-0.0029442562533939,0.000904750751231198,-0.000534829505284495,-0.00525755297547903,0.000820814946044024,0.000582581032094964,0.00107826576017755,-0.000317842058120021,-0.000284613016784618,-0.00216426742960962,0.000408297516262479,-0.0044091074596353,-0.00380808897842133,0.000465317757473827,0.000904750751231198,0.00174075987112854,-0.00167780324917377,-0.0101516726365705,-0.000738546024212194,-0.00204655298806866,-0.0105149139029654,-0.00164601978589829,0.000905564255585745,-0.000728212647606696,0.00147858787628641,2.42299629853449e-05,-0.0048170750919776,-0.00819555777691416,-0.00436070590083926,-0.0141704703941872,-0.00104024167977368,-0.000301338553724051,-0.00752537855754598,-0.00566126595364969,-0.000378182381424175,-0.00149992726767145,-0.00117966389596713,-0.00163449972250707,-0.0035526005573141,-0.00295811057125972,-0.00176020690206791,9.70246624145688e-05,-0.00897880099451953,-0.00679597519365949,-0.00566814924203385,-0.00156607377634899,-0.0029299110012202,-0.00463732797521432,-0.00149992726767145,-0.00673421873765534,-0.00121182918136853,8.35203361404524e-06,-0.00840772367107556,-0.0001024201782025,-0.00149992726767145,-0.00663027875032096,-0.000301338553724051,-0.00816179498421521,-0.00134456829588059,-0.00197371747773989,-0.00219067562331876,-0.0129487896193177,-0.00227358948390144,-0.00339667229770146,-0.00477324884637342,1.31467385031669e-05,-0.000580844724607843,-0.00840087503209297,-0.00733065647259146,-0.00365757625340724,-0.00381709680859954,-0.000243869297903654,-0.00487828849162097,1.31467385031669e-05,-0.00435779575407214,-0.00442431657730236,-8.9929266433586e-06,9.70246624145688e-05,-0.000779011463293955,-0.000580844724607843,0.000128824481304246
"12:32649117:A:G",0.00116842241916615,6.70001708060752e-05,-7.52230520451036e-05,0.00109144292708052,6.70001708060752e-05,-0.000321144931576534,-5.37279608714414e-05,0.000144193211303545,0.000203858506962362,-0.000490092585097912,-0.000398104284420775,0.00102600035599743,-0.000366339298397911,-0.00017073609565621,6.70001708060752e-05,9.73024702171088e-05,-4.15466255914154e-05,0.0011206613675796,0.000130400169672917,7.46777189588599e-05,-0.000164878798638135,-0.000411047993427616,4.08851324174009e-06,0.000291731256961469,0.000240254104125981,0.0011206613675796,-0.00029685503359822,-0.000268789456806751,0.000369350206786301,-0.000908993050704687,0.000273316252200395,0.000101833623149084,0.000182888096010636,0.000156064904738962,0,-0.00137209234685365,0.000740531893479002,-0.000387388345899353,0.000130400169672917,0.000274783460833206,0.000767138952203261,0.000134946174784822,6.70001708060752e-05,0,0.000184211400030776,-0.00126678429881455,0.000693706102460112,-0.000167824237498948,-0.000831084426319073,0.00059936872079458,-0.000442948016491584,-0.000783422390735034,0.000148896015380373,-0.0006224327899087,-0.000106234984703413,9.48340036908135e-05,-0.000455120190993696,0.000775999504670111,-0.0189415423005048,-0.00038319947317067,7.54137150922318e-05,-0.000900950087806329,0.000208881570413766,-0.000164878798638135,8.83962082092182e-05,0.000566298891728323,0.000213962151523361,-0.000727932712338841,1.53771566129279e-05,-0.000388276819340838,0.00091498133260437,0.0128955026885569,-7.0261040205466e-05,0.000158464780681378,0.000353312663210481,-0.000353926755131795,0.000563676128149559,1.53771566129279e-05,-4.15466255914154e-05,0.000717338956787827,0.000203858506962362,0.000646607685401257,0.000101833623149084,-5.92612231615774e-05,0.0128955026885569,0.00139215146308036,-0.000425229916483971,-0.00413413745245883,-0.000151136668200103,7.64208018315671e-05,0.000385073556856241,0.000262447584926662,0.000482834062013104,1.53771566129279e-05,-0.00068036639767044,1.93309586107304e-05,-0.00179814848024318,-0.000176461341387935,-0.000211359663014221,-0.00537915576765702,0.00028474239258891,-0.00010948509607811,-0.000387272170272013,-0.000990511220683388,-0.000179275832885573,6.70001708060752e-05,-0.000483887267527905,-0.00017073609565621,3.56072081206804e-05,0.000893575234608868,-5.22949347745438e-05,0.000508855764802085,0.00141585693647439,0.000195801269874174,7.54137150922318e-05,-0.000483887267527905,1.93309586107304e-05,0.000356556450105572,6.70001708060752e-05,-0.00178036404814197,0.000148896015380373,-0.000167824237498948,0.00115664549240169,-6.96805979938375e-06,6.70001708060752e-05,0.000198891989697358,-0.00010948509607811,-0.00098825048613449,0.000542173590299733,7.60244058550796e-06,0.000476143420380382,-0.000311101945031922,-0.000528213767496233,-0.000230326624149235,3.97955873632228e-05,1.6381189574588e-05,-0.000549528415975331,5.45526036432875e-06,-0.000294821632439657,-8.9411255536298e-05,-0.000410392254656777,6.1496646612369e-05,-0.000198182808594183,1.6381189574588e-05,0.000203858506962362,0.000256801710107446,-9.96221144093923e-05,0.000508855764802085,-0.000106234984703413,-0.000549528415975331,0.00116368346213935
"12:32652249:A:G",-0.000526026914838162,-0.000674421121637181,-0.00618623940556695,-0.000473000613457231,-0.000674421121637181,-0.00217888186960513,0.000945726389533164,-0.000881824081561788,-0.000378864526879852,0.000236225970067672,-0.00183548092388897,-0.000492658750593122,-0.00230756906534912,-0.00214340083714237,-0.000674421121637181,-0.000220108586274748,3.57634097047921e-05,-0.000281447132800317,-0.000234536541363184,-0.00162249667902969,-0.00237713719310317,0.000496580850518846,-0.000412394058153076,-0.000656245170336689,-0.00113845657699718,-0.000281447132800317,-0.00128938638858944,0.000477052096553354,-0.000811717205929874,-0.00285446707064807,-0.00158572776200572,-0.00117360557727419,-0.00121586364518134,-0.00101830214476983,0,-0.00141500774004433,-3.81089404069002e-05,-0.00200329607047323,-0.00772181600343647,-0.000357958722894125,0.000165419634889474,-0.00514063538292842,-0.000122538467976163,0,-0.000564860388865718,-0.00176197279578494,0.000265925881785201,0.000244348627186142,-0.000643757173120818,-0.00158802794109691,-0.00109822572530138,-0.00204379483758377,-0.000292677286981124,-0.00559305318909642,-0.00435864397116248,-0.00150327278805573,-0.000577491408140229,-0.00403024209033198,-0.00038319947317067,0.258873280793614,-0.00404275754527728,-0.00110312082427733,-0.000800242381437499,-0.00237713719310317,-0.00370113320748455,-0.00380514886230188,0.000272194247905588,-0.00600852796748219,-5.05022907271169e-05,-0.0014993801138905,0.00064862296932322,-0.000484595268017252,-0.000567709536105632,-0.00073296267697831,-0.000541189286241917,-0.00486611832714789,-0.000275454767542094,-5.05022907271169e-05,3.57634097047921e-05,-0.00134743562262374,-0.00503842866865067,-0.00381753173395349,-0.00117360557727419,9.59835108034213e-05,-0.000484595268017252,0.000707261193822362,-0.00180852179176094,-0.011728799266153,-0.0012845400160213,-3.93116191981235e-05,-0.00186860616685092,-6.64449142666612e-05,-0.00127697926656989,-5.05022907271169e-05,-0.00757188320141466,-0.00335885187219986,-0.00919172503798382,-0.00160871196720436,0.0014633474035195,-0.00653778756157752,-0.00468334417846528,-0.00246015988658321,-0.0078191971339554,-0.00216026457609519,0.000286936566095797,-0.000674421121637181,-0.00124864173984562,-0.00229929423045583,-0.00122261293241799,-0.00686006575973241,-0.0027758313684263,0.000255209492800113,-0.0111759894826671,-0.000598255881998355,-0.00404275754527728,-0.00124864173984562,-0.00124803113653815,-0.00157086421905817,-0.000674421121637181,7.50495107411098e-05,-0.000292677286981124,0.000244348627186142,-0.0117890530999478,-0.000120568615620265,-0.000674421121637181,-0.0057307121026593,0.000157949560583681,-0.000145712926514108,-0.00598250454572735,-0.00153212526489455,-0.00109019507459873,-0.000196059529140591,-0.000762536197616015,-0.000789466350733292,-0.00122631441991139,-0.000223208979925893,-0.000951145118411212,-0.00133126062672595,-0.00165775772756582,-0.00283806512690443,-0.000450468435806872,-0.000496493994795344,-0.00634615520992377,-0.000223208979925893,-0.00121379144462619,0.00213238491271284,0.000122885736002942,0.000255209492800113,0.00014641922244607,-0.000951145118411212,-0.00186217415956769
"12:32654132:C:T",-0.000246570392073764,-1.17892195010683e-05,8.60534873581287e-06,-0.00022842341683571,-1.17892195010683e-05,-0.00735465738850039,-7.8322287289545e-05,-2.61815351327854e-05,-3.66216099534356e-05,0.00016421973979952,3.9600896903913e-05,-0.000213742134030248,-0.00726722088704523,-0.00133380046555764,-1.17892195010683e-05,-0.00010360210676108,5.47820117802189e-06,-0.000233427003749398,-2.29167140259889e-05,-0.000108593228913989,2.53775089626984e-05,0.000145032749443885,3.9176907735694e-06,-0.00158263120518232,-0.00871648232218725,-0.000233427003749398,-3.60501630263244e-05,-0.00712646576570908,-0.00145539692887642,-0.00264632259051112,-0.00207784727407123,-2.00918840675968e-05,3.96997017375611e-05,-4.28220872903395e-05,0,-0.00600356439051808,-0.000145041332448415,8.86149219159194e-05,-2.29167140259889e-05,-0.00664908518443585,-0.00127967925312422,-2.39908817487589e-05,-1.17892195010683e-05,0,-0.000125866390790819,-0.00687226239609728,2.75752979668198e-05,2.61194881687743e-05,-0.00301337794922141,-0.00176632985724279,-4.27385781245349e-05,-0.00313251164372375,-2.72985728964059e-05,-0.00743295561377355,1.62856359535724e-05,-0.00137006623936919,-0.00174593772011988,-0.000120232757957695,7.54137150922318e-05,-0.00404275754527728,0.142183313366044,-0.0018776811411918,-3.78126299640513e-05,-0.00252131114720822,-1.68757574883216e-05,-0.00145690241095231,-3.90195178852082e-05,-0.000203310109057497,-3.66819194308476e-06,-0.000964587913558468,6.54038209972896e-05,6.63294288756333e-05,0.000182322573252236,-0.00135574973211572,-0.000506210865704126,-0.00195658217823702,-0.000106853196329304,-3.66819194308476e-06,5.47820117802189e-06,-4.93581845555369e-05,-3.66216099534356e-05,-0.00142674942815102,-2.00918840675968e-05,9.75585167406479e-06,6.63294288756333e-05,-0.00247612879507741,-0.00288780226196472,-0.00178695304510779,1.85122446705321e-06,2.94444340207534e-05,3.51796316273578e-05,-0.00139754427308425,-9.01527952219539e-05,-0.00628615704756985,0.000100094377827986,-0.0017618055452493,-6.07724770249618e-05,2.82894795091693e-05,-0.000233036138072684,-0.0018852139553891,-5.23164371326601e-05,1.70845784310814e-05,-0.00521079056630835,-0.00471202460506248,2.89947389155998e-05,-1.17892195010683e-05,7.3778283678827e-05,2.68520252788562e-05,-8.52861492628421e-06,-0.000175883131068311,8.07742992314786e-06,2.68520252788562e-05,-0.0012817360202213,3.54317048456565e-05,-0.00140894880142906,7.3778283678827e-05,-4.61503013227116e-06,-6.60913370111871e-05,-1.17892195010683e-05,-0.000159974715503886,-0.00127181109974117,2.61194881687743e-05,-0.000415577047524707,-0.00276292637438313,-1.17892195010683e-05,-3.54461511440363e-05,1.70845784310814e-05,-0.00234018856909657,-0.000101587837338712,-1.81071460403359e-06,-8.85308418006048e-05,-3.18155554346333e-05,-4.14821646712582e-05,-0.000218941231986847,-9.53982515916607e-06,4.58918955814624e-06,8.3350078670108e-05,3.68850979270974e-06,4.60940729460901e-05,1.21319449224444e-05,-2.91977868638327e-06,-0.00287946487328394,-0.000300380390555688,4.58918955814624e-06,-3.66216099534356e-05,-0.00128299603395021,1.46565699239432e-05,2.68520252788562e-05,-0.00237104081209338,8.3350078670108e-05,-0.000239722964717082
"12:32655085:C:T",-0.0165994722584895,-0.004529957600381,-0.000266394350665777,-0.0166589399795054,-0.004529957600381,-0.00147815488252245,0.000531551543695663,-0.00117358998778538,0.000346936895585515,0.00110944473644903,-0.00157361456674643,-0.016650051158857,-0.0014785044045893,-0.000314082729288678,-0.004529957600381,-0.0015469847657652,-0.00346844666347845,-0.0122260901654432,0.000224512645513819,-0.0020519818704523,-0.000307705228288491,0.00113195585339732,-3.68408955209176e-05,-0.00243972904946155,-0.00197559830922689,-0.0122260901654432,-0.00130452863266406,-0.00477719719144654,-0.00261814207273758,-0.00216712373452932,0.000179574197932908,-0.00155250897505255,-0.00412148002443136,-0.00580694155911843,0,-0.00543770796833698,-0.00590236309679515,0.000136247641232323,0.000224512645513819,-0.000483845567637253,-0.00253944293005759,0.000230672701924561,-0.00234374781921254,0,-0.00664659660956168,-0.00620296721524705,-0.00549021410247263,-0.00441774289683217,-0.0039662879231539,-0.00474480919594544,-0.00148043862531999,-0.00499619039686028,-0.00170473156983242,-0.000279607273146354,-0.000198717186440156,-0.000385959601720387,-0.00515379234680724,-0.000594592525556159,-0.000900950087806329,-0.00110312082427733,-0.0018776811411918,0.310742252407842,-0.00196576208030308,-0.000307705228288491,-0.000134984513920244,-0.00240048470895093,0.000360858143700682,-0.000351760240566268,-0.000239119920827591,-7.25509464238883e-06,-0.00295987584959256,-0.000781429647928711,-0.00440702254569292,-0.00240313472302045,-0.0038580199736904,-0.00109740613530818,0.00032032168621754,-0.000239119920827591,-8.40066451006649e-05,0.000389137823738395,0.000346936895585515,-0.00249202893237221,-0.00583455481711148,0.000586264458656061,-0.000781429647928711,-0.0035370125392209,-0.00683099181257107,-0.0050223734700654,-6.55342386259861e-05,-0.00129826996145788,-0.00269765924783005,-0.000865360959777739,9.26597086348124e-05,-0.00142773981033795,-0.00201648485486849,2.48831553779638e-05,8.61071191335938e-05,-0.000313670893412166,-0.00112599307230443,-0.000243789373427727,-0.00185721551411522,-0.000927797012484355,0.000360288739976511,-0.00522151109538171,-0.000323381832619596,0.000115019830980501,0.00036732269304629,-0.000818255986763994,-0.00297704120057762,0.000400628525142999,-9.73126021888149e-05,-0.000314082729288678,-0.00480182628083847,-0.000319577472775556,-0.000213442001416375,0.00036732269304629,2.48831553779638e-05,-0.00168857929322197,0.000115019830980501,-0.00193962107739143,0.000249576294850229,-0.00179492199550602,-0.00602003401735152,-6.59931892865728e-06,0.000115019830980501,0.000340093669085384,-0.000927797012484355,-0.000987830660938549,-0.000964225742433378,9.78505346882486e-06,-0.00115016824459335,-0.000782669291023552,-0.00466000539930178,-0.00659077416478837,-0.00626519874933162,-7.9468692075757e-05,0.00014842056877562,-0.000430728790631107,-0.000543153466824542,-0.000203172094865423,-0.00257810944987646,7.9187030173955e-05,-0.00559360567517597,-7.9468692075757e-05,0.000346936895585515,-0.00105033644439523,-0.00772849407305287,-0.000314082729288678,0.000343985531286783,0.00014842056877562,0.000705301819177606
"12:32660841:G:C",-0.00127616520951079,-3.20840449958837e-05,-0.00144480129072555,-0.00131853389746617,-3.20840449958837e-05,-0.000108286455047235,0.000135949126708113,-0.000837766881130797,-9.89816368361929e-05,-0.00429022287592762,-0.00124034757122171,-0.00451364784871533,-0.000138743365783789,7.25658671054674e-05,-3.20840449958837e-05,-5.27802521439469e-05,1.38805086100646e-05,-0.000970997974249599,-6.20112664693195e-05,-0.000106321543083432,6.81457997764312e-05,-0.00409065054911206,-0.00309694271009864,-0.000158307925759438,-0.0012111641551904,-0.000970997974249599,0.000199092536072421,-0.00248373147854597,-0.00019811081083887,-0.00300595536646764,-0.00239563613677696,-0.00033529699792556,-0.00181361876964203,-9.0486398649503e-05,0,-0.000875443504040341,-0.0045922760622723,-0.00316347889984225,-6.20112664693195e-05,-0.00224368538178421,-0.000410776302024018,-6.50667375765579e-05,-3.20840449958837e-05,0,-0.000607861874241777,-0.000632676397555265,7.47351303793664e-05,-0.00228277173312552,-0.000136202572768696,-0.00480792206954561,-0.000116189081766471,0.000343058231066173,-7.44666210970024e-05,-0.000903277255757118,4.34537633378085e-05,-0.000308723199955452,-0.000584290976714641,-0.00117630257239387,0.000208881570413766,-0.000800242381437499,-3.78126299640513e-05,-0.00196576208030308,0.140435643409222,6.81457997764312e-05,-4.66789249706778e-05,-0.00124005323651044,-0.000105732265950564,-0.0012718382895418,-1.06396704335765e-05,-0.00117807918855384,0.000180134619954586,0.000183092202282964,-7.88431646023824e-05,-0.000993958504172276,-0.00133605596854736,0.000148852253404996,-0.000283831156319359,-1.06396704335765e-05,1.38805086100646e-05,-0.0014773349639583,-9.89816368361929e-05,-0.00123548595898271,-0.000206351719506337,2.64147541377824e-05,0.000183092202282964,-0.00289781393178679,-0.00677794900880802,-0.00408064553059084,3.27225067664472e-06,7.77505394404798e-05,9.5142643111501e-05,-0.000138382433876316,-0.000240219225916327,-1.06396704335765e-05,0.000278635794299653,-1.33831130524342e-05,-0.000166675952412376,7.68778759372424e-05,-0.00096107115100974,-0.00439117390782773,-0.000141164939566174,4.58202421169673e-05,-0.00248950097814848,-0.000754464178169378,7.8994585680725e-05,-3.20840449958837e-05,0.000203542228121023,7.25658671054674e-05,-0.00174702569459928,-0.00577459708894335,2.14937076554733e-05,-0.00240451993423374,-0.000911935709247302,9.29929235002902e-05,-3.78126299640513e-05,0.000203542228121023,-0.00737766798281303,-0.000177630033819653,-3.20840449958837e-05,-0.000420501207181623,-7.44666210970024e-05,7.03695922839032e-05,-0.00076957288581081,-0.0013517330096251,-3.20840449958837e-05,-9.5670012981941e-05,4.58202421169673e-05,-3.59932042641731e-05,-0.00541081498392426,-5.25424589614687e-06,-0.000235804901445036,-8.93618182296052e-05,-0.000112658220857931,-0.00311458224697958,-0.00160486813889893,1.1278676173454e-05,0.00023107276234402,8.64377961917739e-06,0.000125786061535571,-0.00155523268821778,-0.00398938653236502,-0.00127101163280141,-0.00291138605034202,1.1278676173454e-05,-9.89816368361929e-05,-0.000134558685629393,3.86312174853742e-05,-0.00240451993423374,4.34537633378085e-05,0.00023107276234402,-0.00532958537299155
"12:32663056:A:G",0.000343439801381074,2.20877740915171e-05,-0.00138719072277649,0.000324393869470363,2.20877740915171e-05,-0.00173423989907651,-0.000116417664662194,4.7703035468416e-05,6.62832597573271e-05,-0.00207180533846607,-0.000135734276052624,0.000308166681449507,-0.00171920386554891,-0.0101936191794465,2.20877740915171e-05,3.3906339469425e-05,-1.18990821107445e-05,0.000330477206394342,4.24531527150052e-05,-0.00147046002495443,-5.24504298091699e-05,-0.00217782732351512,-0.00296838766919993,-0.00258112039278302,-0.00161903478324898,0.000330477206394342,-0.00136441496186013,-0.00100017845953815,0.00012255370565839,-0.00267532399001613,-0.000113353467041222,3.56664903371495e-05,-0.000387153999410472,-0.00304003177327683,0,-0.00121887958300615,0.000227942377142298,-0.0013994333416294,4.24531527150052e-05,-0.00437442191244131,0.000238642314029036,4.41853060593189e-05,2.20877740915171e-05,0,-0.00171454629089762,-0.00180409044835272,-5.63383461535949e-05,-5.37604202204278e-05,-0.000236234915821143,-0.00384258532308213,-0.00229654540798929,-0.00217702856311242,-0.00234695407307495,-0.00220575262129774,-3.33777968668514e-05,0.000183649258707064,-0.000106278759866463,-0.000541126591771857,-0.000164878798638135,-0.00237713719310317,-0.00252131114720822,-0.000307705228288491,6.81457997764312e-05,0.110862616334977,3.0441262921066e-05,-0.00134590688509917,7.0027412275131e-05,-0.00115139205326376,6.18504468796743e-06,-0.000161076191374399,-0.000141170442988781,-0.000142855346035198,-0.00264674869447923,5.31172933504465e-05,0.00030177926821473,-0.00425416368366793,0.000176401704758966,6.18504468796743e-06,-1.18990821107445e-05,-0.00098181570643785,6.62832597573271e-05,-0.00143193636798156,3.56664903371495e-05,-1.92387352653256e-05,-0.000142855346035198,-0.000165487699719691,-0.00163982627351711,0.000256520531173088,-5.74065339087326e-06,-0.000296099518370951,-7.33435193742693e-05,8.78696248785005e-05,0.000152189250527179,-0.000171452966540642,-0.000834762533041378,-0.00479431970722111,-0.00176531471128971,-5.76067266058189e-05,-0.00197845385862738,0.000337483059920096,9.23401830297266e-05,-0.00395246820563422,-0.00577517546877893,-0.00142994212330194,-5.8861674260946e-05,2.20877740915171e-05,-0.000161941454012826,-5.50563173922214e-05,1.4289180221283e-05,0.000267883067595065,-1.63489267341888e-05,-5.50563173922214e-05,0.000132309448659385,-7.78231377758232e-05,2.53775089626984e-05,-0.000161941454012826,7.77187264944246e-06,0.000114630116644143,2.20877740915171e-05,0.00024714856506769,4.94891537092812e-05,-0.000962556109017854,5.53474820579325e-05,2.34343671046133e-06,2.20877740915171e-05,6.44395097708639e-05,-0.00395246820563422,-0.00118450707996764,0.000169323161498092,3.06056601839799e-06,0.000149933366756727,5.43529873233695e-05,-0.00214485151881583,-0.000240596733752874,1.59623615481053e-05,-1.03841247405256e-05,-0.00018550031226372,-8.85290870833444e-06,-9.68501533629151e-05,-2.61897591249394e-05,-0.00082082921314619,-0.00155555787877315,-0.000330726701006867,-1.03841247405256e-05,6.62832597573271e-05,8.58026959100755e-05,-0.00124933080341449,-5.50563173922214e-05,-3.33777968668514e-05,-0.00018550031226372,-0.00139617098157885
"12:32663226:C:T",-0.00250836261385956,-1.44047399377456e-05,1.02768515519713e-05,-0.0025857379811649,-1.44047399377456e-05,-0.00597828509856946,-0.00458536293445455,-3.21930254063574e-05,-4.51771362808273e-05,-0.000277316620756807,-0.000846283146345606,-0.00270793688830384,-0.0060739452098435,3.22088654485242e-05,-1.44047399377456e-05,-0.00363849296228214,-0.00298069866930462,-0.00267864934516648,-2.81134743254086e-05,-0.00376768203882083,3.0441262921066e-05,-0.000337624931072256,4.54831130358713e-06,-0.00168586188530728,-0.00224214734917538,-0.00267864934516648,-0.000585701024196972,-0.000537608404618695,-0.00156250288515736,-0.00102671569092383,-0.000192153795638639,-0.0058986044663687,4.72772737136751e-05,-0.000384145028474059,0,-0.00188806054249291,-0.00115681643341237,-0.000651360870785211,-2.81134743254086e-05,-0.0077299301545084,-0.000261895876154661,-2.94544635988103e-05,-1.44047399377456e-05,0,-0.00152948060391367,-0.000572621625312131,3.30748358070565e-05,3.13310873174544e-05,-0.00164517452326596,-0.000623098779684916,-5.29050963278266e-05,-0.00493425005031423,-3.35913772611107e-05,-0.00511329144024586,1.96035795143601e-05,-0.00224371417657387,-0.00173407019403449,-0.00565081875450968,8.83962082092182e-05,-0.00370113320748455,-1.68757574883216e-05,-0.000134984513920244,-4.66789249706778e-05,3.0441262921066e-05,0.176530382347489,-0.00157670169189306,-4.82021599736981e-05,-0.00456678851297276,-4.50388659878342e-06,-0.00102870962441504,-0.000949060059207696,7.8123378770556e-05,-3.47641404392363e-05,-3.64482511185926e-05,-0.00367859025896955,6.45221301391885e-05,-0.000134968711297034,-4.50388659878342e-06,6.58619741944477e-06,-0.00468084712595118,-4.51771362808273e-05,-0.00155153898972671,-2.47164137068268e-05,1.17980485025981e-05,7.8123378770556e-05,8.49258635806649e-05,-0.00108501746634992,-0.000633835711914443,-0.000508436495338493,-0.00205064482048378,4.2032777231249e-05,0.000255658339169962,-0.000113264932808832,-4.50388659878342e-06,-0.00303686375425549,-5.66896171161346e-06,-0.00150762493402201,3.39292307236505e-05,-0.000109100549305907,-0.00319349258732249,-6.49337380878023e-05,2.05695227446512e-05,6.19598322630921e-05,-0.00112995060115306,3.47722765541292e-05,-1.44047399377456e-05,-0.00284118999571703,3.22088654485242e-05,-0.00178136291304121,-0.00441207664296961,9.75572628458821e-06,3.22088654485242e-05,-0.00426308340946058,-0.000530947561305339,-1.68757574883216e-05,-0.00284118999571703,-0.00185291069353877,-8.24199344879872e-05,-1.44047399377456e-05,-0.00107525192789115,-3.35913772611107e-05,3.13310873174544e-05,-0.00424967539494325,-3.76284855896358e-06,-1.44047399377456e-05,-4.36963567382875e-05,2.05695227446512e-05,-1.75132841802039e-05,-0.00416318700489882,-2.2212841690461e-06,-0.000111152929425096,7.96861240335289e-05,-0.00132176942682793,-0.000968688343842672,-0.00177313038011029,5.50025320933401e-06,-0.00242868572419663,4.39908741256545e-06,5.48214426769889e-05,-0.00207481403378829,-0.00146720491691932,-0.00174996732842825,-0.000827849029914063,5.50025320933401e-06,-4.51771362808273e-05,-0.00138413901534662,-0.00226410706075519,3.22088654485242e-05,1.96035795143601e-05,-0.00242868572419663,-0.00334848384277997
"12:32669304:C:T",-9.61451200085506e-05,-0.00116577601268553,-0.0038389142002373,-2.46502837963902e-06,-0.00116577601268553,-0.00808458598347483,-0.0055153968999786,-0.00346706762829907,-0.00216524548085406,-0.0106287386735984,-0.012235745703669,-9.07426605838424e-05,-0.00787904859913757,-0.000232728918998504,-0.00116577601268553,-0.00162101759158784,2.10765365782351e-06,-0.00131700884173647,-0.00690425136338035,-0.00475652117038905,1.33488678955018e-06,-0.0129166000495271,-4.2068487325686e-05,-0.00592708466540337,-0.00388857296043676,-0.00131700884173647,-0.00344201933449773,-0.00486886817514254,-0.00700454191606337,-0.00251413523747512,-0.00129236713112668,-0.00329809692272409,-0.00452952014981989,-0.00967797809991433,0,-0.00386149209666975,-0.000860917562944152,-0.00587722612716446,-0.000189032378392184,-0.00276615277599035,-0.00659843708197982,-0.000200227713011536,-9.76181772394114e-05,0,-0.00478412225694758,-0.00413302215344524,-0.00122275368465363,-0.00155054936023635,-0.00476248841875737,-0.0136805670196196,-0.00680340527388701,-0.00647397761650126,-0.000234940327134225,-0.000552866041577005,-2.75081919554054e-05,-0.00525729998499624,-0.00846006695019152,-0.00408195429766378,0.000566298891728323,-0.00380514886230188,-0.00145690241095231,-0.00240048470895093,-0.00124005323651044,-0.00134590688509917,-0.00157670169189306,0.433919102230556,-0.00133764506293144,-0.00125371896374293,-0.00178590502127562,0.000552968579041302,-0.00155202690826428,0.00050106835392949,-0.00702419683325406,-0.00314106025150984,-0.00232242530215165,-0.00253620138970057,-0.00329487529343009,-0.00178590502127562,2.10765365782351e-06,-0.00338856006365917,0.000116169053110404,-0.000109567218144591,-0.00329809692272409,7.612149732239e-05,0.00050106835392949,-0.00716128769080093,-0.00139857346329109,-0.0100518203117335,-6.23769080831948e-06,-0.000384622471493401,-0.00142755198515854,-0.000248819892259,-0.00303338204461134,-0.00178590502127562,0.000293991516797654,-0.00116199152313001,-0.000530853765241979,-0.00640476966387826,-0.00426873766842739,-0.00926216503138511,-0.000132917608134164,-0.000119143645502362,-0.00331668388842132,-0.0042277684325307,-0.000178449377289169,-0.00116577601268553,-9.50750571337977e-06,-0.0033093889431397,-0.00356714787519774,-0.000180210980985862,-0.00201388808733594,-0.0028736871685231,-0.00591476395318624,-0.00281181822527721,-0.00145690241095231,-0.00196284206901787,-4.77864691843521e-05,-0.0028434066680223,-0.00116577601268553,3.80609935941578e-05,0.000171812041474873,-0.000246274061261431,-0.00966838591232344,-6.06885661875722e-05,-0.00116577601268553,-0.000295712265926618,-0.000119143645502362,-0.00274360563619158,-0.00190460073809273,-0.00388832665487637,-0.00364284775412838,-0.00267563485104994,-0.00147446159218223,0.000234812134433771,-0.00353564231083592,-0.00228587181779982,-0.00148738348984168,-2.25727899572092e-06,-0.000472130210166455,-0.00310774279707715,-0.0232854836047687,-0.00258565850844583,-0.0021611191242763,-0.00228587181779982,-0.00522873323314776,-0.0061260805583947,-0.00425640397575844,-0.0028736871685231,-2.75081919554054e-05,-0.00148738348984168,-0.00327420360241426
"12:32670462:A:G",-0.0018649930995096,-3.30891872506456e-05,-0.000168222609325142,-0.00190135194719865,-3.30891872506456e-05,-0.00173964099178026,-0.00249088497458505,-7.36164048822374e-05,-0.000635982037217708,8.1581338490011e-05,-0.000343240678613022,-0.00197674635405054,-0.00182251555098034,7.4579933646568e-05,-3.30891872506456e-05,-5.45240603742059e-05,1.42462328813764e-05,-0.00173262255485174,-6.39925698520116e-05,-6.69886667603592e-05,-0.00240081151224292,6.55763797743347e-05,6.95861867061609e-06,-0.000333864027465047,-0.00296548887369585,-0.00173262255485174,-0.00202266890494585,0.000276424866844316,-0.000387458527661089,-0.00738144946847008,0.000147289897831193,-5.77474080865059e-05,-0.00189678666198745,-0.000700060060044194,0,-0.00286280238211134,-0.00173130977342861,-0.00139761267433514,-6.39925698520116e-05,-0.0013150079656743,0.000132180253818781,-6.71598430441733e-05,-3.30891872506456e-05,0,-0.00391787996559945,-0.0036674468422353,7.68136754674131e-05,7.23180239035059e-05,-0.000313260193158804,0.000471996934376939,-0.000120125313934238,-0.00103480100925424,-0.00378109163331075,-0.00135408538833115,4.46731990750848e-05,-0.00124347994726026,-0.000732847110618273,0.0003614587428169,0.000213962151523361,0.000272194247905588,-3.90195178852082e-05,0.000360858143700682,-0.000105732265950564,7.0027412275131e-05,-4.82021599736981e-05,-0.00133764506293144,0.122622773080408,0.000152285327025936,-1.0998602203216e-05,0.000313287530159911,0.000184653034533078,0.000187680525218781,-8.15553787143486e-05,-0.0035942963341542,0.000278626968832185,0.000152694217661065,0.000933175228431615,-1.0998602203216e-05,1.42462328813764e-05,0.000420923748611912,-0.000102249560550938,-0.00133494643749454,-5.77474080865059e-05,2.71877142008492e-05,0.000187680525218781,-0.00127976418071007,-0.00306912395240477,-0.0112235940761893,3.28496754242735e-06,7.98176471095147e-05,9.77202608760663e-05,-0.000143206130373663,-0.000253014006855068,-1.0998602203216e-05,-0.00180126630861377,-1.38358030001839e-05,-0.00243181620304611,7.90197702169593e-05,-0.00384411040510635,-0.0113222862888671,-0.000145992180651255,4.71137141913047e-05,-0.000348803874754999,-9.73568446767104e-05,8.11987260211922e-05,-3.30891872506456e-05,0.000208504120348785,7.4579933646568e-05,-2.5555281455425e-05,-0.00138394710830703,-0.00244125521912242,7.4579933646568e-05,-3.38494778375775e-05,9.53998772112996e-05,-3.90195178852082e-05,0.000208504120348785,-1.38358030001839e-05,-0.0042129204910637,-3.30891872506456e-05,-0.00156088591410164,-7.69072598281184e-05,7.23180239035059e-05,0.000248914939713352,-0.00143792279162192,-3.30891872506456e-05,-0.000446085327852508,4.71137141913047e-05,0.000387343842803922,-0.000936751094159582,-5.43056676338693e-06,-0.00499652785852778,-9.24767745376087e-05,-0.000116455903315327,4.85108223839958e-05,-2.85814542655416e-05,1.155852592305e-05,0.000236530517194744,8.83619548819325e-06,-0.00183909112367608,3.19934320227588e-05,-0.00348044269970016,-0.00674082126662867,3.30216844774966e-05,1.155852592305e-05,-0.000102249560550938,-0.000139227445584922,3.96985523414273e-05,7.4579933646568e-05,4.46731990750848e-05,0.000236530517194744,0.000706347866092472
"12:32671771:A:G",-0.0049585159566008,-0.00147412158801608,-0.00402647390509747,-0.00465090530069512,-0.00147412158801608,-0.00659275745660004,-0.00194952260997905,-0.00230961770831328,-0.00464760626859295,-0.00832019616446322,-0.000469128857230938,-0.00567021684127011,-0.00806969602835927,-0.0010951084967914,-0.00147412158801608,-0.000416789706795484,-0.0106965492901505,-0.00270765766110159,-0.00326225389841106,-0.0100870204920134,-0.00113291652824454,-0.0102936045345978,-0.00290116794721174,-0.00288168914407327,-0.00626607934832712,-0.00270765766110159,-0.0144540113660327,-0.00563063523329355,-0.00453652085968859,-0.00710030661456518,-0.00452445957794323,-0.00193506332563276,-0.0044406665997716,-0.0103166264451309,0,-0.0142793631852145,-0.000655794508171326,-0.011758399079798,-0.00712198343863957,-0.00451507318634858,-0.003083906859906,-0.0115281948545967,-0.00571786180199574,0,-0.0025748351915551,-0.00634082050448281,-0.00126133362638026,-0.0030353095215494,-0.000726640507942911,-0.0015470078290245,-0.00389755835750094,-0.010761663279097,-0.00583995809572802,-0.000213802188856693,-0.011122432936963,-0.0156192702683908,-0.00587067375382144,-0.00782769144760564,-0.000727932712338841,-0.00600852796748219,-0.000203310109057497,-0.000351760240566268,-0.0012718382895418,-0.00115139205326376,-0.00456678851297276,-0.00125371896374293,0.000152285327025936,0.553563185976524,-0.000142782426751253,-0.00361630036866112,-0.00345940219477114,-0.000599621763109681,-0.000540499966769747,-0.000395926954975145,-0.00109659630553427,1.21374913293337e-05,0.000588427674079739,-0.000142782426751253,-0.000204391900682666,-0.00868637913419068,-6.5536427838353e-05,-0.00142484879536076,-0.00367931848289826,0.000297871584099774,-0.000599621763109681,-0.00917538224282,-0.000142536293954443,-0.00731196645384768,-0.000333196216170784,-0.00270499835812954,-0.0105459121250062,-0.0032485138185665,0.000515418320602201,-0.000780679324142497,0.000429976450146086,-0.000585151752857449,-0.000744339036077957,-0.00772238868210717,-0.00309068374685539,-0.00994931106627472,-0.00261319030014739,-0.000190991430104148,-0.00466587437960664,-0.00449211629161983,-0.000287341415356579,-0.00576376242669063,-0.00165024673148206,-0.00154452197625154,-0.00316170587232278,-0.00319364412080025,-0.00173179063747053,-0.00116158928956178,-0.0069215519229302,-0.00598658933155471,-0.00507533281721795,-0.00546590211294351,-0.00259622956382621,-0.00541632949009685,-0.00576376242669063,-0.00131309279913872,-0.000124869662887939,-0.00113247776226544,-0.0048274102382182,-0.000934535913664103,-0.00576376242669063,-0.00625302162123731,-0.000190991430104148,-0.0033647614686485,-0.00158927171853307,-0.00397460061311161,-0.00282810627062258,-0.00523112340416798,-0.00259755677514306,-0.00466273607407208,-0.00432349997409132,-0.00167816874463966,-0.00416254101020286,-0.00366333274930142,-0.00691479081897572,-0.00331363653618988,-0.00107261887270305,-0.000787039658532329,-0.00436620809109511,-0.00167816874463966,-0.00474965532242511,-0.00129363657655901,2.01042825986875e-05,-0.00116158928956178,-0.00354159456831304,-0.00416254101020286,-0.000941896530914921
"12:32671777:G:A",-0.00332184547953052,-0.00145478962839984,-0.000716442945757123,-0.00325727109939766,-0.00145478962839984,-0.00124620287692778,-3.79405445940506e-05,-7.17725393784008e-06,-1.02869572842224e-05,-0.00674535147784106,-0.00125995596765538,-0.00316786967415261,-0.00127665978766434,6.50084938680351e-06,-0.00145478962839984,-0.00253675140560627,1.44049686667813e-06,-0.00341645367237398,-6.25781156138316e-06,-2.55311853702977e-06,6.18504468796743e-06,-0.00648565752211816,1.15568375491648e-06,-1.67677079874196e-05,-0.00455654293911589,-0.00341645367237398,-1.56735541150255e-05,-0.00179778157566624,-2.17582835251307e-05,-0.000709340251886736,1.17699212065503e-05,-5.38482554013342e-06,-0.00553672608662392,-0.00074657075570439,0,-0.000117322843381729,-0.00329347373711286,-0.00539736175926375,-6.25781156138316e-06,-0.00196814623450781,-5.26052322999959e-05,-0.00133459278683556,-0.00153356580950526,0,-0.00888564466101283,-0.00136114945537091,-0.00423356995954105,-0.00163128332648643,-0.00191855104721039,-0.00774318934890328,-1.21142025708565e-05,-0.000154487006533088,-7.49452848403109e-06,-0.00492075604670195,4.07925330581094e-06,-0.0017008767936888,-0.000711052153449465,-0.000317842058120021,1.53771566129279e-05,-5.05022907271169e-05,-3.66819194308476e-06,-0.000239119920827591,-1.06396704335765e-05,6.18504468796743e-06,-4.50388659878342e-06,-0.00178590502127562,-1.0998602203216e-05,-0.000142782426751253,0.171616942923403,-0.00363643846742701,1.38844644954617e-05,1.4022307485817e-05,-7.63557906768852e-06,-8.14603825105564e-06,-0.00018483396982294,1.20557580940428e-05,-3.40232034599097e-05,1.9912903341357e-05,1.44049686667813e-06,-0.000187671088940355,-1.02869572842224e-05,-0.00174562286953339,-5.38482554013342e-06,-0.00031009029773621,1.4022307485817e-05,-0.00491192118562278,-0.00282245686842408,-0.000184571682945389,5.49486128598176e-07,-0.00249243718264669,8.31103193466021e-06,-0.00264130687638353,-2.79640845040063e-05,-9.29751416300917e-07,1.82554750836061e-05,-1.17236798580223e-06,-1.77221818917772e-05,6.80587809753774e-06,-2.65686060725301e-05,-0.000248227705686332,-1.5147512002045e-05,-0.00316906008143558,-0.000530015955529706,-0.00193473776727604,-0.000290851410494675,-0.00153356580950526,-0.00428409889998171,6.50084938680351e-06,-2.18647984429055e-06,-0.000869111053661165,2.06899323007548e-06,6.50084938680351e-06,-0.00150039622118303,-0.00448886758259626,-0.00180620204201798,1.51604777123282e-05,-1.17236798580223e-06,-1.96400847070066e-05,-0.00153356580950526,-5.48322295275128e-05,-0.000343421932338828,6.34432544455166e-06,-0.00201626643208197,-6.57969823514293e-07,-0.00153356580950526,-9.94031986323307e-06,-0.00316906008143558,-0.00373150919769749,-3.21150052737806e-05,-0.00248540515065798,-2.73978884219872e-05,-8.69318257734619e-06,-1.17357144979735e-05,-0.0048040442459456,-2.45144442612144e-06,1.22360203391736e-06,1.64420362969153e-05,1.00286335324995e-06,1.04920334713654e-05,-0.00203280555846064,-0.00329938330435198,-3.8505890938012e-06,-0.000837944427559911,1.22360203391736e-06,-1.02869572842224e-05,-0.00165574246983002,3.70528725834873e-06,6.50084938680351e-06,4.07925330581094e-06,1.64420362969153e-05,-8.99398165215004e-05
"12:32672621:G:C",-0.00403093247181951,0.000201826473611888,-0.000543631475172113,-0.00400010418467911,0.000201826473611888,-0.00111228237178596,-0.00258293358676154,-0.000994686986301119,-0.000912781641416949,-0.00256102029089567,-0.00188535643843624,-0.00460959845277387,-0.000897539496375277,-9.80694469037147e-05,0.000201826473611888,-0.00019996363060848,-4.42113074239359e-05,-0.00553960842395185,-0.00212932778190744,-0.00204027032587417,-0.00497247105057763,-0.00377917471828848,-0.00304980677647571,-0.000606268934824961,-0.00264191415800097,-0.00553960842395185,-0.000773176983768664,-0.0028070272080285,-0.00146603696507963,-0.00236777361323481,0.00062389625967274,-0.00105243122343701,-0.0054492484867863,-0.0027825790454501,0,-0.0033123597759519,-0.00184258688000227,-0.00604076499917827,-0.00128052062081707,-0.000405699322219011,-1.55759169153669e-05,-0.00159409124034582,0.000201826473611888,0,-0.00256457242177754,-0.0120343157849252,-0.00101266590999138,-0.00333208749448843,-0.00287940553204979,-0.0074931415642232,-0.00637990113559894,-0.00474214521783223,-0.00224707607888597,-0.00780357578355995,-0.000669479084090874,0.000288203350962579,-0.00370535222213197,-0.0101437862786389,-0.000388276819340838,-0.0014993801138905,-0.000964587913558468,-7.25509464238883e-06,-0.00117807918855384,-0.000161076191374399,-0.00102870962441504,0.000552968579041302,0.000313287530159911,-0.00361630036866112,-0.00363643846742701,0.296283093149156,-0.00143662234767117,-0.00082841078396978,-0.00486371318482259,-0.000208658050485866,0.00101186254350116,-0.00181638122231131,0.00112200525962791,-0.00363643846742701,-9.33871233197436e-05,-0.00454485633108037,-0.00133148854456433,0.000614734375772752,-4.30252115801721e-05,-0.000199450909656562,-0.00082841078396978,-0.00156771699096359,-0.000967505418860704,-0.0011403616990453,-0.000576914362010683,-0.000357980627975429,-0.00148846323673002,-0.000186054526094104,-0.00147562394842815,-0.000511730889671824,-0.00141900029999054,-0.00010992158934453,-0.000590230136864989,-0.000616289958612626,-0.00161332502539402,6.04168185822651e-05,-0.00125312495928664,-0.00121108300032624,-0.00389314983207845,-0.00116510258155733,0.00118668179508585,0.000201826473611888,-0.00215116035455765,-0.00120112287567853,-0.000771367340542284,-0.000405719445040198,-0.00306750447276816,-0.00212965458455727,-0.00951757700587441,-0.000126278035200933,-0.00226658883853492,-0.00137809764790209,-0.00133435531250825,-0.00660505751144669,0.000201826473611888,0.000414361985854761,-0.000447235464864804,-0.000622193961232753,-0.0126217013918879,-0.000293910393477148,0.000201826473611888,-0.00115001010984894,-0.00121108300032624,-0.00424980885051607,7.14657624456549e-06,4.98171321972052e-06,-0.00440239435011147,7.87043746282023e-05,-0.000168680098464158,-0.0046818327548892,-0.000717135057739071,-0.00234445507416936,-0.0019813581780177,-0.00141838498732128,-0.0017742630397013,-0.00268836472636735,-0.00452446115518601,-0.000625182144858627,-0.00802802875788489,-0.00234445507416936,-0.00169185018063978,-0.00229834636934445,-0.00343408391324385,-0.00212965458455727,-8.62951614344354e-06,-0.0019813581780177,-0.00175831989862818
"12:32676635:G:T",-0.00733504289995501,5.78481586916979e-05,-6.2396126650377e-05,-0.00714802084824662,5.78481586916979e-05,-0.00681639125908529,-0.00151308617498103,0.000124662473181658,0.000175666832331167,-0.00756494554473441,-0.00221751756884458,-0.00679638792756343,-0.00683373000843179,-0.00014657236503357,5.78481586916979e-05,8.50542700279178e-05,-0.00798323647886878,-0.00117535575769523,0.000112337211016111,-0.00219979392484682,-0.000141170442988781,-0.00729299665631267,-4.52809336879412e-05,-0.00151099365915286,0.000250699749564376,-0.00117535575769523,-0.00244022729983229,-0.00143293949958423,-0.00174993896637954,-0.00741579860788377,-0.000299282089526898,-0.000816015061074538,-0.000231846073516451,-0.0145811203086366,0,-0.00237425840149541,-0.00406530549848139,-0.00640944350090411,0.000112337211016111,-0.00210673255682092,-0.00196177150838039,0.000116399877110318,5.78481586916979e-05,0,-0.00456186845290052,-0.00447111597818672,-0.000149227592211254,-0.000143886822667305,-0.00061203235653462,-0.00112971956126007,0.000198520789299828,-0.00147672797585408,-0.0012335491942066,-0.00775999930822024,-9.07533789291648e-05,-0.00844895580378147,-0.00277888339240651,-0.0029442562533939,0.00091498133260437,0.00064862296932322,6.54038209972896e-05,-0.00295987584959256,0.000180134619954586,-0.000141170442988781,-0.000949060059207696,-0.00155202690826428,0.000184653034533078,-0.00345940219477114,1.38844644954617e-05,-0.00143662234767117,0.191658066332725,0.00096158303874283,-0.000684827764215967,0.00013741131541245,0.000223854133142964,-0.000162689780306202,0.000483152239794116,1.38844644954617e-05,-3.48744094109676e-05,-0.00283481366861693,0.000175666832331167,-0.00158587148726586,8.91209112863223e-05,-5.09658463627716e-05,0.00096158303874283,-0.00155892800429047,-0.000238577484939384,0.00080430521809749,-2.1327293174167e-05,-0.000174742717947929,-0.00019515381342039,-0.0020286806213532,0.000414202694873467,1.38844644954617e-05,-0.000326939479155186,1.74537522728002e-05,-0.00189017995312124,-0.000151853014600967,-0.000870153902615911,0.000947071905278207,0.000245387778219808,-9.3726206676692e-05,-0.00309773669203395,-0.00311511352439098,-0.000154449131215983,5.78481586916979e-05,-0.000418011317726119,-6.45447002636246e-05,3.21440386601424e-05,-0.00195140059684462,-4.46372050530996e-05,-0.00014657236503357,-0.000415254049518587,-0.000217269252985375,6.54038209972896e-05,-0.000418011317726119,1.74537522728002e-05,-0.00137932924150252,5.78481586916979e-05,-0.00112064644697707,0.000128863957159275,-0.000143886822667305,-0.000543258974656347,-3.48028767227504e-06,5.78481586916979e-05,0.000171248825949988,-9.3726206676692e-05,-0.000828738601972745,-0.00215096128244952,6.86500511992705e-06,-0.00200182780621194,0.000132536882763823,0.000193845224242928,-0.000773552493802399,3.59235004738778e-05,-0.000575044588258855,-0.000475411873376075,-2.81787502167674e-05,-0.000253913495348534,-7.5367791820824e-05,-0.00349486965289447,5.55005918965179e-05,-0.00145337617214558,-0.000575044588258855,0.000175666832331167,0.000222731024908995,-8.47052313197594e-05,-0.00014657236503357,-0.000327084288290536,-0.000475411873376075,-0.00187932532745094
"12:32678726:A:G",0.00102498860297473,5.86857818287712e-05,-6.33728400636357e-05,0.000957748694792926,5.86857818287712e-05,-1.35522369184571e-05,-9.21384079344278e-06,0.000126572521507384,0.000178555733660879,-0.000333892928379598,-0.000396835724976619,0.000900772651916348,-3.08909862658524e-05,-0.000148285878314169,5.86857818287712e-05,8.62138851234207e-05,-3.54098798300839e-05,0.000982549717793546,0.000114081415310885,0.000115854427416906,-0.000142855346035198,-0.000275635957424747,5.91545064487775e-06,0.000257903081020139,0.000144891389028068,0.000982549717793546,-0.000507565023667667,-0.000105894564670805,0.00032588754084717,-0.000892701147812147,0.000311135227558879,9.03298920480466e-05,-0.000234264751306057,0.000141197257952363,0,-0.00124334110029167,0.000648969213004058,-0.000301186095909678,0.000114081415310885,0.00025409269379395,0.000674100108084552,0.000118198398912917,5.86857818287712e-05,0,0.000551447140364481,-0.000704364467266849,0.000708522661750699,-0.000145586157447752,-0.0008975387504222,0.000649416204003828,-0.00047857142802421,-0.000687196828637049,0.00013083126034541,-0.000445510114500891,-9.192956060744e-05,1.88727829035784e-05,-0.00035337863712126,0.000904750751231198,0.0128955026885569,-0.000484595268017252,6.63294288756333e-05,-0.000781429647928711,0.000183092202282964,-0.000142855346035198,7.8123378770556e-05,0.00050106835392949,0.000187680525218781,-0.000599621763109681,1.4022307485817e-05,-0.00082841078396978,0.00096158303874283,-0.0229276674786707,-9.30677924459999e-05,0.000139496231291503,0.000881577970614167,-0.000307542786555537,0.000493677123608371,1.4022307485817e-05,-3.54098798300839e-05,0.000900003580172282,0.000178555733660879,0.000571211010723438,9.03298920480466e-05,-5.163555593235e-05,0.0128955026885569,0.00142352008270485,-0.000505535718687611,-0.00308641126145215,-0.000162225253292902,9.66320683595256e-05,-0.000197275619306048,0.000231463567847534,0.000422744392746033,1.4022307485817e-05,-0.000591348692670302,1.7627585841673e-05,-0.000949557203737683,-0.00015359414857663,-0.000272231913052146,-0.00529384765517449,0.000249672508907395,-9.49226281781179e-05,0.000125901915922988,-0.00106417718575358,-0.000156203718657544,5.86857818287712e-05,-0.000420922752704556,-0.000148285878314169,3.24684004660014e-05,0.000781747504747798,-4.52546187146297e-05,0.000523418232702966,0.00119143133504895,2.92296299555517e-05,6.63294288756333e-05,-0.000420922752704556,1.7627585841673e-05,0.000312568115128364,5.86857818287712e-05,-0.000511750186448445,0.00013083126034541,-0.000145586157447752,0.000966086860124449,-3.74174803674521e-06,5.86857818287712e-05,0.000174070245068769,-9.49226281781179e-05,-0.000856067343926625,0.000474440047612212,6.93273101681768e-06,0.000416749756379176,-5.98176850816756e-05,-0.000563283651177748,-0.000210011665757293,3.6287215923636e-05,1.43252314046549e-05,-0.000478273664746176,-2.86571279382031e-05,-0.000256388604635838,-7.64371916197604e-05,-0.000304985132707714,5.60722757718679e-05,-0.000156617741323473,1.43252314046549e-05,0.000178555733660879,0.000226365693221986,-8.58398434147034e-05,0.000523418232702966,-9.192956060744e-05,-0.000478273664746176,0.00101863719881212
"12:32678788:C:G",-0.000752161597995737,-2.38701457666579e-05,-0.00200982238335001,-0.000686277266470192,-2.38701457666579e-05,-0.00137619975216552,-0.000737870515178152,-5.40326323852369e-05,-7.61742229311579e-05,-0.00188503344605806,-0.00358024573741211,-0.000621143454309525,-0.00219156004138865,-0.000202845020769615,-2.38701457666579e-05,-4.46502603024257e-05,-0.00205914755333136,-0.00147586151502477,-0.000795786514204089,-5.42619868282301e-05,-0.00162513802179554,-0.00475977202338562,-0.00375890181767957,-0.00122020374801668,-0.000144424018512002,-0.00147586151502477,-0.000125514951470507,-5.79102291045075e-05,-0.00212057479929761,-0.00339402152350932,-0.000139975581812557,-4.17301246002921e-05,-0.00240755170494467,-0.00490211061053447,0,-0.00217361496516677,-0.00135159078907154,-0.00585060361655554,-0.000795786514204089,-0.000701716008538966,-0.00147912738970124,-0.00111531571604218,-0.00129334527754299,0,-0.00326590251913395,-0.00726037675094604,5.28009654301442e-05,4.99763475838577e-05,-0.00132690061317309,-0.00176624223164712,-0.000113120490001783,-0.00038339721056202,-5.64878735636043e-05,-0.00307359814597463,-0.000342796428084213,-0.00177018900761805,-0.00681878781783363,-0.000534829505284495,-7.0261040205466e-05,-0.000567709536105632,0.000182322573252236,-0.00440702254569292,-7.88431646023824e-05,-0.00264674869447923,-3.47641404392363e-05,-0.00702419683325406,-8.15553787143486e-05,-0.000540499966769747,-7.63557906768852e-06,-0.00486371318482259,-0.000684827764215967,-9.30677924459999e-05,0.251530361782723,-0.00326348649841357,-0.00045524006185893,-0.00479756051318159,-0.000237161314680989,-7.63557906768852e-06,1.04216036156402e-05,-0.000305879009331989,-0.00108155605758142,-0.00686455572027,-4.17301246002921e-05,1.91367401587428e-05,-9.30677924459999e-05,-0.00479868468402334,-0.0126680883847534,-0.000223820292845289,-0.00212347291575821,-0.00386149693634597,-0.00323673204132113,-0.000142942556846215,-0.000197144781567182,-0.00454618420586872,-0.00256228781253842,-0.00191337864529117,-0.000146023195790157,-0.00676253384154801,-0.000533481531070912,-0.00235612997438084,-0.00261546769877175,-0.00164958448414332,-0.00290755109248542,-0.0066821848530938,5.55404729638553e-05,-2.38701457666579e-05,-0.000807063817454434,5.13995298971892e-05,-1.78800248651356e-05,-0.00161519746391559,1.57312636455131e-05,5.13995298971892e-05,-0.00637930094964956,-0.000402990221101795,-0.00368739707830468,-0.000807063817454434,-9.619924152382e-06,-0.000141763533216377,-2.38701457666579e-05,-0.00374058797718479,-0.00144593168481766,-0.00458323809239758,-0.00525679934557965,-0.000522047310627549,-2.38701457666579e-05,-0.000892488629632204,-0.00164958448414332,-0.00113906123225593,-0.000898733182418177,-3.75875492686362e-06,-0.00019318651952549,-6.25600275752092e-05,-0.00694042618176383,-0.00159345692716339,-2.00294773007315e-05,-0.000738664232151187,-0.0013541494444187,-0.00209837306396299,-0.00108382604509316,2.30766275901573e-05,-0.000526014821178755,-0.00476483547703932,-0.00298420005064148,-0.000738664232151187,-7.61742229311579e-05,-0.00479302873143972,-0.001868884645436,5.13995298971892e-05,-0.0017503094002258,-0.0013541494444187,-0.000582503962410108
"12:32678934:C:G",-0.00128889397668619,-2.51475689490022e-05,-0.00239213305793129,-0.00129041283203613,-2.51475689490022e-05,-0.000273447663649229,-0.00667511088567263,-5.60969275715806e-05,-7.82886785835046e-05,0.000339895328072437,-0.00103269029488118,-0.00131492907543507,-0.00019631291244071,-0.00176883455155252,-2.51475689490022e-05,-0.00547686995173891,1.11069283414977e-05,-0.00121015197399643,-4.88462246766019e-05,-0.0010021587417679,5.31172933504465e-05,0.000300523267435793,-0.0037187009307349,-0.000125449891718254,-0.00015583441625111,-0.00121015197399643,-0.00156472606092617,0.000167177412694564,-0.00302609028515555,-0.00273736115168877,0.000110517089130013,-0.00149043089627199,-0.00197373833656922,-9.93348000353222e-05,0,-0.00170074244532081,-0.000313029147505084,-0.00205802389515775,-0.00696219780964746,-0.000470467996933621,-0.00348805483023096,-0.00436863295107859,-2.51475689490022e-05,0,-0.000273397560515143,-0.00771702768205262,-0.000758657436286114,5.47716852459246e-05,-7.78386647528606e-05,-0.00347370652333634,-0.00124149486847003,-0.000130360655395734,-5.85796666561222e-05,-0.00378179230586539,-0.00237562315061002,-0.00658777426282953,-0.00544534070604552,-0.00525755297547903,0.000158464780681378,-0.00073296267697831,-0.00135574973211572,-0.00240313472302045,-0.000993958504172276,5.31172933504465e-05,-3.64482511185926e-05,-0.00314106025150984,-0.0035942963341542,-0.000395926954975145,-8.14603825105564e-06,-0.000208658050485866,0.00013741131541245,0.000139496231291503,-0.00326348649841357,0.193980413917486,-0.000648850277445767,-0.00280319873585722,-0.00411898774756736,-8.14603825105564e-06,1.11069283414977e-05,0.000264435482157488,-7.82886785835046e-05,-0.00322795255249009,-0.00149043089627199,2.06153396238307e-05,0.000139496231291503,-0.00161008527485329,-0.00124020196091035,-0.00278738095188302,-0.00248476932840447,-3.80577626541978e-05,7.37604143603576e-05,-0.000176353245357141,-0.000193447406676484,-0.00174190393922125,-0.00278500282538108,-1.02506993497897e-05,-0.000132160036476314,5.9606514962951e-05,0.000210595765395283,-0.00148079928592271,-0.000112183695631707,-0.00200880570831252,-0.00351080508526813,-0.00226146877946709,6.11767031717392e-05,-2.51475689490022e-05,-0.000727696576986681,-0.00299869267284514,-0.00163061286626132,-0.0003790451694341,-0.00225823167123362,5.64044088431359e-05,-0.00257751732870304,-0.00187926458393139,-0.00333441558379644,-0.000727696576986681,-0.00169856751540909,-0.000141838058165256,-2.51475689490022e-05,-0.000345439133216274,-0.00332844665802234,5.47716852459246e-05,-0.00170600666838183,-5.42657939277547e-05,-2.51475689490022e-05,-0.00486777156891982,3.58115270779891e-05,-0.00161404121965258,-0.000217956070141412,-4.0195567185819e-06,-0.00018983410236828,-0.00154376407706458,-8.90960605701707e-05,-0.00111753474224141,-0.00162330800727872,9.1285766519178e-06,-0.00104672695961572,7.12347407549885e-06,9.68717390499307e-05,-0.00232289132939112,-0.00443232566913698,-0.000590496128521245,-0.000950219315125622,9.1285766519178e-06,-7.82886785835046e-05,-0.00268819239565232,3.04050263650879e-05,5.64044088431359e-05,3.40331887223044e-05,-0.00104672695961572,-0.000519274899214217
"12:32678971:G:C",-0.00157793087395763,-0.00103274938801334,-0.000191184425609059,-0.00151288698102459,-0.00103274938801334,-0.00331574412302738,-0.00130498395613632,-9.90369704894078e-05,-0.00102400080034837,-0.00173121573295898,-0.00115962441158501,-0.00164962043102435,-0.00355709467796483,-0.000205948459303329,-0.00103274938801334,-0.00151852899676275,-0.0025799778082618,-0.00099114965023972,-0.00061842181934324,-0.00311443788458821,0.00030177926821473,-0.00215611182733477,-0.000406139102913095,-0.00430232699946664,-0.00474064160996601,-0.00099114965023972,-0.00558464425195648,-0.00152546122198993,-0.00178080529408575,-0.00289925170373051,0.000840129341628248,-0.000348056873934688,-0.000457690896097596,-0.00251820385259771,0,-0.00231850829679381,0.00189334532281826,-0.00236070355320939,-0.0076895251443645,-0.00395285119280819,-0.000977069538562247,-0.0129729437410511,-0.000328754636564454,0,-0.000861038611216003,-0.000621051990511212,-0.00106226950166377,-0.00181975976227022,-0.00311775991053231,-0.00354696428197565,-0.000490881584926051,-0.00377855745148281,0.000317276922091381,-0.00363885418272192,-0.00450413191994947,-0.00282517100530733,-0.00247601646982076,0.000820814946044024,0.000353312663210481,-0.000541189286241917,-0.000506210865704126,-0.0038580199736904,-0.00133605596854736,0.00030177926821473,-0.00367859025896955,-0.00232242530215165,0.000278626968832185,-0.00109659630553427,-0.00018483396982294,0.00101186254350116,0.000223854133142964,0.000881577970614167,-0.00045524006185893,-0.000648850277445767,0.286369183837151,-0.000603613732858221,-0.000510987005949204,-0.00018483396982294,-0.00161352505345924,0.00157545812522963,-0.000221471678354845,-0.00255021427817814,-0.000743092663097578,0.00023274104556581,0.000881577970614167,-0.00368536360221006,-0.0139677484594354,-0.00279098249922693,-0.000205049292655524,0.000172309408455362,-0.0111184967618172,-0.00138792686815314,-0.000612334203050402,-0.00156587534930619,-8.54491104629318e-05,-0.000233511887794968,-0.00878547421205678,-0.00487415616213127,-0.00519005107870463,-0.00779027910602226,-0.00071514420094676,-0.00185984088252233,0.00199738960678708,-0.000434328216565305,0.000694514387503453,-0.00103274938801334,-0.00187424450674278,-0.00430596414964324,-0.000431144886269941,0.00357874478327425,-5.26729662579939e-05,0.000574670300518498,-0.0158193560447475,-0.00977011253076565,-0.00518480642117058,-0.00187424450674278,-0.000237272929838106,0.000885899337429663,-0.00103274938801334,-0.000319614611518304,-0.00091705540387288,-0.00157514164394179,-0.0141392346452416,-0.00103061544190641,-0.00103274938801334,-0.000251698415570267,0.000338574097797917,0.00163530740557505,0.00327015365999905,-0.00175240673641053,0.00105080600390917,-0.0101157392613329,-0.00134212719951599,-0.000881738790150077,-0.000481718842040735,-5.90526541310865e-05,-0.00543216820068526,-0.0100873328246163,-0.000640955992921022,-0.00100678272376786,-0.00696235338145978,-0.00192271169039948,-0.000194129607300475,-5.90526541310865e-05,0.000215783238657785,-0.00555363870942305,0.00013423373043242,0.000574670300518498,-0.000106811810898222,-0.00543216820068526,0.00416703473186608
"12:32679891:T:C",-0.0038619524118042,4.79646493118935e-05,-0.00114610115227354,-0.00379730484416729,4.79646493118935e-05,-0.00327860259945956,-0.000221237243901662,0.000103389703510537,0.000145052277434665,-0.00194727897956515,-0.000404196870857909,-0.00366774590649488,-0.0032588590395628,-0.000637472153903751,4.79646493118935e-05,-0.000283887833909979,-0.00115021419108707,-0.00156609067271773,9.28362034464669e-05,-0.00134214960147006,-0.000842718195678493,-0.00199046683170145,-0.00343154705913484,-0.00016862970253495,-0.00235702834664719,-0.00156609067271773,-0.00226911817309183,-0.00522359034988629,-0.000127427163076455,-0.00777469259844743,-0.000248464978895413,7.49075252510778e-05,-0.000190951093086866,-0.00387274419051753,0,-0.00433966869754432,-0.00173302369260053,-0.00367096298984126,9.28362034464669e-05,-0.00116058482870063,-0.0014437134288352,9.63157149440619e-05,4.79646493118935e-05,0,-0.00120045498930299,-0.0120113297040736,-0.000123569765897003,-0.0001188150662772,-0.00310095212926065,-0.00108957589656988,-0.00264710682784486,-0.00109375449084226,0.000106985449635388,-0.000848248156631648,-7.45821459009477e-05,-4.11516241705101e-06,-0.00084345634869365,0.000582581032094964,-0.000353926755131795,-0.00486611832714789,-0.00195658217823702,-0.00109740613530818,0.000148852253404996,-0.00425416368366793,6.45221301391885e-05,-0.00253620138970057,0.000152694217661065,1.21374913293337e-05,1.20557580940428e-05,-0.00181638122231131,-0.000162689780306202,-0.000307542786555537,-0.00479756051318159,-0.00280319873585722,-0.000603613732858221,0.16544939458214,0.000394453009906925,1.20557580940428e-05,-2.80836455575084e-05,0.000313940420687331,0.000145052277434665,-0.00243546532729955,7.49075252510778e-05,-4.21596593813689e-05,-0.000307542786555537,-0.00154385579437211,-0.000705920304026719,0.000706970896018788,-1.62424322187604e-05,-0.000578380315332083,-0.000161492210866143,0.000189281674206399,0.000338906398601679,-0.00144397663617823,-0.00144777557257036,-0.00333245053146936,-0.00622977628121912,-0.000125907513356616,-0.00242441373601121,0.0011426722763046,0.000202390696330212,-7.72039117062917e-05,-0.00222368972848574,-0.00736292521220161,-0.000128219441873689,4.79646493118935e-05,-0.000349492721051448,-0.000637472153903751,2.7896437565289e-05,-0.00274264316128736,-3.66222653012116e-05,-0.000121205764973986,-0.000919304834061663,-0.000177675631799268,5.44786163105826e-05,-0.000349492721051448,1.51534617840454e-05,0.000252477182110411,4.79646493118935e-05,-0.00475208947116279,0.000106985449635388,-0.0001188150662772,-0.00109725624486323,-0.0012055106329667,4.79646493118935e-05,0.000141293607760495,-7.72039117062917e-05,-0.00129400289782389,-0.00280316108154555,5.96196455848741e-06,0.0003340472898401,0.00011223150884021,0.000160506914490099,-0.000152527457797369,3.11732346922611e-05,-2.51733401315235e-05,-0.000398451610602812,-2.22300795336139e-05,-0.000434603449948945,-6.10195786299172e-05,-0.000886994693420462,-0.000331957082966738,-0.0026185571634274,-2.51733401315235e-05,0.000145052277434665,0.000185028503855378,-6.92494083871509e-05,-0.000121205764973986,-7.45821459009477e-05,-0.000398451610602812,-0.00195976172442691
"12:32680162:T:C",-0.00257568583018752,-8.8699997054853e-05,-0.00223088905817725,-0.00216196546785152,-8.8699997054853e-05,-0.00150553714260226,-0.00177438430150634,-0.000199367651179116,0.00110648465313101,-0.00237344941773721,-0.00158309347550123,-0.0021809942748714,-0.00162126096824222,0.000191042437013955,-8.8699997054853e-05,-0.00101834407717138,3.03860705770376e-05,-0.00200588201986118,-0.000170190773669532,-0.000373199492734955,-0.00267190845056753,-0.00217552641244634,-8.41292799780291e-06,-0.000150959256741245,-0.000437046338419123,-0.00200588201986118,-0.00493462039484083,-0.00171154370454296,2.16004391635494e-05,-0.00797280628142394,0.000376088383058359,-0.000164203297310372,-0.000204966141089002,-0.000756602960958475,0,-0.0033877090921921,-0.00163676276952618,-0.00341748855556112,-0.000170190773669532,0.00010296851132896,0.000798141905668182,-0.000179792289734415,-8.8699997054853e-05,0,-0.000131972149197246,-0.000935670888196238,0.000198224427743199,0.000183768783373672,-7.85215172873777e-05,0.001410502553985,-0.000327089081766374,-0.00374119755438018,-0.00429154133168996,-0.00455426646279644,0.000111292226256055,-0.00302778790322655,-0.00160008055905525,0.00107826576017755,0.000563676128149559,-0.000275454767542094,-0.000106853196329304,0.00032032168621754,-0.000283831156319359,0.000176401704758966,-0.000134968711297034,-0.00329487529343009,0.000933175228431615,0.000588427674079739,-3.40232034599097e-05,0.00112200525962791,0.000483152239794116,0.000493677123608371,-0.000237161314680989,-0.00411898774756736,-0.000510987005949204,0.000394453009906925,0.143883061848226,-3.40232034599097e-05,3.03860705770376e-05,0.00103034979540029,-0.000273366013875176,-0.00326185134953683,-0.000164203297310372,7.08888050535705e-05,0.000493677123608371,0.000569846001297059,-0.00240333806054371,-0.00503048087633928,-0.00120427803319068,0.000190669077432482,0.000249219876054418,-0.00109321385285188,0.00461647694763911,-3.40232034599097e-05,-0.00172074498359276,-4.28021551339697e-05,-0.0029585264246732,0.000205316473677719,-0.00108041170030049,-0.00892457516841194,-0.000744130281918665,0.000119029523913738,-0.000710412036283081,0.000688824401597898,0.000212320250342124,-8.86999970539648e-05,0.000544152822215871,0.000191042437013955,-0.00111579720443356,-0.000839419835958033,-0.00209420448690789,0.000191042437013955,-0.000355057836681993,0.000222339362337287,-0.000106853196329304,0.000544152822215871,-0.00115783775429534,-0.00990678066793116,-8.86999970539648e-05,-0.00242079756943347,-0.000209346322212589,0.000183768783373672,-0.000514269033610848,-0.00115747755998274,-8.86999970539648e-05,-0.00144005875737108,0.000119029523913738,-0.001715871573154,-0.000652556026062179,-1.67971994446958e-05,-0.00577899138154958,-0.000270649149365809,-0.0008509825928531,-0.00423180934673706,-0.00111518175724701,2.19713509626018e-05,0.000620313225983438,1.3447151579804e-05,-0.00201042828951703,7.10757902320225e-05,-0.00389400336239021,-0.0074015024085643,-0.00353471119524684,2.19713509626018e-05,-0.000273366013875176,-0.000384521710811825,9.55175593331248e-05,0.000191042437013955,-0.00172588970728871,0.000620313225983438,0.00022707534085864
"12:32680779:G:A",-0.00332184547953052,-0.00145478962839984,-0.000716442945757123,-0.00325727109939766,-0.00145478962839984,-0.00124620287692778,-3.79405445940506e-05,-7.17725393784008e-06,-1.02869572842224e-05,-0.00674535147784106,-0.00125995596765538,-0.00316786967415261,-0.00127665978766434,6.50084938680351e-06,-0.00145478962839984,-0.00253675140560627,1.44049686667813e-06,-0.00341645367237398,-6.25781156138316e-06,-2.55311853702977e-06,6.18504468796743e-06,-0.00648565752211816,1.15568375491648e-06,-1.67677079874196e-05,-0.00455654293911589,-0.00341645367237398,-1.56735541150255e-05,-0.00179778157566624,-2.17582835251307e-05,-0.000709340251886736,1.17699212065503e-05,-5.38482554013342e-06,-0.00553672608662392,-0.00074657075570439,0,-0.000117322843381729,-0.00329347373711286,-0.00539736175926375,-6.25781156138316e-06,-0.00196814623450781,-5.26052322999959e-05,-0.00133459278683556,-0.00153356580950526,0,-0.00888564466101283,-0.00136114945537091,-0.00423356995954105,-0.00163128332648643,-0.00191855104721039,-0.00774318934890328,-1.21142025708565e-05,-0.000154487006533088,-7.49452848403109e-06,-0.00492075604670195,4.07925330581094e-06,-0.0017008767936888,-0.000711052153449465,-0.000317842058120021,1.53771566129279e-05,-5.05022907271169e-05,-3.66819194308476e-06,-0.000239119920827591,-1.06396704335765e-05,6.18504468796743e-06,-4.50388659878342e-06,-0.00178590502127562,-1.0998602203216e-05,-0.000142782426751253,1.9912903341357e-05,-0.00363643846742701,1.38844644954617e-05,1.4022307485817e-05,-7.63557906768852e-06,-8.14603825105564e-06,-0.00018483396982294,1.20557580940428e-05,-3.40232034599097e-05,0.171616942923403,1.44049686667813e-06,-0.000187671088940355,-1.02869572842224e-05,-0.00174562286953339,-5.38482554013342e-06,-0.00031009029773621,1.4022307485817e-05,-0.00491192118562278,-0.00282245686842408,-0.000184571682945389,5.49486128598176e-07,-0.00249243718264669,8.31103193466021e-06,-0.00264130687638353,-2.79640845040063e-05,-9.29751416300917e-07,1.82554750836061e-05,-1.17236798580223e-06,-1.77221818917772e-05,6.80587809753774e-06,-2.65686060725301e-05,-0.000248227705686332,-1.5147512002045e-05,-0.00316906008143558,-0.000530015955529706,-0.00193473776727604,-0.000290851410494675,-0.00153356580950526,-0.00428409889998171,6.50084938680351e-06,-2.18647984429055e-06,-0.000869111053661165,2.06899323007548e-06,6.50084938680351e-06,-0.00150039622118303,-0.00448886758259626,-0.00180620204201798,1.51604777123282e-05,-1.17236798580223e-06,-1.96400847070066e-05,-0.00153356580950526,-5.48322295275128e-05,-0.000343421932338828,6.34432544455166e-06,-0.00201626643208197,-6.57969823514293e-07,-0.00153356580950526,-9.94031986323307e-06,-0.00316906008143558,-0.00373150919769749,-3.21150052737806e-05,-0.00248540515065798,-2.73978884219872e-05,-8.69318257734619e-06,-1.17357144979735e-05,-0.0048040442459456,-2.45144442612144e-06,1.22360203391736e-06,1.64420362969153e-05,1.00286335324995e-06,1.04920334713654e-05,-0.00203280555846064,-0.00329938330435198,-3.8505890938012e-06,-0.000837944427559911,1.22360203391736e-06,-1.02869572842224e-05,-0.00165574246983002,3.70528725834873e-06,6.50084938680351e-06,4.07925330581094e-06,1.64420362969153e-05,-8.99398165215004e-05
"12:32682286:C:T",3.72297450921266e-05,4.75048086023833e-06,-4.11307796444049e-06,3.79744346172828e-05,4.75048086023833e-06,3.19887376054595e-05,-2.71737565018526e-05,9.99361693398981e-06,1.35163238939029e-05,-0.00343869914114325,-0.00243198734567507,3.82506262077698e-05,3.45948084721215e-05,-1.25886104234141e-05,4.75048086023833e-06,7.33582112388831e-06,-2.4940656082606e-06,3.78011449484461e-05,8.89737239795352e-06,1.24023188412536e-05,-1.18990821107445e-05,-0.00328927653768218,-3.44627521879914e-05,-2.20114116622483e-06,-0.00262790800296209,3.78011449484461e-05,-4.39287693589918e-05,-7.03599985989456e-05,-1.09406089938702e-05,-0.00169663082776061,-0.00126862808852035,7.71391961684742e-06,-1.97528811147762e-05,-0.00234198393371887,0,-0.00236990167263684,3.53611167600576e-05,-0.00270679276983277,8.89737239795352e-06,-0.00216816613886017,-3.89875781214855e-05,9.26087733343905e-06,4.75048086023833e-06,0,3.30563434332021e-05,-0.000876207509280746,-1.29291249972852e-05,-0.00342697433292116,1.65667521283552e-05,-0.0044884320565135,1.53524179760112e-05,-0.0031953806077869,1.03628364582775e-05,-0.000305478976681428,-7.41690773242709e-06,-1.6832954615964e-05,-2.75104324067854e-05,-0.000284613016784618,-4.15466255914154e-05,3.57634097047921e-05,5.47820117802189e-06,-8.40066451006649e-05,1.38805086100646e-05,-1.18990821107445e-05,6.58619741944477e-06,2.10765365782351e-06,1.42462328813764e-05,-0.000204391900682666,1.44049686667813e-06,-9.33871233197436e-05,-3.48744094109676e-05,-3.54098798300839e-05,1.04216036156402e-05,1.11069283414977e-05,-0.00161352505345924,-2.80836455575084e-05,3.03860705770376e-05,1.44049686667813e-06,0.0558538339898211,-0.000388886753041717,1.35163238939029e-05,-1.39037434010447e-07,7.71391961684742e-06,-4.28001780239384e-06,-3.54098798300839e-05,-6.19891091426794e-05,-0.000110717469623545,3.71297274250892e-05,-0.00184351091809454,-0.00354701623053444,-1.70123699323455e-05,1.76028591294397e-05,2.73456627315483e-05,1.44049686667813e-06,-0.00106519203256283,1.80664789262153e-06,-0.000665458165570065,-1.32668453804996e-05,2.64539195224955e-05,2.77499851923935e-05,1.82196868649953e-05,-7.76990024853319e-06,-6.26907791572151e-05,-0.00352291328213727,-1.36018004441851e-05,4.75048086023833e-06,-4.0564902550777e-05,-1.25886104234141e-05,3.29567236523332e-06,3.75858726933131e-05,-3.57338067225044e-06,-1.25886104234141e-05,-7.55919710506703e-05,-1.76278709353994e-05,5.47820117802189e-06,-4.0564902550777e-05,1.80664789262153e-06,2.18966600051829e-05,4.75048086023833e-06,-0.00030231991052343,1.03628364582775e-05,-1.22452725630495e-05,-8.78814214440027e-05,-0.0024038997831477,4.75048086023833e-06,1.31536987799663e-05,-7.76990024853319e-06,-0.000313943244817594,2.95125226754678e-05,7.15449544053115e-07,2.70303213198986e-05,1.16142797326191e-05,-0.00259871925217325,-1.18690137593802e-05,3.67407901791239e-06,-2.12905908547611e-06,-4.73181747873141e-05,-1.76140565955052e-06,-2.3038723662161e-05,-5.6101275642817e-06,3.78870885642257e-05,-1.73078048586461e-05,-3.28524417962939e-05,-2.12905908547611e-06,1.35163238939029e-05,1.72244752452144e-05,-6.70263166657747e-06,-1.25886104234141e-05,-7.41690773242709e-06,-4.73181747873141e-05,3.75165798054411e-05
"12:32682793:T:A",-0.00650467646088337,-0.00133397681380032,-0.000421072595220284,-0.00610794330739228,-0.00133397681380032,-0.006073155677492,-0.00215598226216951,-0.00200153692466198,-0.00439753617020777,-0.00622056579660057,-0.00545693595451269,-0.00732595454159046,-0.00738604620680672,-0.0011626481231426,-0.00133397681380032,-0.000555481482187759,-0.0113308232735756,-0.00363377956965838,-0.00339005560295735,-0.00793322731084478,-0.00166944656630008,-0.0079819526473548,-0.00405700944776166,-0.00252294721593493,-0.00451242316485478,-0.00363377956965838,-0.0126257661597724,-0.00544400951266377,-0.00424759455952461,-0.00650386495716981,-0.00125974668135997,-0.00204556881287621,-0.00276786317323507,-0.00966932126431708,0,-0.0120504545240898,-0.00118487129070211,-0.00996052604738473,-0.00339005560295735,-0.005356445797426,-0.00292796478396307,-0.00652411179075685,-0.00600688237958646,0,-0.00286522652119103,-0.0083407912829343,-0.00218650767635964,-0.00265009029472818,-0.0012538162330693,-0.000705952239265617,-0.00642220123396608,-0.00907599167064221,-0.00503542822627967,-0.00294160683517797,-0.0108299972244668,-0.0143283870468847,-0.00585157999538577,-0.00216426742960962,0.000717338956787827,-0.00134743562262374,-4.93581845555369e-05,0.000389137823738395,-0.0014773349639583,-0.00098181570643785,-0.00468084712595118,-0.00338856006365917,0.000420923748611912,-0.00868637913419068,-0.000187671088940355,-0.00454485633108037,-0.00283481366861693,0.000900003580172282,-0.000305879009331989,0.000264435482157488,0.00157545812522963,0.000313940420687331,0.00103034979540029,-0.000187671088940355,-0.000388886753041717,0.521914251454504,-3.66052822764473e-05,-0.00363247138192779,-0.0044955650252585,0.000344187190072454,0.000900003580172282,-0.00150929488301133,-0.000380929051637668,-0.0128951498602747,-8.88102515204103e-05,-0.00250898741288941,-0.00633715689872538,-0.0044349317381922,0.000748290813985975,-0.000565584632558291,0.00104062500961311,-0.000370154514860666,-0.00337254858996072,-0.00799553201803604,-0.00168122859062869,-0.0169299874934383,-0.00145103717548434,-0.000304846662425362,-0.00378752160901774,-0.00390827409275429,-0.000106394972656965,-0.00560769193720567,-0.00167095582115895,-0.00137078130512247,-0.00366994910081475,-0.00238811031310959,-0.0039158893820046,0.000216383091167671,-0.00602723362763857,-0.00507251321086377,-0.00537273207887345,-0.00547762968930865,-0.00284538870645434,-0.00485263317345197,-0.00560769193720567,-0.00204399148867607,-0.000286200411689919,-0.000992414728105295,-0.0036248581338012,-0.00100412378223824,-0.00560769193720567,-0.0121495539183396,-0.000304846662425362,-0.00299739305240809,-0.000940040140029463,-0.00377462648057669,-0.00237552123091955,-0.00446614142370949,-0.00283098818193039,-0.00648205920863232,-0.00508362959404751,-0.00189427460843561,-0.00410994995039182,-0.00173687644337672,-0.00777819785579492,-0.00320947866734889,-0.00135401609266239,-0.000967583517102799,-0.00314309835965476,-0.00189427460843561,-0.00451640726737867,-0.0018328215339829,7.82840423987352e-05,0.000216383091167671,-0.00322189854004051,-0.00410994995039182,0.000450434286856982
"12:32683550:A:G",-0.000611547222470143,-3.10912649359452e-05,2.02592952085467e-05,-0.00056921811119004,-3.10912649359452e-05,-0.00246780281743053,-0.00140885084623932,-6.90008915347207e-05,-9.57544379360797e-05,-0.000478443434550613,9.59278011665177e-05,-0.000535023486459174,-0.00247117504504146,7.05732136170312e-05,-3.10912649359452e-05,-5.10618376754479e-05,1.35163238939029e-05,-0.000579867238569953,-6.00539304391745e-05,-0.00119361467241763,-0.00297828863866645,-0.000517815495187257,-0.00125869639496834,0.000874477219232617,-0.00284230363738391,-0.000579867238569953,-0.000265228492284386,-0.00108138356789667,-0.00200971882635326,-0.00249489797350044,0.000139918711230536,-5.40605681589312e-05,0.000103338926888519,-0.000747722303279907,0,-0.00219044187495676,-0.000367707977846798,-0.000225396919055321,-6.00539304391745e-05,-0.000212648849837294,-0.00420512781472837,-6.29995425933672e-05,-3.10912649359452e-05,0,-0.000323722498889012,-2.76519447242052e-05,7.26791276983718e-05,6.84414173433012e-05,-0.00212465285486729,-0.00676743552430281,-0.000796957537116505,-0.00228991331787221,-7.20580045667774e-05,-0.00121274101250002,-0.00190168814158298,0.000194573355974725,-0.000421088548836046,0.000408297516262479,0.000203858506962362,-0.00503842866865067,-3.66216099534356e-05,0.000346936895585515,-9.89816368361929e-05,6.62832597573271e-05,-4.51771362808273e-05,0.000116169053110404,-0.000102249560550938,-6.5536427838353e-05,-1.02869572842224e-05,-0.00133148854456433,0.000175666832331167,0.000178555733660879,-0.00108155605758142,-7.82886785835046e-05,-0.000221471678354845,0.000145052277434665,-0.000273366013875176,-1.02869572842224e-05,1.35163238939029e-05,-3.66052822764473e-05,0.0800129215054328,0.000119232660494184,-5.40605681589312e-05,2.56504295226279e-05,0.000178555733660879,-0.00108291788463166,-0.00145096213165186,0.00015847335280128,3.25475764473282e-06,7.57012777707899e-05,9.25922002572577e-05,-0.000579844210569114,-0.00023160598597638,-1.02869572842224e-05,0.000272532906137712,-1.2938289682296e-05,-0.000966693915171568,7.47596271972739e-05,-0.000718749287127451,0.00100357557942043,0.00162470535926218,4.45399261010948e-05,0.000530480501248043,-0.0012726407447996,7.68151685335283e-05,-3.10912649359452e-05,0.000198635751262444,7.05732136170312e-05,-2.38801242673503e-05,-0.000427756792501732,2.08852489622657e-05,7.05732136170312e-05,0.000628530616323175,-0.000374422158427201,-3.66216099534356e-05,0.000198635751262444,-1.2938289682296e-05,-0.000584587662241454,-3.10912649359452e-05,-0.000403750656126078,-7.20580045667774e-05,-0.00216270326263945,0.000621974813999948,-1.03284292416461e-05,-3.10912649359452e-05,-9.25672100295927e-05,4.45399261010948e-05,0.00037303606825656,-0.000259796070612772,-5.0809618699077e-06,-0.000304952947124626,-0.000508091265532862,-0.000108910693413122,-0.00110318379643193,-2.67029232361438e-05,-0.00344860595075236,0.000225676439403522,-0.0013722701825607,-0.00241964941647854,3.03410641135926e-05,-0.00354178142163608,-4.13754196531002e-05,-0.00366896363417357,-0.00344860595075236,-9.57544379360797e-05,-0.000610198997141431,3.75730417028208e-05,7.05732136170312e-05,4.22461828621934e-05,0.000225676439403522,-0.00158339804982166
"12:32683791:T:C",-1.74702690358686e-05,-0.00113241992264967,-0.00364562242821975,2.64499621644987e-05,-0.00113241992264967,-0.00810041555462959,-0.00547377249100922,-0.00354803460486952,-0.00211047630527972,-0.0110351391213568,-0.0119560878132692,-4.96638090217161e-05,-0.00792126572375595,-0.000211649644637824,-0.00113241992264967,-0.00159931229145194,-1.39037434010447e-07,-0.00123329296553365,-0.0069795601100715,-0.00469138762402821,1.96077615637336e-05,-0.0134483124685163,-6.3501783890807e-05,-0.0059647375760612,-0.0040452000583433,-0.00123329296553365,-0.00339081992096535,-0.00376304822689821,-0.00700144882338716,-0.00201755726257069,-0.00129299697292051,-0.00322945977709477,-0.00437644423562666,-0.0103114139821767,0,-0.0037129105609619,-0.00097787426858531,-0.0063680728827058,-0.000213950063613133,-0.00273771748300744,-0.0065267750377318,-0.00022693031365506,-0.000110793663531616,0,-0.0048026950051101,-0.00364516629507872,-0.00124613200791224,-0.00157688359178376,-0.00465324971723824,-0.0139413523391148,-0.00671773083419769,-0.00615655605979892,-0.000267163866992881,-0.000792243785338709,-1.80248405365901e-05,-0.00526725520414395,-0.00839459338212611,-0.0044091074596353,0.000646607685401257,-0.00381753173395349,-0.00142674942815102,-0.00249202893237221,-0.00123548595898271,-0.00143193636798156,-0.00155153898972671,-0.000109567218144591,-0.00133494643749454,-0.00142484879536076,-0.00174562286953339,0.000614734375772752,-0.00158587148726586,0.000571211010723438,-0.00686455572027,-0.00322795255249009,-0.00255021427817814,-0.00243546532729955,-0.00326185134953683,-0.00174562286953339,-1.39037434010447e-07,-0.00363247138192779,0.000119232660494184,0.433403973534773,-0.00322945977709477,8.60343841546651e-05,0.000571211010723438,-0.00693821532678163,-0.00127879205879866,-0.010853291825399,-0.00175110059410066,-0.000323329819024387,-0.00144504318921168,-0.000210847797897706,-0.00298308911644884,-0.00174562286953339,0.000393440484597996,-0.00122618412598463,-0.000173977429492211,-0.00632998251345462,-0.00422356644127664,-0.00965871998653878,-9.79843489128385e-05,-0.0001081935400844,-0.00285254637688848,-0.00447698355738835,-0.000198959400888654,-0.00113241992264967,9.79423434710469e-06,-0.00338536509447707,-0.00348637541757402,-0.000211640569431459,-0.00205741491332034,-0.00280147682008458,-0.00538990895489411,-0.00295696605338058,-0.00142674942815102,-0.00198879697573595,-5.58569966893074e-05,-0.00278302654654539,-0.00113241992264967,0.000859751676131282,0.00017953963634465,-0.000278367109088684,-0.00904725882374935,-7.81623560266453e-05,-0.00113241992264967,-0.000334393194164839,-0.0001081935400844,-0.00261507089279878,-0.00191554129061977,-0.00385497056484141,-0.00360298719851571,-0.00283229114039507,-0.00272633724553462,0.000236239187038301,-0.0034564539455797,-0.00238784884826071,-0.00150179871641143,-7.70441463870952e-06,-0.000430681423289947,-0.00304608266197182,-0.0221882254743107,-0.002663305605906,-0.00224902746092681,-0.00238784884826071,-0.00518917835104382,-0.00611609914586886,-0.00434749957666991,-0.00280147682008458,-1.80248405365901e-05,-0.00150179871641143,-0.00325810875083032
"12:32684367:A:G",-0.00518899560904984,-1.71191437878804e-05,-0.00428322571960482,-0.00531361374752581,-1.71191437878804e-05,-0.00132733437456878,-0.0040302326783106,-0.00133852534201129,-5.40605681589312e-05,-0.008903548270081,-0.000369842981464252,-0.00420903894336089,-0.00131254508051759,-0.00350164247781226,-1.71191437878804e-05,-0.00260936725200889,7.71391961684742e-06,-0.0051673338865541,-3.35036945084966e-05,-0.00491969785614454,3.56664903371495e-05,-0.0119924212457994,-0.00218383972316527,-0.00254122887714203,-0.00260306334110094,-0.0051673338865541,-0.00407311587637249,-0.00111990062227019,-0.00271635891836031,-0.000929760640897115,-0.00345918499948628,-0.000854179227752105,-0.00517799377191608,-0.00101984560255097,0,-0.00617478709729724,-0.00717531793147863,-0.00974604258954326,-3.35036945084966e-05,-0.00619903792495968,-0.00313442697862598,-3.51259978730312e-05,-1.71191437878804e-05,0,-0.000137464175163693,-0.00270410296773438,3.87598598541317e-05,-0.00285089958015661,-0.0016880139018518,-0.00163281443750218,-6.34895169984162e-05,-0.000330060988939618,-4.01377293881566e-05,-0.000905874220788583,2.30235870510853e-05,-0.000178171475819333,-0.000273511652991054,-0.00380808897842133,0.000101833623149084,-0.00117360557727419,-2.00918840675968e-05,-0.00583455481711148,-0.000206351719506337,3.56664903371495e-05,-2.47164137068268e-05,-0.00329809692272409,-5.77474080865059e-05,-0.00367931848289826,-5.38482554013342e-06,-4.30252115801721e-05,8.91209112863223e-05,9.03298920480466e-05,-4.17301246002921e-05,-0.00149043089627199,-0.000743092663097578,7.49075252510778e-05,-0.000164203297310372,-5.38482554013342e-06,7.71391961684742e-06,-0.0044955650252585,-5.40605681589312e-05,-0.00322945977709477,0.233754016126736,1.39108512930974e-05,9.03298920480466e-05,-0.00923814187564087,-5.7690245700126e-05,-0.00194813170093067,2.42283365547991e-06,-0.00192439712219539,4.91119481056401e-05,-7.58007142387385e-05,-0.000137280982322352,-5.38482554013342e-06,0.000131774687273989,-6.78013136923283e-06,-9.17372877724532e-05,3.97620999619264e-05,-0.00139336518412048,-0.00101456299808333,-0.00337490300989973,2.41657056712086e-05,-0.00456627932709175,-0.00104981739671617,4.07503868142811e-05,-1.71191437878804e-05,9.97381767424699e-05,3.77433774856328e-05,-0.00205007318632511,-0.00468333943384458,1.1484992616495e-05,-0.00152507031212146,-0.000584226638912,4.91696722964008e-05,-2.00918840675968e-05,9.97381767424699e-05,-0.00118679715787895,-9.93976761591853e-05,-1.71191437878804e-05,-0.0022598412889332,-4.01377293881566e-05,3.67123559819049e-05,-0.000492168219199396,-0.00188040426764413,-1.71191437878804e-05,-5.22577287362935e-05,-0.00175813514057577,-0.000174254939242502,-0.00438476100323193,-2.65394565790444e-06,-0.000134651186408874,-4.73738520119227e-05,-6.1546410752733e-05,-0.00469120559040004,-0.00443772950494381,6.42012174889572e-06,0.000111659428590372,5.10728277358652e-06,6.38468856850594e-05,-1.73997416998972e-05,-0.003013153795004,-0.00178476028349728,-0.00442839331037703,6.42012174889572e-06,-5.40605681589312e-05,-7.36676246564372e-05,2.06894392018597e-05,-0.00152507031212146,2.30235870510853e-05,0.000111659428590372,-0.000789236762356538
"12:32686965:G:T",-0.000935099426378372,-0.0034987303905174,-7.03658269252116e-06,-0.000888672021482684,-0.0034987303905174,-0.000162892741969678,-4.109374682848e-05,1.84103887521658e-05,2.56504295226279e-05,-0.000145173464241921,-3.2851188144889e-05,-0.000813951879044872,-0.000162892741969678,-2.02658133652278e-05,-0.0034987303905174,1.31985138196455e-05,-4.28001780239384e-06,-0.0010428510075462,1.62784162611729e-05,2.28098247978537e-05,-1.92387352653256e-05,-0.000125276757048098,-3.87122458977984e-06,3.90048909189034e-05,-0.000252361346054997,-0.0010428510075462,-6.23741884799855e-05,-0.000157607118177694,4.87700451747841e-05,7.30569712175111e-05,-4.09572429473926e-05,1.39108512930974e-05,0.000365517291385231,-1.41756086415867e-05,0,-0.000117971035475506,-0.00100825674358429,-7.34125554409104e-05,1.62784162611729e-05,4.74302283830497e-05,9.86216176750432e-05,1.69811899768391e-05,8.43188385601934e-06,0,-0.00444524313032524,-0.000497741925173045,-2.0770725516428e-05,-1.97551825218412e-05,3.19608452894471e-05,-3.43662212998197e-05,2.95598960855514e-05,-0.000148663989066655,1.91370806783553e-05,0.00019730068781687,-1.22843831880104e-05,7.45713478540466e-05,5.89560993473626e-05,0.000465317757473827,-5.92612231615774e-05,9.59835108034213e-05,9.75585167406479e-06,0.000586264458656061,2.64147541377824e-05,-1.92387352653256e-05,1.17980485025981e-05,7.612149732239e-05,2.71877142008492e-05,0.000297871584099774,-0.00031009029773621,-0.000199450909656562,-5.09658463627716e-05,-5.163555593235e-05,1.91367401587428e-05,2.06153396238307e-05,0.00023274104556581,-4.21596593813689e-05,7.08888050535705e-05,-0.00031009029773621,-4.28001780239384e-06,0.000344187190072454,2.56504295226279e-05,8.60343841546651e-05,1.39108512930974e-05,0.019366530492821,-5.163555593235e-05,0.00142103407425154,4.21184043029044e-05,-0.000135972112917493,-1.82660711889326e-06,-2.28041241614463e-05,-2.68138113037608e-05,-0.000450480854797597,6.05966798543633e-05,2.47033254652251e-06,-8.11901660950909e-05,3.10528250935249e-06,4.08608138053879e-05,-2.12700145123534e-05,5.76411280697187e-05,-0.000101791854708821,3.60905043423898e-05,-1.28347736954026e-05,0.000231059758704966,6.44127491264967e-05,-2.17637737822685e-05,8.43188385601934e-06,-5.80769764084721e-05,-2.02658133652278e-05,5.71814736360921e-06,0.000111545345307107,-6.04854356645035e-06,-2.02658133652278e-05,-0.000651364277806543,0.000169755570327723,9.75585167406479e-06,-5.80769764084721e-05,3.10528250935249e-06,4.5121515134916e-05,8.43188385601934e-06,0.00010216537419705,1.91370806783553e-05,-1.97551825218412e-05,0.000205810891752201,1.40438574369739e-06,8.43188385601934e-06,2.48945964180791e-05,-1.28347736954026e-05,-0.000115163800477269,6.77936416231262e-05,1.22150336778759e-06,5.96249632858203e-05,2.15133570948822e-05,2.87601328707865e-05,-1.96363914284348e-05,6.3902641498359e-06,-3.67711621596101e-06,-6.61980238332305e-05,-3.06732684940414e-06,-3.53168015703176e-05,-9.43661260155437e-06,-6.61480006485249e-05,9.87101069593876e-06,9.21046863577857e-06,-3.67711621596101e-06,2.56504295226279e-05,3.37006677861851e-05,-1.11647665104186e-05,-2.02658133652278e-05,-1.22843831880104e-05,-6.61980238332305e-05,0.000145826418573414
"12:32687352:A:G",0.00102498860297473,5.86857818287712e-05,-6.33728400636357e-05,0.000957748694792926,5.86857818287712e-05,-1.35522369184571e-05,-9.21384079344278e-06,0.000126572521507384,0.000178555733660879,-0.000333892928379598,-0.000396835724976619,0.000900772651916348,-3.08909862658524e-05,-0.000148285878314169,5.86857818287712e-05,8.62138851234207e-05,-3.54098798300839e-05,0.000982549717793546,0.000114081415310885,0.000115854427416906,-0.000142855346035198,-0.000275635957424747,5.91545064487775e-06,0.000257903081020139,0.000144891389028068,0.000982549717793546,-0.000507565023667667,-0.000105894564670805,0.00032588754084717,-0.000892701147812147,0.000311135227558879,9.03298920480466e-05,-0.000234264751306057,0.000141197257952363,0,-0.00124334110029167,0.000648969213004058,-0.000301186095909678,0.000114081415310885,0.00025409269379395,0.000674100108084552,0.000118198398912917,5.86857818287712e-05,0,0.000551447140364481,-0.000704364467266849,0.000708522661750699,-0.000145586157447752,-0.0008975387504222,0.000649416204003828,-0.00047857142802421,-0.000687196828637049,0.00013083126034541,-0.000445510114500891,-9.192956060744e-05,1.88727829035784e-05,-0.00035337863712126,0.000904750751231198,0.0128955026885569,-0.000484595268017252,6.63294288756333e-05,-0.000781429647928711,0.000183092202282964,-0.000142855346035198,7.8123378770556e-05,0.00050106835392949,0.000187680525218781,-0.000599621763109681,1.4022307485817e-05,-0.00082841078396978,0.00096158303874283,0.0128955026885569,-9.30677924459999e-05,0.000139496231291503,0.000881577970614167,-0.000307542786555537,0.000493677123608371,1.4022307485817e-05,-3.54098798300839e-05,0.000900003580172282,0.000178555733660879,0.000571211010723438,9.03298920480466e-05,-5.163555593235e-05,-0.0229276674786707,0.00142352008270485,-0.000505535718687611,-0.00308641126145215,-0.000162225253292902,9.66320683595256e-05,-0.000197275619306048,0.000231463567847534,0.000422744392746033,1.4022307485817e-05,-0.000591348692670302,1.7627585841673e-05,-0.000949557203737683,-0.00015359414857663,-0.000272231913052146,-0.00529384765517449,0.000249672508907395,-9.49226281781179e-05,0.000125901915922988,-0.00106417718575358,-0.000156203718657544,5.86857818287712e-05,-0.000420922752704556,-0.000148285878314169,3.24684004660014e-05,0.000781747504747798,-4.52546187146297e-05,0.000523418232702966,0.00119143133504895,2.92296299555517e-05,6.63294288756333e-05,-0.000420922752704556,1.7627585841673e-05,0.000312568115128364,5.86857818287712e-05,-0.000511750186448445,0.00013083126034541,-0.000145586157447752,0.000966086860124449,-3.74174803674521e-06,5.86857818287712e-05,0.000174070245068769,-9.49226281781179e-05,-0.000856067343926625,0.000474440047612212,6.93273101681768e-06,0.000416749756379176,-5.98176850816756e-05,-0.000563283651177748,-0.000210011665757293,3.6287215923636e-05,1.43252314046549e-05,-0.000478273664746176,-2.86571279382031e-05,-0.000256388604635838,-7.64371916197604e-05,-0.000304985132707714,5.60722757718679e-05,-0.000156617741323473,1.43252314046549e-05,0.000178555733660879,0.000226365693221986,-8.58398434147034e-05,0.000523418232702966,-9.192956060744e-05,-0.000478273664746176,0.00101863719881212
"12:32689766:C:A",-0.00920581012895294,-0.00388997604719687,-0.00777570256331206,-0.00948925308063853,-0.00388997604719687,-0.00520912734374646,-0.00479683111034035,-0.00407767168255457,0.000260748541832001,-0.00334673822136455,-0.00169930426016185,-0.009843101751561,-0.00523704919298185,-0.00387441762298923,-0.00388997604719687,-4.72185687412363e-05,-6.19891091426794e-05,-0.0105107383063086,0.000170805155717879,-0.0123081347529452,-0.000243845449819702,-0.00379147406627034,-0.00634115015398606,3.45094350171493e-05,-0.00524208552354333,-0.0105107383063086,-0.0107588175659821,-0.00153624689177168,-0.000306762362595414,-0.00329267517196108,-0.0021385766806894,-0.00349381003783744,-0.00659953714697536,-0.00464941994475865,0,-0.00584001445689131,-0.00433938739303041,-0.00434980281361996,0.000170805155717879,6.31729699476224e-05,0.00019443215640802,0.000176103999467436,-0.00558054025587573,0,-0.00887418407369989,-0.00576319824032279,-0.0010988973791024,-0.000523533912859087,-0.00338965473440744,-0.00297757723027559,-0.00577832478183993,-0.00391058562423163,-0.00233599907691673,-0.00155924457265799,-0.000308327217185322,-0.000146357934340813,-0.00283351162312906,0.00174075987112854,0.00139215146308036,0.000707261193822362,-0.00247612879507741,-0.0035370125392209,-0.00289781393178679,-0.000165487699719691,8.49258635806649e-05,-0.00716128769080093,-0.00127976418071007,-0.00917538224282,-0.00491192118562278,-0.00156771699096359,-0.00155892800429047,0.00142352008270485,-0.00479868468402334,-0.00161008527485329,-0.00368536360221006,-0.00154385579437211,0.000569846001297059,-0.00491192118562278,-6.19891091426794e-05,-0.00150929488301133,-0.00108291788463166,-0.00693821532678163,-0.00923814187564087,0.00142103407425154,0.00142352008270485,0.449730770189471,-0.000850385329580039,-0.00284551422656953,-0.00370535403680972,-0.000211934642560863,-0.0106395660390524,-0.00102936588749714,0.000470201776079371,-0.00199872277600921,-0.00401362836253316,1.27366893760694e-05,-0.00730322241338754,-0.00337548068711957,0.000240306928466438,-0.00353919371394795,-0.00669698865509183,-0.000411876413116019,-0.00246534302534673,-0.0105379398670618,-0.000260137134714178,-0.00152141645437975,-0.00522378100399212,-0.00429379259434448,-0.00721531444524182,0.00076462524081844,-7.47380931214181e-05,-0.00131815398295387,-0.00614052765425166,-0.0030380650938131,-0.000341369102393685,-0.00522378100399212,2.29948747501041e-05,0.000125323831293933,-0.00152141645437975,-0.00371764536934549,-0.00352752000525935,-0.00195725772619504,-0.00466364027524602,-0.000689593084748807,-0.00152141645437975,0.000255084490791369,-0.000411876413116019,-0.00120120271357038,-0.000381518472484466,-1.22994873308357e-06,-0.000361245937080312,-0.00414856014868903,-0.00127046240847672,-0.00520735520270188,-0.010008033017705,-0.000182917176489994,-0.00316329745693,-0.00516517430984553,-0.000446354750418543,-0.000109492679121637,-0.0140973642472835,-0.00380647321044592,-0.005112616281155,-0.000182917176489994,-0.00255263716274978,0.000120435588520706,-6.2874658891765e-05,-0.00131815398295387,-7.76414404750625e-05,-0.00316329745693,0.000509911946447339
"12:32691142:C:A",-0.01173836279923,-6.0323042946564e-05,-0.00326407937245632,-0.0113079811041636,-6.0323042946564e-05,-0.0131393817199812,-0.00941095039991824,-0.00156191614213519,-0.0026085411355723,-0.0108828977728663,-0.00163852796064257,-0.0120943500199959,-0.0136403159387406,-0.00274755072810873,-6.0323042946564e-05,-0.00351553653353065,-0.000223393258508509,-0.00753005724543199,-0.00240642078668873,-0.0133101230908332,-0.000142290311219817,-0.00719161007065905,-0.00763661136770022,-0.00220748461962916,-0.00425833244116358,-0.00753005724543199,-0.00627156561072928,-0.00671306381151116,-0.00647436385876254,-0.00988178854813082,-0.00160216666177826,-5.7690245700126e-05,-0.00184287130562666,-0.00857048832685292,0,-0.00875426315067074,-0.00500882236088263,-0.0113772605566802,-0.00240263378568883,-0.00352990888125726,-0.00888700334473258,-0.00290890442776348,-0.00150771185031928,0,-0.00459921513811778,-0.00726000813400907,-0.00390995258816407,-0.00304059650725819,-0.00606627038723984,-0.00687289447543282,-0.00155492582151373,-0.0054339213032728,-0.00194439599203022,-0.0042818517949037,-0.00627148772018771,-0.00316182433144041,-0.0030479271176822,-0.00167780324917377,-0.000425229916483971,-0.00180852179176094,-0.00288780226196472,-0.00683099181257107,-0.00677794900880802,-0.00163982627351711,-0.00108501746634992,-0.00139857346329109,-0.00306912395240477,-0.000142536293954443,-0.00282245686842408,-0.000967505418860704,-0.000238577484939384,-0.000505535718687611,-0.0126680883847534,-0.00124020196091035,-0.0139677484594354,-0.000705920304026719,-0.00240333806054371,-0.00282245686842408,-0.000110717469623545,-0.000380929051637668,-0.00145096213165186,-0.00127879205879866,-5.7690245700126e-05,4.21184043029044e-05,-0.000505535718687611,-0.000850385329580039,0.648141649466076,-0.0108884763519241,-0.00472311067683018,1.30984077757468e-05,-0.00230724377516811,-0.00127028669925133,-0.000192171674584074,-0.00512465532680739,-0.00143497632342005,-0.000608764570567466,-8.43831585664034e-05,-0.00745650522206542,-0.00280998500076102,-0.0142755010947115,-0.00703690891496045,-0.000674423033325766,-0.00487829735284606,-0.00530692577549363,-9.380943389381e-05,-0.00551467324609067,-0.000358524655014403,-0.00297174926000476,-0.00279090698977624,-0.00238360044447772,-0.00404477521001301,-0.00426007409901707,-0.00676043778272506,-0.00907685878801834,-0.0074270527835063,-0.00312658922319331,-0.0117888402490438,-0.00339667286346845,-0.00551467324609067,-0.0028883220072542,-0.000102073913241796,-0.00667749850812083,-0.00589838243143737,-0.00272326859036109,-0.00551467324609067,-0.00097622111951523,-0.000674423033325766,-0.00288599795400479,-0.0142775853171253,-0.0080215671083117,-0.00355763406737708,-0.00492144799673166,-0.000452645233624427,-0.00930860013792945,-0.0025325525389146,-0.00415435826637101,-0.00137978216746681,-0.00227021197625366,-0.000344236237980411,-0.00537905479897427,-0.00985814856444067,-0.00476978916055204,-0.0130717993002265,-0.00415435826637101,-0.00122416605601927,-0.0124588334140281,-0.000255608131459972,-0.00426007409901707,-0.00274170987496092,-0.00137978216746681,-0.00637647111083162
"12:32691754:A:G",-0.00846306677369535,0.000137159636070194,-0.0028355426665434,-0.00910762520739716,0.000137159636070194,-0.00632885123594962,-0.00584377913249368,-0.00318360089142189,-0.0045313793616053,-0.016146368146337,-0.00536907659625419,-0.0087265598898667,-0.00674589613385024,-0.000494418694682253,0.000137159636070194,-0.00170959578192509,3.71297274250892e-05,-0.00758698099555888,-0.00221967068015694,-0.0088297611995527,-0.00488922028884708,-0.015704215473999,-0.000499437772190969,-0.00169929803263313,-0.00174220776002931,-0.00758698099555888,-0.00567513276287723,-0.000539682010635367,-0.00617989832449028,-0.00879867162043046,-0.00149816823520332,-0.00194813170093067,-0.0039921142376631,-0.00649099601416125,0,-0.00921789389543237,-0.00527265769412377,-0.0114570762052635,-0.00180446454910577,-0.00751513415288096,-0.0114103861600876,-0.00133995362121375,-0.005292513215859,0,-0.00183433718067283,-0.00497809712663733,-0.00786607431523034,-0.000756908211355878,-0.0112005610800656,-0.00547474409376703,0.000796397226469736,-0.00239882119948653,-0.00064458265575329,-0.0144171242126037,-0.00355094237180431,-0.00133147830239677,-0.0034228051814611,-0.0101516726365705,-0.00413413745245883,-0.011728799266153,-0.00178695304510779,-0.0050223734700654,-0.00408064553059084,0.000256520531173088,-0.000633835711914443,-0.0100518203117335,-0.0112235940761893,-0.00731196645384768,-0.000184571682945389,-0.0011403616990453,0.00080430521809749,-0.00308641126145215,-0.000223820292845289,-0.00278738095188302,-0.00279098249922693,0.000706970896018788,-0.00503048087633928,-0.000184571682945389,3.71297274250892e-05,-0.0128951498602747,0.00015847335280128,-0.010853291825399,-0.00194813170093067,-0.000135972112917493,-0.00308641126145215,-0.00284551422656953,-0.0108884763519241,0.620759260850445,-0.00112019749043757,-0.000964021396645087,-0.00375177729211362,-0.0013784959741665,-0.00450659206913251,-0.000184571682945389,0.000792780018990857,-0.000179556829257521,-0.0017001465241302,-0.00122041808163953,-0.00209010753039207,0.000682416816170317,-0.00426993944432308,-1.46480455454068e-05,-0.00470954337207763,-0.00483883195930579,0.000427149852592734,-0.00573158421344466,-0.00382695289063317,-0.000424037108175845,-0.000459208580549486,-0.00685128874110141,0.000161767814788938,-0.000941360822089621,-0.0167781791970496,-0.0055258915178813,-0.000259433459946834,-0.00382695289063317,-0.005829107942529,-0.00036612394229163,-0.00573158421344466,-0.000825383833000348,-0.00223943795271531,-0.0034188254315648,-0.0172249752161613,-0.00151977144146986,-0.00573158421344466,-0.00178489991189323,-1.46480455454068e-05,-0.000242494486072165,-0.0115538179261492,-0.00889324691226445,0.000518619232416917,-0.00547743845281756,-0.000413062567043987,-0.00911505481316954,-0.00137962552773008,-0.000611273659342437,-0.00561960442141629,-0.00482274883969946,-0.00692899373691347,-0.00124410534743014,-0.00792969795856413,-0.000762393140999684,-0.0121589207040715,-0.000611273659342437,-0.000976526429973035,-0.00492894894572204,-0.010681835419728,-0.000941360822089621,-0.00271595223545962,-0.00561960442141629,-0.00192213020501031
"12:32692013:A:T",-0.0028436429257912,1.63949465203928e-06,-0.00233093245690164,-0.00291769303050682,1.63949465203928e-06,-0.000231191858464097,-1.55217284767417e-05,2.86402747384784e-06,3.25475764473282e-06,-1.9925559148426e-05,-0.000217915139795188,-0.00302432702315425,-0.00021640256441291,-0.0012426147116571,1.63949465203928e-06,2.33488015677352e-06,-1.01808925379032e-06,-0.00273806383914987,2.66452802843986e-06,3.19174651153276e-06,-5.74065339087326e-06,-3.850232719671e-05,-0.00395836979865027,-0.00197115855013941,-0.00127126722619231,-0.00273806383914987,-2.84519434421426e-05,-0.00239342163072465,-0.00182982115563934,-0.000288794848199991,-0.000260266537893017,2.42283365547991e-06,-0.00279454885337049,-0.000591891775997055,0,-0.000984210461481005,-0.00293072453249454,-0.00250523474906927,2.66452802843986e-06,-0.00040783161853053,-0.00340694194045277,2.73442768783383e-06,1.63949465203928e-06,0,-0.00173781877469192,-0.000308393907800131,-0.00250359765744879,-5.9392705162864e-06,-0.00209226537267515,-0.000313790030990191,3.29266795340288e-06,-0.000261745764658095,2.92345498653646e-06,-0.00312782725719174,-0.00155837259212088,-5.49742156241706e-06,-0.0013263390539251,-0.000738546024212194,-0.000151136668200103,-0.0012845400160213,1.85122446705321e-06,-6.55342386259861e-05,3.27225067664472e-06,-5.74065339087326e-06,-0.000508436495338493,-6.23769080831948e-06,3.28496754242735e-06,-0.000333196216170784,5.49486128598176e-07,-0.000576914362010683,-2.1327293174167e-05,-0.000162225253292902,-0.00212347291575821,-0.00248476932840447,-0.000205049292655524,-1.62424322187604e-05,-0.00120427803319068,5.49486128598176e-07,-0.00184351091809454,-8.88102515204103e-05,3.25475764473282e-06,-0.00175110059410066,2.42283365547991e-06,-1.82660711889326e-06,-0.000162225253292902,-0.00370535403680972,-0.00472311067683018,-0.00112019749043757,0.124797478306501,-0.00254974032299859,-8.77763097850703e-06,-0.000380028024832058,-0.00114652013874306,5.49486128598176e-07,-4.29670358323975e-05,6.8280751186478e-07,-0.000891458310998239,-6.53370087899674e-06,-7.58172199883944e-05,-0.00103416756373154,3.08101317880727e-06,-3.52039672613103e-06,-0.0110560464604337,-0.00267980979106541,-6.73126537531488e-06,1.63949465203928e-06,-0.000839578334732138,-0.00357931692549496,1.19720567504089e-06,-2.50797350300758e-05,-1.50056272207877e-06,-6.13767266255394e-06,-0.000886462832542456,-5.5001025447865e-05,1.85122446705321e-06,-0.000839578334732138,6.8280751186478e-07,2.21724369620091e-06,1.63949465203928e-06,-0.000282040855480226,2.92345498653646e-06,-5.9392705162864e-06,-0.00101485536160961,-0.0019272104744994,1.63949465203928e-06,3.232658328578e-06,-3.52039672613103e-06,-0.00459002289785282,-2.88161718042801e-06,2.77816030624933e-07,-5.51662676429032e-07,-5.87896749948413e-07,-0.000243240025383784,-0.00217792207431344,1.32058991031414e-06,-8.59287480281523e-07,-0.00065076650996776,-7.01615461728977e-07,-1.27092993214006e-05,-0.00176076037699247,-0.00028732099816553,-0.00208988668690235,-0.00187237240321014,-8.59287480281523e-07,3.25475764473282e-06,-5.90671145372923e-05,-0.000330279070067441,-6.13767266255394e-06,-3.33838332267078e-06,-0.00065076650996776,-5.45264440461324e-05
"12:32693746:G:A",-0.00828801834703619,2.56992843032933e-05,-0.00127155206314011,-0.00812750872028012,2.56992843032933e-05,-0.003716267027154,-0.000118951099686626,5.48843732053328e-05,7.57012777707899e-05,-0.00630182400040091,-0.001306816057558,-0.00787409851038401,-0.0036881916398146,-6.62748603392771e-05,2.56992843032933e-05,3.91159592902923e-05,-1.42347806439957e-05,-0.00864403463718943,4.90020235215383e-05,-4.50088738341847e-05,-6.3173491463786e-05,-0.00665161992213559,-1.51042812506219e-05,-0.000739737857001543,-0.00132268607314989,-0.00864403463718943,-0.000521779158814795,-0.00334838334296794,-0.000577908714157971,-0.00863028382846664,-0.0034954154044291,-0.00192439712219539,-0.00195119179097869,-0.00354825042863194,0,-0.0109176547145236,-0.00247472376589641,-0.00165150195299191,4.90020235215383e-05,-0.00656529993193278,-0.0002423121009274,-0.00341964950383211,2.56992843032933e-05,0,6.77517229989988e-05,0.000189384745500121,-0.000855557142346974,-6.47321395437217e-05,-0.0022339956118973,-0.00288260276587859,8.61280436277312e-05,-0.00182788361863162,-0.00188402058098358,-0.000439836685641737,-3.99348015234224e-05,-0.000402695152373234,-0.00023749788867411,-0.00204655298806866,7.64208018315671e-05,-3.93116191981235e-05,2.94444340207534e-05,-0.00129826996145788,7.77505394404798e-05,-0.000296099518370951,-0.00205064482048378,-0.000384622471493401,7.98176471095147e-05,-0.00270499835812954,-0.00249243718264669,-0.000357980627975429,-0.000174742717947929,9.66320683595256e-05,-0.00386149693634597,-3.80577626541978e-05,0.000172309408455362,-0.000578380315332083,0.000190669077432482,-0.00249243718264669,-0.00354701623053444,-0.00250898741288941,7.57012777707899e-05,-0.000323329819024387,-0.00192439712219539,-2.28041241614463e-05,9.66320683595256e-05,-0.000211934642560863,1.30984077757468e-05,-0.000964021396645087,-0.00254974032299859,0.208364290985206,-8.89387215279314e-05,-0.00199166353766689,0.000166714941363999,7.13972590205003e-06,-2.23178459446416e-05,-0.00244544396310875,-0.000552957607886206,-0.000533144359733839,-0.000831474479440431,-0.000198643961357714,0.000104203432296224,0.000289030166031878,-0.000782749205859634,-0.00174647406797801,-7.08098025041792e-05,2.56992843032933e-05,-0.0014579459172559,-0.000548326068203764,-0.00178526005602464,0.000272816190708625,-0.00144644963689444,-0.00104199590832188,-0.00287706370244889,-0.00149638124356244,-0.00244210414760371,-0.0014579459172559,8.96726830923456e-06,-0.00262018492909988,2.56992843032933e-05,-5.55266788513364e-05,-8.64821211923328e-05,-6.47321395437217e-05,-0.00309282964657154,-5.17571608416034e-05,2.56992843032933e-05,7.36696650012192e-05,0.000289030166031878,-0.00531112932878663,0.000183745753114195,3.53622651605434e-06,0.000164443202761433,-0.00178499658427977,8.40061977172013e-05,-0.000804630128466322,-0.00177534603174756,-1.24701958341689e-05,-0.00108617056807692,-1.06881479720045e-05,-0.000118234136979645,-0.00152876659316359,-0.00373165408799858,-2.15769127569487e-05,-0.000972997013028554,-1.24701958341689e-05,7.57012777707899e-05,-0.00215147652830527,-0.00292661571259867,-0.00104199590832188,-3.99348015234224e-05,-0.00108617056807692,0.000325198743239774
"12:32694416:C:T",0.000495434358006364,3.07311851397429e-05,-2.92323555433072e-05,0.000466440135946655,3.07311851397429e-05,-0.00434315428433951,-7.0849072788981e-05,6.63848953488255e-05,9.25922002572577e-05,-0.00371066471956016,-0.000419643806788272,0.000441835347189112,-0.00435598270187665,-7.67748250760647e-05,3.07311851397429e-05,-0.00161404103502782,-1.70123699323455e-05,0.000475984040001265,5.92413570075223e-05,-0.000598493568889857,-0.00399516948711298,-0.00373111381743385,-0.00128399818663727,-0.00139323318148588,-0.000140115968809695,0.000475984040001265,-0.00215690753820041,-0.00158975854492649,-0.00151030064717084,-0.00211223277039796,-0.000157600499688826,4.91119481056401e-05,-0.000990233197419421,-0.00362668161201807,0,-0.00224324720177549,0.000323811505536398,-0.00130095354073934,5.92413570075223e-05,-0.000513111015753687,-0.00162431369738592,6.15974342048631e-05,3.07311851397429e-05,0,-0.00148955741612955,-0.00292272432888296,-7.84623373810689e-05,-7.50686557946523e-05,-0.000168197194980735,-0.00447706103609313,-0.00189093680396457,-0.00109283659333848,6.8817078865635e-05,-0.00198245377636841,-4.68060681440008e-05,0.000258154251235432,-0.0013825883626355,-0.0105149139029654,0.000385073556856241,-0.00186860616685092,3.51796316273578e-05,-0.00269765924783005,9.5142643111501e-05,-7.33435193742693e-05,4.2032777231249e-05,-0.00142755198515854,9.77202608760663e-05,-0.0105459121250062,8.31103193466021e-06,-0.00148846323673002,-0.00019515381342039,-0.000197275619306048,-0.00323673204132113,7.37604143603576e-05,-0.0111184967618172,-0.000161492210866143,0.000249219876054418,8.31103193466021e-06,-1.70123699323455e-05,-0.00633715689872538,9.25922002572577e-05,-0.00144504318921168,4.91119481056401e-05,-2.68138113037608e-05,-0.000197275619306048,-0.0106395660390524,-0.00230724377516811,-0.00375177729211362,-8.77763097850703e-06,-8.89387215279314e-05,0.192003294307613,0.000122216076670512,0.000214504790906567,8.31103193466021e-06,-0.000317472718537104,1.04449356639336e-05,-0.00158225946874779,-8.01314961691446e-05,-0.00923883611952103,-0.0032593825736047,0.000129178251792261,-4.86523558240748e-05,-0.00684978848688189,-0.00571664098679925,-8.17825983769893e-05,3.07311851397429e-05,-0.000223716281602115,-0.00071992738638027,1.92162292380615e-05,0.000383105313663812,-2.29563792695231e-05,-7.67748250760647e-05,-0.0016140672597782,-0.000965839147953673,3.51796316273578e-05,-0.000223716281602115,1.04449356639336e-05,-0.000335917369348238,3.07311851397429e-05,-0.00218846769746683,6.8817078865635e-05,-0.00193756888086583,-0.00158962739902435,2.0470764923175e-06,3.07311851397429e-05,9.00685091869136e-05,-4.86523558240748e-05,-0.000463619554841976,0.000239221627414743,4.11131189803626e-06,-0.000654023266799975,-0.00327197945463542,0.000102958758144034,-0.00456897155145342,2.14699228804349e-05,-1.49875581829662e-05,-0.00025571610828834,-0.00165907470452442,-0.000134448045062463,-3.72627440379247e-05,-0.00725032407075954,-0.00298594355490067,-0.00435145355018829,-1.49875581829662e-05,-0.000611714707652311,-0.00568317783575178,-4.30521477250423e-05,-7.67748250760647e-05,-0.0010083905687166,-0.00025571610828834,-0.000190279224517198
"12:32696219:G:C",-0.00595502735380204,-0.00586389407245047,-0.00180463472429793,-0.00576103696247454,-0.00586389407245047,-0.00490789886009946,-0.00172844226900892,-9.5969835897769e-05,-0.000944585632929318,-0.00192639725173294,-0.00415390424738327,-0.00551715863029401,-0.0050526389950849,9.37294768998953e-05,-0.00586389407245047,-0.00325591577340756,-9.9640796586975e-05,-0.00611492958159765,-0.000637715889653556,-0.000268978161218847,8.78696248785005e-05,-0.00335325088055427,-2.10721141833403e-05,-0.000231157286712858,-0.000961698235015795,-0.00611492958159765,0.000126996999252782,-0.00279487134955492,-0.00634445077244639,-0.00227205735883862,-0.000336864660054559,-0.00275360682645598,-9.50442278568886e-06,-0.00483784748423322,0,-0.000871307899484197,-0.00280924440679797,-0.00138494877616502,-0.000637715889653556,-0.00535946169874446,-0.00636351082137043,-0.000959065722827113,-4.27319714324526e-05,0,-0.00701961990899136,-0.00337025814698855,-0.00140189721857986,-0.00171954264707708,-0.000979379353326593,-0.00316851435230392,-0.000158106480342646,-9.58450293002677e-05,-0.00010042462169757,-0.000426048403399992,-0.000107742597206695,-0.00269606085756458,-0.000359994017238741,-0.00164601978589829,0.000262447584926662,-6.64449142666612e-05,-0.00139754427308425,-0.000865360959777739,-0.000138382433876316,8.78696248785005e-05,0.000255658339169962,-0.000248819892259,-0.000143206130373663,-0.0032485138185665,-0.00264130687638353,-0.000186054526094104,-0.0020286806213532,0.000231463567847534,-0.000142942556846215,-0.000176353245357141,-0.00138792686815314,0.000189281674206399,-0.00109321385285188,-0.00264130687638353,1.76028591294397e-05,-0.0044349317381922,-0.000579844210569114,-0.000210847797897706,-7.58007142387385e-05,-0.000450480854797597,0.000231463567847534,-0.00102936588749714,-0.00127028669925133,-0.0013784959741665,-0.000380028024832058,-0.00199166353766689,0.000122216076670512,0.220754945756924,-0.000976395381412587,-0.0017694016048786,0.000343685816297956,-1.82967492801112e-05,-0.0015182577455537,9.94295653722332e-05,-0.00141255906736149,8.87090300691895e-05,-0.000413153823534351,5.93813461096104e-05,0.000446890697069602,-0.00255506143022233,0.00010222169624452,-4.27319714324526e-05,-0.00246971565105802,9.37294768998953e-05,-3.38920892808403e-05,-0.00243299451491819,2.79167207333231e-05,9.37294768998953e-05,-5.31847351963322e-05,-0.0021098071680008,-5.06503605066655e-05,-0.00246971565105802,-1.82967492801112e-05,-0.00370364095665554,-4.27319714324526e-05,-0.00132226221358955,0.000130621794916408,9.08199317457559e-05,-0.000324853007538373,-1.61296250569265e-05,-4.27319714324526e-05,-0.000128940737966765,5.93813461096104e-05,8.42313960145447e-05,-0.00437307613932791,-7.16662910971166e-06,-0.00450997079512128,-1.06352954087896e-06,-0.00128294785142469,-2.41545151320466e-05,-3.79335131288627e-05,-0.000506536070719044,-0.00203419213932587,-0.0018569140596707,0.000160865144890998,-0.00191184296013436,-0.000699174457949869,-0.00165043152701561,-0.00154101836920528,-0.000506536070719044,-0.00408110487711966,-0.00136521286613611,-0.00209477612088804,9.37294768998953e-05,5.62104897756655e-05,-0.00203419213932587,-0.00431633670465725
"12:32697689:A:G",-0.00182773125227431,-7.52220531134995e-05,-0.000427077570346768,-0.0015406649778944,-7.52220531134995e-05,-0.00331789379304448,-0.00219073130007086,-0.000168506267092638,0.00119308828058706,-0.00258809051064723,-0.00157205912368941,-0.00151692496874212,-0.00333503865102358,0.000164172764343995,-7.52220531134995e-05,-0.000938832322161964,2.73456627315483e-05,-0.0014712669445931,-0.000144497900878449,-0.000928843024396997,-0.0028847768133744,-0.00228018860107504,-1.73874600584156e-06,-9.9826180552931e-05,-0.00173199725248363,-0.0014712669445931,-0.0034773484313213,0.000249724211054847,0.000153447777656801,-0.00975904590755317,0.000323975215082761,-0.000137280982322352,-0.00140159919846283,-0.000232847793944835,0,-0.00574477102444382,-0.00106650134373609,-0.00425080730251537,-0.000144497900878449,0.000189996759682565,0.00105641691863045,-0.000152400288984111,-7.52220531134995e-05,0,-0.00207336583250317,-0.00474761109753929,0.000170053095573941,0.000158218614752847,-3.02308912631943e-05,-0.00200315691835318,-0.000275801926782115,-0.00439790854203581,-0.00444714398876567,-0.00101025800058263,9.62247669118454e-05,-0.00277479056925323,-0.000636738709320461,0.000905564255585745,0.000482834062013104,-0.00127697926656989,-9.01527952219539e-05,9.26597086348124e-05,-0.000240219225916327,0.000152189250527179,-0.000113264932808832,-0.00303338204461134,-0.000253014006855068,0.000515418320602201,-2.79640845040063e-05,-0.00147562394842815,0.000414202694873467,0.000422744392746033,-0.000197144781567182,-0.000193447406676484,-0.000612334203050402,0.000338906398601679,0.00461647694763911,-2.79640845040063e-05,2.73456627315483e-05,0.000748290813985975,-0.00023160598597638,-0.00298308911644884,-0.000137280982322352,6.05966798543633e-05,0.000422744392746033,0.000470201776079371,-0.000192171674584074,-0.00450659206913251,-0.00114652013874306,0.000166714941363999,0.000214504790906567,-0.000976395381412587,0.136339868016231,-2.79640845040063e-05,-0.00201389602662783,-3.51758364365296e-05,-0.00276426191034673,0.000175860970415442,-0.000994728453222571,-0.00488042309642278,-0.000331541472697872,0.000102567644346685,0.000207700937923327,0.00117146403417356,0.000181597717587856,-7.52220531134995e-05,0.000467049300582723,0.000164172764343995,-0.0010471898470179,-0.000750060489521864,-0.00204634795041869,0.000164172764343995,-0.00124891873015542,0.000195701277792004,-9.01527952219539e-05,0.000467049300582723,-0.00109531734524193,-0.0103337300896031,-7.52220531134995e-05,-0.00212914432067368,-0.000176713696673048,0.000158218614752847,-0.000968607267230137,-0.00109202725121982,-7.52220531134995e-05,-0.000199533442301281,0.000102567644346685,-0.00203947825392969,-0.000457397389536318,-1.38087327279379e-05,-0.0058671820372691,-0.000224588693020777,-0.000747680813479867,-0.00203362340318236,-0.00104499860076857,2.04418738558587e-05,0.00053219875942645,1.34497807469103e-05,-0.00224686539748564,6.32775083566628e-05,-0.000553211673124387,-0.00373794271294869,-0.00202199819756199,2.04418738558587e-05,-0.00023160598597638,-0.000322993951694883,8.32971294757456e-05,0.000164172764343995,-0.00168570837664461,0.00053219875942645,-0.00226294997129184
"12:32699395:G:A",-9.28706578058325e-05,-3.13468242207904e-06,2.28643618260804e-06,-8.44632664724898e-05,-3.13468242207904e-06,-0.00835879907414139,-3.79405445940506e-05,-7.17725393784008e-06,-1.02869572842224e-05,1.86243154605137e-05,9.51736894805322e-06,-7.77846555273243e-05,-0.0082550729165618,-0.000420299411149294,-3.13468242207904e-06,-9.66968776783261e-06,1.44049686667813e-06,-8.68466875552087e-05,-6.25781156138316e-06,-2.55311853702977e-06,6.18504468796743e-06,1.97697342727565e-05,1.15568375491648e-06,-0.00194987632073751,-0.00835234124763229,-8.68466875552087e-05,-1.56735541150255e-05,-0.00816408375059829,-0.00181267016556408,-0.00473104467361463,-0.00156371206217187,-5.38482554013342e-06,9.29231120938567e-06,-1.15101465167911e-05,0,-0.00788543055195756,-4.87417671051205e-05,1.72337180650572e-05,-6.25781156138316e-06,-0.00259821336544519,-0.00158602241015604,-6.55901922375079e-06,-3.13468242207904e-06,0,-4.09907472826987e-05,-0.0157842176790233,6.65467978144818e-06,6.34432544455166e-06,-0.00544225527368081,-0.00784362023126661,-1.21142025708565e-05,-0.00228306178925752,-7.49452848403109e-06,-0.00859341644976119,4.07925330581094e-06,-0.0017008767936888,-0.00208926428689971,-0.000728212647606696,1.53771566129279e-05,-5.05022907271169e-05,-0.00628615704756985,-0.00142773981033795,-1.06396704335765e-05,-0.000171452966540642,-4.50388659878342e-06,-0.00178590502127562,-1.0998602203216e-05,-0.000780679324142497,-9.29751416300917e-07,-0.000511730889671824,1.38844644954617e-05,1.4022307485817e-05,-0.00454618420586872,-0.00174190393922125,-0.00156587534930619,-0.00144397663617823,-3.40232034599097e-05,-9.29751416300917e-07,1.44049686667813e-06,-0.000565584632558291,-1.02869572842224e-05,-0.00174562286953339,-5.38482554013342e-06,2.47033254652251e-06,1.4022307485817e-05,-0.00199872277600921,-0.00512465532680739,-0.000184571682945389,5.49486128598176e-07,7.13972590205003e-06,8.31103193466021e-06,-0.0017694016048786,-2.79640845040063e-05,0.158999701400104,1.82554750836061e-05,-0.00216580311376546,-1.77221818917772e-05,6.80587809753774e-06,-0.00157758176785716,-0.000248227705686332,-1.5147512002045e-05,4.26139990938879e-06,-0.00229126718035833,-0.000646482013217486,6.95450405441278e-06,-3.13468242207904e-06,1.51604777123282e-05,6.50084938680351e-06,-2.18647984429055e-06,-6.15924838793802e-05,2.06899323007548e-06,6.50084938680351e-06,-0.00196367581758583,8.45906637980676e-06,-0.00180620204201798,1.51604777123282e-05,-1.17236798580223e-06,-1.96400847070066e-05,-3.13468242207904e-06,-5.48322295275128e-05,-0.00165949519667485,6.34432544455166e-06,-0.00507600202187675,-6.57969823514293e-07,-3.13468242207904e-06,-9.94031986323307e-06,4.26139990938879e-06,-0.000130860117837805,-3.21150052737806e-05,-4.56918383129334e-07,-2.73978884219872e-05,-8.69318257734619e-06,-1.17357144979735e-05,-0.00140450893252098,-2.45144442612144e-06,1.22360203391736e-06,1.64420362969153e-05,1.00286335324995e-06,1.04920334713654e-05,3.11899136562488e-06,-0.00220924344041329,-3.8505890938012e-06,-0.00167876555360191,1.22360203391736e-06,-1.02869572842224e-05,-0.00165574246983002,3.70528725834873e-06,6.50084938680351e-06,-0.00182852564080171,1.64420362969153e-05,-8.99398165215004e-05
"12:32701197:T:C",-0.00100177892392406,9.00043806488782e-05,-0.000113067028605585,-0.000962654662767015,9.00043806488782e-05,-0.00470808153299984,-0.00132059708624777,0.000192020608919208,0.000272532906137712,-0.00310607010486397,-0.000575775007169987,-0.000837903524300465,-0.00466687386516007,-0.000237209278860284,9.00043806488782e-05,-0.000188923027260479,-0.000511505335652807,-0.00314963519179301,0.000175354064059441,-0.00487820641342473,-0.000838524640397686,-0.00213540590374439,-0.00356905158338705,-4.41310769270231e-05,-0.00365705503221658,-0.00314963519179301,-0.00604078231043736,-0.00203503921498527,4.49306931438187e-05,-0.00554061011092521,-0.000942983763874139,0.000131774687273989,-0.000385970007939385,-0.00314995056192302,0,-0.00565713414654434,-0.00116313354100939,-0.00218569074406183,0.000175354064059441,-0.00333256583175157,-0.000980941777627642,0.000180847434385178,9.00043806488782e-05,0,-0.000708646575889205,-0.023515789884863,-0.000451158756622938,-0.000233940976307245,-0.00303210098899331,-0.00311138822140311,-0.00258480997681509,-0.00212765238931389,-0.00164727139585175,-0.00252694087867544,-0.000148745413178553,-0.00134815649431008,-0.000611482052340406,0.00147858787628641,-0.00068036639767044,-0.00757188320141466,0.000100094377827986,-0.00201648485486849,0.000278635794299653,-0.000834762533041378,-0.00303686375425549,0.000293991516797654,-0.00180126630861377,0.000429976450146086,1.82554750836061e-05,-0.00141900029999054,-0.000326939479155186,-0.000591348692670302,-0.00256228781253842,-0.00278500282538108,-8.54491104629318e-05,-0.00144777557257036,-0.00172074498359276,1.82554750836061e-05,-0.00106519203256283,0.00104062500961311,0.000272532906137712,0.000393440484597996,0.000131774687273989,-8.11901660950909e-05,-0.000591348692670302,-0.00401362836253316,-0.00143497632342005,0.000792780018990857,-4.29670358323975e-05,-2.23178459446416e-05,-0.000317472718537104,0.000343685816297956,-0.00201389602662783,1.82554750836061e-05,0.210016173389203,-0.00340100498156737,-0.00599591571967206,-0.000243635104395068,-0.00540572266490358,0.00193962424697869,0.000378459969847533,-0.000152484171633382,-0.00353335927292164,-0.0115818769160305,-0.000246793872143769,9.00043806488782e-05,-0.000649055644026397,-0.000635526041212309,-0.0033078087234939,-0.00207653493071458,-7.3030758733772e-05,-0.000237209278860284,0.000715545076236612,-0.000370029493429236,0.000100094377827986,-0.000649055644026397,-0.00340100498156737,-0.00169675849288087,9.00043806488782e-05,-0.00418890204633371,0.00019770253215956,-0.000233940976307245,0.000310642707552322,-0.00235717027330651,9.00043806488782e-05,0.000266498233235879,-0.000152484171633382,-0.00380999918897107,-0.0023502724076323,9.02555888959711e-06,0.000631264251055086,0.000189799158135884,0.000297365500174784,-0.000462576879851184,-0.00329399872013525,-5.61482137309e-05,-0.000546970014454473,-5.18053736611179e-05,-0.00051462899312682,-0.00104728500147822,0.000682184745115055,-0.00162412838268811,-0.00382988219158786,-5.61482137309e-05,0.000272532906137712,-0.00256876295030128,-0.000972242081104469,-0.000237209278860284,-0.000148745413178553,-0.000546970014454473,-0.00113543620226153
"12:32701533:C:T",-0.000116947074474183,-3.94228513034278e-06,2.86342913380366e-06,-0.000106359554145286,-3.94228513034278e-06,-0.00221060903781378,1.46440631603184e-05,-9.0288231184843e-06,-1.2938289682296e-05,-0.00322650859087936,1.10826420938182e-05,-9.79550021042996e-05,-0.00220001679937809,-0.00847343375225318,-3.94228513034278e-06,-6.40312877475679e-06,1.80664789262153e-06,-0.000109337295468137,-7.8693623493109e-06,-0.00222798471106067,7.77187264944246e-06,-0.00339397853546863,-0.0021627968057949,-0.00190856799913064,-0.0027775357398081,-0.000109337295468137,-0.00185742396853517,-0.0010743002173319,-2.73973048505738e-05,-0.00263986508025305,1.47928960290145e-05,-6.78013136923283e-06,-0.00268386433308443,-0.00472969926594402,0,-0.000926374682887143,-6.13345322948433e-05,-0.00185796436445074,-7.8693623493109e-06,-0.00359277631807409,-6.62367225316984e-05,-8.24917978103912e-06,-3.94228513034278e-06,0,-5.16185635044408e-05,-0.00304924127769546,8.36414689864284e-06,7.97275796582397e-06,-1.19086469538843e-05,-0.00207507437954479,-0.0015971859710211,-0.00078232921934962,-0.00161600936817319,-0.000898244157555794,5.12498737847977e-06,-4.62277887205431e-05,-4.5829549017995e-06,2.42299629853449e-05,1.93309586107304e-05,-0.00335885187219986,-0.0017618055452493,2.48831553779638e-05,-1.33831130524342e-05,-0.00479431970722111,-5.66896171161346e-06,-0.00116199152313001,-1.38358030001839e-05,-0.000585151752857449,-1.17236798580223e-06,-0.00010992158934453,1.74537522728002e-05,1.7627585841673e-05,-0.00191337864529117,-1.02506993497897e-05,-0.000233511887794968,-0.00333245053146936,-4.28021551339697e-05,-1.17236798580223e-06,1.80664789262153e-06,-0.000370154514860666,-1.2938289682296e-05,-0.00122618412598463,-6.78013136923283e-06,3.10528250935249e-06,1.7627585841673e-05,1.27366893760694e-05,-0.000608764570567466,-0.000179556829257521,6.8280751186478e-07,-0.00244544396310875,1.04449356639336e-05,-1.82967492801112e-05,-3.51758364365296e-05,-0.00216580311376546,-0.00340100498156737,0.114662460535725,-0.00257687312216337,8.55480877071102e-06,-0.00284191795044997,-0.000243218294798453,-1.90552578533953e-05,-0.00312277374704095,-0.00420935831576852,-3.57894723279628e-05,8.74221733226932e-06,-3.94228513034278e-06,1.90576835228384e-05,8.17015595711013e-06,-2.75741018462838e-06,-7.74830158603024e-05,2.59922868650619e-06,8.17015595711013e-06,-0.000512548329252738,1.0622979548458e-05,-4.61503013227116e-06,1.90576835228384e-05,-1.4783337469737e-06,-2.47075221366799e-05,-3.94228513034278e-06,-6.89984985839942e-05,-9.42896301836527e-06,-0.00158566072513722,-0.000491084711883083,-8.40551349412522e-07,-3.94228513034278e-06,-1.25011515796913e-05,-0.00312277374704095,2.50339022240809e-05,-4.03948848086699e-05,-5.76120484652165e-07,-3.44616192222702e-05,-1.09547034927715e-05,-0.00291785436006542,9.63305662082803e-06,-3.09164916867388e-06,1.53309880968067e-06,2.06693347308828e-05,1.25468695788555e-06,1.31881037317427e-05,3.91380037356726e-06,-0.00346500035649822,-4.85690133089633e-06,1.1478685931543e-05,1.53309880968067e-06,-1.2938289682296e-05,-1.77641455856303e-05,-0.00189902098022898,8.17015595711013e-06,5.12498737847977e-06,2.06693347308828e-05,-0.00105567912858806
"12:32703395:A:G",-0.000702968037570528,-5.10611051236509e-05,-0.00179778015936716,-0.000729219134016468,-5.10611051236509e-05,-0.00428403745830686,-0.000352411544890074,-0.00124057689330215,-0.00205113092556619,-0.00223993291112734,-0.00286072215062116,-0.000810955859678941,-0.00410113660563161,-0.00154707674525945,-5.10611051236509e-05,-0.00154091915555377,-2.34956007902909e-05,-0.00452163159508068,-0.00684743085801998,2.11110465420106e-05,-0.00176531471128971,-0.00257739006185176,-0.00473174147322641,0.000843348179436987,-0.000394178351128982,-0.00452163159508068,-0.00019074500484173,-0.00366987421115805,-0.00445513231339056,-0.00387034869769742,-0.0015051313813137,-9.17372877724532e-05,-0.003778848645144,-0.000960409864187106,0,-0.00998270207638408,-0.00241612812234671,-0.000978716875781771,-9.93505417623552e-05,-0.00348205591432826,-0.00525486523414109,-0.00010461323625055,-5.10611051236509e-05,0,-0.000646205447278447,-0.00182783042001766,-0.00135523853356023,-0.00261037151351573,-0.00832718500576224,-0.00253743730271472,-0.00655915445954136,-0.00253110345093077,-0.000120887314603912,-0.00403337067230725,6.59440501520336e-05,0.000737390594821363,-0.000683033075565831,-0.0048170750919776,-0.00179814848024318,-0.00919172503798382,-6.07724770249618e-05,8.61071191335938e-05,-0.000166675952412376,-0.00176531471128971,-0.00150762493402201,-0.000530853765241979,-0.00243181620304611,-0.000744339036077957,-1.77221818917772e-05,-0.000590230136864989,-0.00189017995312124,-0.000949557203737683,-0.000146023195790157,-0.000132160036476314,-0.00878547421205678,-0.00622977628121912,-0.0029585264246732,-1.77221818917772e-05,-0.000665458165570065,-0.00337254858996072,-0.000966693915171568,-0.000173977429492211,-9.17372877724532e-05,4.08608138053879e-05,-0.000949557203737683,-0.00730322241338754,-8.43831585664034e-05,-0.0017001465241302,-0.000891458310998239,-0.000552957607886206,-0.00158225946874779,-0.0015182577455537,-0.00276426191034673,-1.77221818917772e-05,-0.00599591571967206,-0.00257687312216337,0.253576516650059,0.000116860146285092,-0.000402100556530449,-0.00201548712177457,-0.00117358205641782,-0.00180729895897436,-0.00223832603720631,0.000296647349611323,0.000120204959469739,-5.10611051236509e-05,-0.000936295542630639,0.000110022566637724,-4.14256893028764e-05,-0.00157635428410874,3.28117615051582e-05,-0.000337709824873578,-0.00368480822912787,-0.00187250258638461,-6.07724770249618e-05,-0.000936295542630639,-2.2319990506503e-05,-0.0022394897359348,-5.10611051236509e-05,-0.00256579026499093,-0.000120887314603912,-0.000176580236095347,-0.0034305181399179,-3.88557559807268e-05,-5.10611051236509e-05,-0.000154956450845845,-0.00180729895897436,-0.00381414171475125,-0.00153716621861566,-0.00287838427959031,-0.0016464247428587,-0.00307868778088594,-0.000295401110331106,-0.000664774091696962,-4.63888611541563e-05,-3.39365487453946e-05,-0.000704261832019881,-0.0022888391273348,-0.00117593980314634,-0.000530624821308834,-0.000491400463566549,-7.24134047880298e-05,-0.00168036825054596,-3.39365487453946e-05,-0.000966693915171568,-0.00178980524416161,5.81090494060632e-05,-0.000337709824873578,-0.00191042981808476,-0.000704261832019881,-0.00377355388001632
"12:32706312:C:A",0.0004241297720462,2.46322522814424e-05,-0.00165799890015172,0.000397370050072787,2.46322522814424e-05,-0.00151426866835713,-0.000551105286334064,5.3506050213592e-05,7.47596271972739e-05,-0.00044257601087061,-0.0022211180594498,0.00037493148155221,-0.00151250545582293,-6.03981377258478e-05,2.46322522814424e-05,3.77957443458143e-05,-1.32668453804996e-05,0.00040607682081184,4.76053942000121e-05,6.09565303673065e-05,-5.76067266058189e-05,-0.000381738440010437,-0.00312709104657749,-0.00669003388970335,-0.001488820714032,0.00040607682081184,-0.000193987374033533,-0.000839879017124012,-0.00652012401227609,-0.00673966007692961,-0.000122730931866322,3.97620999619264e-05,-0.000995264387182893,6.82546314729748e-05,0,-0.00305997675659242,0.000269674492745509,-0.000226860471878254,4.76053942000121e-05,-0.00190331503404995,-0.00612222849217314,-0.00250577224593052,2.46322522814424e-05,0,-0.0024630788148654,-0.00308681414778089,6.27514390494355e-05,-5.90103002169329e-05,-0.00181250110607323,-0.00341263497599087,-0.00640837730831567,-0.00199072796432098,5.55168423748142e-05,-0.00298841401104522,-3.68408533502063e-05,-0.00632206616388142,-0.00734488626788643,-0.00819555777691416,-0.000176461341387935,-0.00160871196720436,2.82894795091693e-05,-0.000313670893412166,7.68778759372424e-05,-5.76067266058189e-05,3.39292307236505e-05,-0.00640476966387826,7.90197702169593e-05,-0.00772238868210717,6.80587809753774e-06,-0.000616289958612626,-0.000151853014600967,-0.00015359414857663,-0.00676253384154801,5.9606514962951e-05,-0.00487415616213127,-0.000125907513356616,0.000205316473677719,6.80587809753774e-06,-1.32668453804996e-05,-0.00799553201803604,7.47596271972739e-05,-0.00632998251345462,3.97620999619264e-05,-2.12700145123534e-05,-0.00015359414857663,-0.00337548068711957,-0.00745650522206542,-0.00122041808163953,-6.53370087899674e-06,-0.000533144359733839,-8.01314961691446e-05,9.94295653722332e-05,0.000175860970415442,6.80587809753774e-06,-0.000243635104395068,8.55480877071102e-06,0.000116860146285092,0.18345033067368,-0.000404253509418417,-0.00213043657724032,-0.00169019655388869,-3.83451313625827e-05,-0.00475339057176338,-0.00775349667540493,-6.44698353200468e-05,2.46322522814424e-05,-0.000173450077153525,-0.000123824713979204,1.57501187345588e-05,0.000321735466241257,-1.81217220038832e-05,-6.03981377258478e-05,-0.00222858823254057,-8.51349211119512e-05,-0.00648278894124754,-0.000173450077153525,8.55480877071102e-06,0.000130956763216616,2.46322522814424e-05,0.000294377897899878,5.55168423748142e-05,-5.90103002169329e-05,-0.00207648639192737,2.33014507777796e-06,2.46322522814424e-05,7.26646350033278e-05,-3.83451313625827e-05,-0.000349574117294971,0.000196729835232112,3.36559472913223e-06,0.00017316384363486,6.07346751424487e-05,-0.0063715767670578,-0.000759423251911251,1.76005598708784e-05,-1.16120418667265e-05,-0.000197713625111895,-9.93846523655861e-06,-0.000105204752975929,-2.90591168488064e-05,-0.00026287691103466,2.71807297478333e-05,-0.00090440496427302,-1.16120418667265e-05,7.47596271972739e-05,-0.0021790460274147,-3.37811134523136e-05,-6.03981377258478e-05,-3.68408533502063e-05,-0.000197713625111895,0.000418002719167809
"12:32708223:A:T",-0.000493948996489912,-0.00094389864358746,-0.00808743093768616,-0.000495329089976515,-0.00094389864358746,-0.00026491046300503,-0.000411095500300718,-0.00369269850541798,-0.000225802743034187,0.000318623673849494,-0.00278685241724652,-0.000557310222216501,-0.000294960011580692,-0.00175610362658229,-0.00094389864358746,-0.00286718322802759,2.64539195224955e-05,-0.000298447349418751,-0.00013980908146749,-0.00700841385324757,-0.00197845385862738,0.000566443097235414,-0.000341998657977349,-0.00303424912914885,-0.000731144898987512,-0.000298447349418751,-0.0050208515626009,0.0003508464623736,-0.00283006012622877,-0.00247209412153016,-0.00210561994585401,-0.00139336518412048,-0.00203641885436223,-0.00102613905594051,0,-0.00169194107400994,2.06200122310207e-06,-0.000381688021331428,-0.00714138882921578,-0.000257564189474202,-0.000469310406179702,-0.0123654936083604,-7.23090420589045e-05,0,-0.000281208500057417,-0.00365848123554224,-0.00156224946032602,0.000149586912757016,-0.00235288669260036,-0.00106745282721743,0.000142071471000982,-0.00155011537631156,-0.00017139043808978,-0.00453045217659742,-0.00506174235415369,-0.000931802180478059,-0.000221542070317771,-0.00436070590083926,-0.000211359663014221,0.0014633474035195,-0.000233036138072684,-0.00112599307230443,-0.00096107115100974,-0.00197845385862738,-0.000109100549305907,-0.00426873766842739,-0.00384411040510635,-0.00309068374685539,-2.65686060725301e-05,-0.00161332502539402,-0.000870153902615911,-0.000272231913052146,-0.000533481531070912,0.000210595765395283,-0.00519005107870463,-0.00242441373601121,-0.00108041170030049,-2.65686060725301e-05,2.64539195224955e-05,-0.00168122859062869,-0.000718749287127451,-0.00422356644127664,-0.00139336518412048,5.76411280697187e-05,-0.000272231913052146,0.000240306928466438,-0.00280998500076102,-0.00209010753039207,-7.58172199883944e-05,-0.000831474479440431,-0.00923883611952103,-0.00141255906736149,-0.000994728453222571,-0.00157758176785716,-0.00540572266490358,-0.00284191795044997,-0.000402100556530449,-0.000404253509418417,0.2365632504604,-0.00250653115529653,-0.00299002193943121,-0.00203352048851002,-0.00706734210044901,-0.00227636513610907,0.000170852242882269,-0.00094389864358746,0.000428049542778197,-0.000345101297657635,-9.13759149900883e-05,-0.00194605468089204,-0.00231623271556902,0.000155016251176754,-0.00103538829703798,-0.00782783541816023,-0.00179064285567332,0.000428049542778197,-0.000175284009374721,-0.00110000509160812,-0.00094389864358746,-0.00101267658786686,-0.00017139043808978,-0.0018852605064712,-0.000942030002750727,-2.2932715178392e-05,-0.00094389864358746,-0.00509877997309438,9.74669714404186e-05,-0.00559796703146276,-0.00138414609378934,-0.00184015507933299,-0.000898534068862311,-0.00620013006515308,0.000177948505368342,-0.00158249262614518,-8.63504677210969e-05,1.99443581623271e-05,0.000484272320347756,-0.00364068065409384,-0.00135025565173397,-0.00237501104807336,-0.000429597741859133,-0.000378859597268466,-0.00158008313118696,1.99443581623271e-05,-0.000831226773247096,0.00189404140532812,-0.00226667823765414,0.000155016251176754,-0.000120146511479291,0.000484272320347756,-0.000759238006760476
"12:32708740:A:G",-0.00674812830754945,0.000102108723925021,-0.00375181249317302,-0.00644928772706921,0.000102108723925021,-0.00254634357268424,-0.0104862344353442,-0.00341754640281522,-0.00208014316068628,-0.0105349724265,-0.00838433589257015,-0.00646268209246825,-0.00271650009717828,-0.00035219407235676,0.000102108723925021,-0.00394683605675805,-0.00145114485280562,-0.00553522100188486,6.07882220204914e-06,-0.00924702270869204,-0.000991656478978697,-0.00907684717191559,-0.000554858538420966,-0.000161401113251358,-0.00349183277106579,-0.00553522100188486,-0.00231301051753041,-0.00183524084065123,-0.00412880384220538,-0.00374155617689942,0.000263412069559266,-0.00207225945175882,-0.00474570798732321,-0.00517136213902525,0,-0.00879988878251847,-0.00473083841063948,-0.00936039073620654,-0.00491561452643463,-0.00744604964613815,-0.00428338482107105,-0.00404429787088301,-0.00500959729395678,0,-0.00323797913266244,-0.00134618244169804,-0.00548713900707565,-0.000614689241206001,-0.00960693291400228,-0.00648840986384203,0.000819984252934169,-0.00715317801908055,-0.000842698412293785,-0.0191409976118124,-0.00374408092754219,-0.00233819230780696,-0.00223197867696445,-0.0141704703941872,-0.00537915576765702,-0.00653778756157752,-0.0018852139553891,-0.000243789373427727,-0.00439117390782773,0.000337483059920096,-0.00319349258732249,-0.00926216503138511,-0.0113222862888671,-0.00994931106627472,-0.000248227705686332,6.04168185822651e-05,0.000947071905278207,-0.00529384765517449,-0.00235612997438084,-0.00148079928592271,-0.00779027910602226,0.0011426722763046,-0.00892457516841194,-0.000248227705686332,2.77499851923935e-05,-0.0169299874934383,0.00100357557942043,-0.00965871998653878,-0.00101456299808333,-0.000101791854708821,-0.00529384765517449,-0.00353919371394795,-0.0142755010947115,0.000682416816170317,-0.00103416756373154,-0.000198643961357714,-0.0032593825736047,8.87090300691895e-05,-0.00488042309642278,-0.000248227705686332,0.00193962424697869,-0.000243218294798453,-0.00201548712177457,-0.00213043657724032,-0.00250653115529653,0.591877915741984,-0.00215598908755332,3.18451620469062e-05,-0.00600491785388524,-0.00791134209797439,0.000567996654925018,-0.00632566545347757,-0.00774903355880774,0.000422791864965077,-0.000615630457524219,-0.00123960010216173,0.000173661353598753,-0.00103846653251249,-0.0151768382370219,-0.00202104238232481,-0.00359693205918088,-0.00774903355880774,-0.00597704638502172,-0.000293418400489465,-0.00632566545347757,-0.00267225710923347,-0.003510004830515,-0.0101627444483876,-0.0142603511208264,-0.00198584591862572,-0.00632566545347757,-0.00192906233941859,3.18451620469062e-05,-0.000394257283499844,-0.00323163670742765,-0.0100465101174949,-0.000177255970199575,-0.00205508474321681,0.000128691135359738,-0.00809193442773459,-0.00158146119091285,-0.00127436623663879,-0.00976185472370616,-0.000901283607487535,-0.000694922647178409,-0.00281668429095294,-0.0056018874509931,-0.000951029794092229,-0.011471660153342,-0.00127436623663879,-0.00193974122598384,-0.00722848470402671,-0.00673963435346714,-0.00103846653251249,-0.0015473204505243,-0.00976185472370616,0.00150772166012691
"12:32710915:G:T",-0.00130995241740894,-4.41685010814652e-05,-0.00286593021015324,-0.00128900719602942,-4.41685010814652e-05,-0.00111554006717318,-0.000401382466187705,-9.84706185924722e-05,-0.000136399828016387,-0.00250596647354495,-0.00183394012524563,-0.00129543555049327,-0.00110712367168286,9.86662086441825e-05,-4.41685010814652e-05,-0.00339978230680149,1.82196868649953e-05,-0.000842875753861883,-8.52767409087463e-05,-0.000614015740762142,-0.00242623859963231,-0.00265007240790549,-0.00490318263034872,0.000684637209358741,-0.00372159214873857,-0.000842875753861883,-0.00177644027671597,-0.000616418731532953,-0.00221475017301653,0.000219515872540654,-0.00217509351358647,-7.80504157438244e-05,-0.00239688820537687,-0.00374108047076049,0,-0.00187568255905557,-0.00052992700542287,-0.00135717712699801,-8.52767409087463e-05,-0.00347407658234822,-0.00239133333509578,-8.9618832346261e-05,-0.00169856358157716,0,-0.00391325496908213,0.000552828795211013,0.000101769949622188,9.55232021375707e-05,-0.00292149320788138,-0.00107476985382959,-0.00344657500485024,4.67336865312973e-05,-0.000102982470651547,-0.000379508872574874,-0.00202321964794727,-0.000942205055732614,-0.00014693288043155,-0.00104024167977368,0.00028474239258891,-0.00468334417846528,-5.23164371326601e-05,-0.00185721551411522,-0.000141164939566174,9.23401830297266e-05,-6.49337380878023e-05,-0.000132917608134164,-0.000145992180651255,-0.00261319030014739,-1.5147512002045e-05,-0.00125312495928664,0.000245387778219808,0.000249672508907395,-0.00261546769877175,-0.000112183695631707,-0.00071514420094676,0.000202390696330212,-0.000744130281918665,-1.5147512002045e-05,1.82196868649953e-05,-0.00145103717548434,0.00162470535926218,-9.79843489128385e-05,-0.00337490300989973,3.60905043423898e-05,0.000249672508907395,-0.00669698865509183,-0.00703690891496045,-0.00426993944432308,3.08101317880727e-06,0.000104203432296224,0.000129178251792261,-0.000413153823534351,-0.000331541472697872,-1.5147512002045e-05,0.000378459969847533,-1.90552578533953e-05,-0.00117358205641782,-0.00169019655388869,-0.00299002193943121,-0.00215598908755332,0.15748277377313,6.21560098528207e-05,-0.000377501515748335,-0.00191612931339691,0.000107862531732117,-4.41685010814652e-05,0.00027696416156342,9.86662086441825e-05,-3.51980656372319e-05,-0.000801608393728337,2.9076394186589e-05,9.86662086441825e-05,0.000983577283241388,-0.000116228733774371,-5.23164371326601e-05,0.00027696416156342,-1.90552578533953e-05,-0.000794461931391766,-4.41685010814652e-05,-0.000582376842566568,-0.000949976765977745,-0.00227385492961041,-0.000401439478383558,-1.69940347314324e-05,-4.41685010814652e-05,-0.00013169566175808,6.21560098528207e-05,0.000513856275728308,-0.000371967453189015,-7.47886980256851e-06,-0.000538489698631572,-0.000322189720650456,-0.00093842181803705,-0.00383976234073646,-0.0031651538141686,-0.00291937514066909,0.000314519190981244,-0.00150758206537649,-0.00184455521270621,4.12124735067465e-05,-0.00778681620413479,-6.10622350629697e-05,-0.00530279384440746,-0.00291937514066909,-0.000136399828016387,-0.000441761068727509,-0.00268961631385611,9.86662086441825e-05,5.87759087489204e-05,0.000314519190981244,-0.00191530984095856
"12:32710992:G:C",-0.00227350481909561,1.48205897207987e-05,-0.00771173115526125,-0.00223052379724997,1.48205897207987e-05,-0.00018225698269525,-7.61667121844667e-05,3.20880103990007e-05,4.45399261010948e-05,-0.0010164045754566,-0.00743731913001255,-0.00215886462777171,-0.000205417567379129,-3.65765168774956e-05,1.48205897207987e-05,2.29542955212381e-05,-7.76990024853319e-06,-0.00238363982134349,2.84777748458254e-05,3.84747056410006e-05,-3.4769546203961e-05,-0.00105853192270722,-7.47791098021366e-06,-0.00161505460881983,-0.000822897873148598,-0.00238363982134349,-0.000117908286068058,-0.00139903087290172,-0.00174987607140142,-0.00320708244846646,-7.50620637113286e-05,2.41657056712086e-05,-0.00869113566460644,-0.00321745928770678,0,-0.00360023954309696,0.000154218451168475,-0.00287766952268065,2.84777748458254e-05,-0.00461280872124537,-0.00195201683138979,2.96689158689745e-05,1.48205897207987e-05,0,-0.006293846841392,0.000101814409275036,-3.74655423343029e-05,-3.56779031864818e-05,5.44998188916068e-05,-0.00107212153830893,5.10750870095222e-05,-0.00023376334546743,3.33163392731706e-05,-0.000161443750611667,-2.21160985738322e-05,-0.00182962692281396,-0.000883393099079477,-0.000301338553724051,-0.00010948509607811,-0.00246015988658321,1.70845784310814e-05,-0.000927797012484355,4.58202421169673e-05,-0.00395246820563422,2.05695227446512e-05,-0.000119143645502362,4.71137141913047e-05,-0.000190991430104148,-0.00316906008143558,-0.00121108300032624,-9.3726206676692e-05,-9.49226281781179e-05,-0.00164958448414332,-0.00200880570831252,-0.00185984088252233,-7.72039117062917e-05,0.000119029523913738,-0.00316906008143558,-7.76990024853319e-06,-0.000304846662425362,4.45399261010948e-05,-0.0001081935400844,2.41657056712086e-05,-1.28347736954026e-05,-9.49226281781179e-05,-0.000411876413116019,-0.000674423033325766,-1.46480455454068e-05,-3.52039672613103e-06,0.000289030166031878,-4.86523558240748e-05,5.93813461096104e-05,0.000102567644346685,4.26139990938879e-06,-0.000152484171633382,-0.00312277374704095,-0.00180729895897436,-3.83451313625827e-05,-0.00203352048851002,3.18451620469062e-05,6.21560098528207e-05,0.134154951967404,-0.000465032271667276,-0.00140571974390991,-3.92154326034344e-05,1.48205897207987e-05,-0.000480343697578434,-3.65765168774956e-05,9.84497159262077e-06,0.000181415821312925,-1.08405650447452e-05,-3.65765168774956e-05,-0.00032686580223551,-5.1029049386031e-05,1.70845784310814e-05,-0.000480343697578434,5.35469331097715e-06,7.7208777666371e-05,1.48205897207987e-05,-0.00252301273966804,-0.00258239171693919,-3.56779031864818e-05,-0.00477660909886879,-0.00148242902848672,1.48205897207987e-05,4.32725699948122e-05,-0.00275835520624579,-0.00022175601034391,0.00011415418198979,2.10868806149733e-06,0.000101015309113883,3.70274946668303e-05,4.97409306055019e-05,-0.00150227132620628,1.09977524953564e-05,-6.72451358596504e-06,-0.000301815094172042,-5.66792108003256e-06,-6.43295265687627e-05,-1.71458392408397e-05,-0.00978741447199472,-0.00157225573823361,-0.00145121648627899,-6.72451358596504e-06,4.45399261010948e-05,5.79599709418233e-05,-2.0160145389525e-05,-3.65765168774956e-05,-2.21160985738322e-05,-0.000301815094172042,0.000230323071104266
"12:32713532:C:T",-0.00236865283795495,-0.00104180451512725,-0.0109820190112355,-0.00262519975219799,-0.00104180451512725,-0.0047716782234537,-3.91440827329781e-05,-0.000151217624754452,-0.00286375197593536,-0.00297796067580203,-0.00995839668759002,-0.00284308268102862,-0.00452102093252105,-0.012699001865057,-0.00104180451512725,-0.00279099131575133,-0.00125014131991819,-0.00661252065430507,-0.000811533364584172,-0.000376615566311411,-0.0020686230289213,-0.00274489527955923,-0.000399325031957165,-0.000165134381970855,-0.00531030045796221,-0.00661252065430507,-0.00173576009405352,-0.0024872600839374,-0.00221537268586358,-0.00850394102319774,-0.000479738874461511,-0.00219168207637299,-0.00691951440107985,-0.00604369027709328,0,-0.00935140684338398,-0.00179636480427936,-0.00231801182295976,-0.000811533364584172,-0.00702497576109451,-0.00203790164078166,-0.00119103876747673,-0.00267994930243365,0,-0.00196612824196762,-0.00314658017507252,-0.00563611787158891,-0.00469531693768133,0.000194828419076476,-0.0097585936770157,-0.000985332920951265,-0.00507553795075477,-0.00152508036608445,-0.00700809939061964,-0.000650619104622052,-0.0039642591653779,-0.00611748871858042,-0.00752537855754598,-0.000387272170272013,-0.0078191971339554,-0.00521079056630835,0.000360288739976511,-0.00248950097814848,-0.00577517546877893,6.19598322630921e-05,-0.00331668388842132,-0.000348803874754999,-0.00466587437960664,-0.000530015955529706,-0.00389314983207845,-0.00309773669203395,0.000125901915922988,-0.00290755109248542,-0.00351080508526813,0.00199738960678708,-0.00222368972848574,-0.000710412036283081,-0.000530015955529706,-6.26907791572151e-05,-0.00378752160901774,0.000530480501248043,-0.00285254637688848,-0.00456627932709175,0.000231059758704966,0.000125901915922988,-0.00246534302534673,-0.00487829735284606,-0.00470954337207763,-0.0110560464604337,-0.000782749205859634,-0.00684978848688189,0.000446890697069602,0.000207700937923327,-0.00229126718035833,-0.00353335927292164,-0.00420935831576852,-0.00223832603720631,-0.00475339057176338,-0.00706734210044901,-0.00600491785388524,-0.000377501515748335,-0.000465032271667276,0.46627825194729,-0.0055932494361719,0.000677052897796848,-0.00178605788286124,-0.00931543571407278,-0.00284599668426644,3.40411634507376e-05,0.00204073836777585,-0.00782832257206856,-0.00302332445754061,-0.00085676879234331,-0.00279015260068771,-0.0047628976022569,-0.00931543571407278,-0.00117420055585793,-0.00134898039048004,-0.00178605788286124,0.00241216067180483,-0.0022645795169689,-0.000319569267329456,-0.00311060489924708,-0.000497209553548039,-0.00178605788286124,-0.00460991677025291,-0.00195364628909545,-0.000106373280378769,0.00205712521303969,-0.00326228670061468,-0.00287471709714637,-0.000354264246666069,-0.00337330362589761,-0.0147460917261202,-0.000472748201445938,-0.00526921703592897,-0.00702392605472024,-0.00179496920346622,0.00170652552298911,-0.00850130093858859,0.000742700922778727,-0.00195292719343998,-0.0203326412371787,-0.00526921703592897,-1.81861797887706e-05,-8.70102814012341e-05,-0.00113883614996535,-0.00302332445754061,-0.00390043514399352,-0.00702392605472024,0.00254295908337143
"12:32713919:T:C",-0.00947315606491506,-0.00182843350198514,-0.00599111068778946,-0.00908935298819413,-0.00182843350198514,-0.00279414146810231,-0.000986266111449918,-0.00461429088232279,-0.00142313105602287,-0.00649744097144733,-0.00950309168713304,-0.0100859228576939,-0.00293944499079535,-0.000185375889070194,-0.00182843350198514,-0.000880528448172768,-0.00775930469073671,-0.00703835612580228,-0.00318969936611957,-0.00355823213159123,0.000265369605423338,-0.00594499717964636,-0.00014409178842012,-0.000171265832706435,-0.00602226389772031,-0.00703835612580228,-0.00362316473645885,-0.00607931858171185,-0.000139276688307266,-0.0031501753372325,-0.00184823831943026,-7.49502056143214e-05,-0.00728160121284382,-0.0027327658444074,0,-0.00494153936177044,0.000583586585376938,-0.010683205881012,-0.00743057552080195,-0.00436010729381753,-0.00028658071130927,-0.0122352149650746,-0.00124175407253979,0,-0.00591359204145281,-0.00829051362544364,-0.00519966507683822,-0.000869348877121645,-0.0119884632943403,-0.000359045337433361,-0.00968902192533916,-0.00983174054113611,-0.00119124316275432,-0.00689937651351036,-0.0104594680119092,-0.00282185981373351,-0.00200918956161589,-0.00566126595364969,-0.000990511220683388,-0.00216026457609519,-0.00471202460506248,-0.00522151109538171,-0.000754464178169378,-0.00142994212330194,-0.00112995060115306,-0.0042277684325307,-9.73568446767104e-05,-0.00449211629161983,-0.00193473776727604,-0.00116510258155733,-0.00311511352439098,-0.00106417718575358,-0.0066821848530938,-0.00226146877946709,-0.000434328216565305,-0.00736292521220161,0.000688824401597898,-0.00193473776727604,-0.00352291328213727,-0.00390827409275429,-0.0012726407447996,-0.00447698355738835,-0.00104981739671617,6.44127491264967e-05,-0.00106417718575358,-0.0105379398670618,-0.00530692577549363,-0.00483883195930579,-0.00267980979106541,-0.00174647406797801,-0.00571664098679925,-0.00255506143022233,0.00117146403417356,-0.000646482013217486,-0.0115818769160305,-3.57894723279628e-05,0.000296647349611323,-0.00775349667540493,-0.00227636513610907,-0.00791134209797439,-0.00191612931339691,-0.00140571974390991,-0.0055932494361719,0.568074551762214,0.000723209021200155,-0.00159896145811,-0.0179743244780646,-0.000578428471459169,-0.00195016396061165,-0.000581843739883681,-0.00345820078062165,-0.00169563237733428,-0.0132110179908396,-0.00442406183675059,-0.00799903050998463,-0.0179743244780646,-0.00447754010452517,-0.0027915214848675,-0.00159896145811,0.00147204925450062,-0.000636069095899749,-0.00147210727743374,-0.01344392420854,-0.00063424913329202,-0.00159896145811,-0.0011190817285085,-0.00140571974390991,-0.00049400725557458,0.000713113915201902,-6.97274136332027e-05,-0.000555521393455383,-0.00196619009829124,-0.00119545728896986,-0.00640184212974759,-0.00346124555977489,-0.00689657453670911,-0.013326293004007,-7.19142417464624e-05,-0.000651789540945025,-0.00223466801457439,-0.00645630555607335,-0.000112868101121322,-0.00924992214940223,-0.00689657453670911,0.000144281035045601,9.51092202563508e-05,-0.000639504447275563,-0.00169563237733428,-0.00028824690930751,-0.013326293004007,-0.000602904585653707
"12:32714144:C:T",0.000443582447917201,2.5249546020234e-05,3.68197680078453e-05,0.000414963860126072,2.5249546020234e-05,0.000142728478285115,0.00015068304507615,5.49121539910047e-05,7.68151685335283e-05,0.000259748792068137,0.000900579775270138,0.000391023822541747,0.00014779434650869,-6.16974604792375e-05,2.5249546020234e-05,3.87347564254625e-05,-1.36018004441851e-05,0.000424321747531486,4.88557650371035e-05,-3.47627553631824e-05,-5.8861674260946e-05,-0.000384350478561224,-1.42700779779403e-05,-0.000129638978489055,0.000232209612607726,0.000424321747531486,4.55036753415072e-05,-0.000137601701408308,-0.00025120163531156,-9.90483953806631e-05,-0.000125011121841823,4.07503868142811e-05,0.000317511613042498,6.97145111523412e-05,0,0.000331013464566432,0.000279770157876946,-0.000230003283411051,4.88557650371035e-05,-4.02216239843156e-05,-0.000381631344993139,5.08520765594156e-05,2.5249546020234e-05,0,-0.000242419882868106,0.000237016884788055,-6.30914406318794e-05,-6.0287629005451e-05,9.18564127561083e-05,0.000490829969117534,8.79637667710043e-05,-0.000471799414408558,5.69766840827768e-05,0.000116400846575715,-3.76842321330173e-05,-0.000294953950069399,5.03884128342236e-05,-0.000378182381424175,-0.000179275832885573,0.000286936566095797,2.89947389155998e-05,-0.000323381832619596,7.8994585680725e-05,-5.8861674260946e-05,3.47722765541292e-05,-0.000178449377289169,8.11987260211922e-05,-0.000287341415356579,-0.000290851410494675,0.00118668179508585,-0.000154449131215983,-0.000156203718657544,5.55404729638553e-05,6.11767031717392e-05,0.000694514387503453,-0.000128219441873689,0.000212320250342124,-0.000290851410494675,-1.36018004441851e-05,-0.000106394972656965,7.68151685335283e-05,-0.000198959400888654,4.07503868142811e-05,-2.17637737822685e-05,-0.000156203718657544,-0.000260137134714178,-9.380943389381e-05,0.000427149852592734,-6.73126537531488e-06,-7.08098025041792e-05,-8.17825983769893e-05,0.00010222169624452,0.000181597717587856,6.95450405441278e-06,-0.000246793872143769,8.74221733226932e-06,0.000120204959469739,-6.44698353200468e-05,0.000170852242882269,0.000567996654925018,0.000107862531732117,-3.92154326034344e-05,0.000677052897796848,0.000723209021200155,-0.00359040077311956,2.5249546020234e-05,-0.000176246890056575,-6.16974604792375e-05,1.60996300069272e-05,0.000334780357711395,0.00017221346144769,-6.16974604792375e-05,-0.00109562339543245,0.000362560607545248,2.89947389155998e-05,-0.000176246890056575,8.74221733226932e-06,0.000134911889025702,2.5249546020234e-05,0.000305803221877454,-0.000745529874010664,-6.0287629005451e-05,-0.000176915565313074,2.31875642953128e-06,2.5249546020234e-05,7.46600608492187e-05,-3.92154326034344e-05,0.000224104014151294,0.000203373410245788,3.43863645113629e-06,0.000178795156708489,6.22683661779533e-05,8.56828786828245e-05,-9.39977248943791e-05,1.79924237286855e-05,-1.19135520062486e-05,-0.000200681409062931,-1.02059380893138e-05,-0.000107235751260149,-2.976056691395e-05,9.56019497611038e-05,2.77962280472721e-05,-7.75240423163126e-05,-1.19135520062486e-05,7.68151685335283e-05,9.97747772064628e-05,-3.4569218419378e-05,-6.16974604792375e-05,-3.76842321330173e-05,-0.000200681409062931,-0.00114890926509492
"12:32719648:G:A",-0.000197180225463889,-0.00652898253121403,-0.00146031755509402,-0.000183432540365125,-0.00652898253121403,-0.00135247568577501,4.53927557364509e-05,-2.22995075365162e-05,-3.10912649359452e-05,0.000153115397723447,-0.00142299540282664,-0.0001722235366719,-0.00135701812964673,2.33753456129193e-05,-0.00652898253121403,-1.62030124881696e-05,4.75048086023833e-06,-0.000187294942186611,-1.95546078778364e-05,-3.0252463111502e-05,2.20877740915171e-05,0.000133640044281513,3.47113728604853e-06,-0.00564566790011511,-0.00124745184247477,-0.000187294942186611,6.72885669610324e-05,0.000161651635903759,-0.00580905689988676,-0.00155174950444348,4.64605756116399e-05,-1.71191437878804e-05,0.000479957689619503,-3.58427637001668e-05,0,-0.0018091087522718,-0.00011906594108968,7.93314170675075e-05,-1.95546078778364e-05,-6.33363629871653e-05,-0.00615557677658796,-2.04584590468571e-05,-1.00978452888256e-05,0,-0.000370420865034582,0.000397102280722095,2.40075632964576e-05,2.27354625454979e-05,-0.00564498241368216,-0.00439062948505509,-3.61811317297622e-05,-0.00213877435034693,-2.32371161770217e-05,-0.00526268874401392,1.41281955743366e-05,-9.48364438357885e-05,-0.00545069437375467,-0.00149992726767145,6.70001708060752e-05,-0.000674421121637181,-1.17892195010683e-05,0.000115019830980501,-3.20840449958837e-05,2.20877740915171e-05,-1.44047399377456e-05,-0.00116577601268553,-3.30891872506456e-05,-0.00576376242669063,-0.00153356580950526,0.000201826473611888,5.78481586916979e-05,5.86857818287712e-05,-2.38701457666579e-05,-2.51475689490022e-05,-0.00103274938801334,4.79646493118935e-05,-8.86999970539648e-05,-0.00153356580950526,4.75048086023833e-06,-0.00560769193720567,-3.10912649359452e-05,-0.00113241992264967,-1.71191437878804e-05,8.43188385601934e-06,5.86857818287712e-05,-0.00152141645437975,-0.00551467324609067,-0.00573158421344466,1.63949465203928e-06,2.56992843032933e-05,3.07311851397429e-05,-4.27319714324526e-05,-7.52220531134995e-05,-3.13468242207904e-06,9.00043806488782e-05,-3.94228513034278e-06,-5.10611051236509e-05,2.46322522814424e-05,-0.00094389864358746,-0.00632566545347757,-4.41685010814652e-05,1.48205897207987e-05,-0.00178605788286124,-0.00159896145811,2.5249546020234e-05,0.131904927267655,-0.00355330350959981,2.33753456129193e-05,-7.27380374332398e-06,-0.000143284624179785,6.98580913827129e-06,2.33753456129193e-05,0.00047800434321843,3.10131278453696e-05,-1.17892195010683e-05,6.55074786894971e-05,-3.94228513034278e-06,-5.55481765536214e-05,0.000601974998783561,-0.000130803299727589,-0.000995892839618762,2.27354625454979e-05,-0.00177100917488193,-2.47526972696477e-06,0.000601974998783561,-3.01106211608726e-05,1.48205897207987e-05,0.000123965180538477,-8.44831442234906e-05,-0.00180205346181594,-7.39123564814648e-05,-2.6957897259372e-05,-3.5137490288939e-05,-0.00430831507260265,-8.13291309587072e-06,3.98706449278308e-06,7.43333380670563e-05,3.21421246596287e-06,4.0434221880048e-05,1.05363070046494e-05,-0.00133832700515946,-0.00138266449121005,-0.00465616362387067,3.98706449278308e-06,-3.10912649359452e-05,-4.16044141582361e-05,1.27179012840983e-05,2.33753456129193e-05,1.41281955743366e-05,7.43333380670563e-05,-0.000192198928693266
"12:32719973:T:C",-0.0029437489754649,-0.00355330350959981,-0.00445359462899564,-0.00279829412660515,-0.00355330350959981,-0.00122839918389017,-0.0103868401241325,0.000140778229588356,0.000198635751262444,-0.00221630871039924,-0.000716300977162909,-0.00251177043504658,-0.0011646756500312,-0.0015361557205722,-0.00355330350959981,-0.0039121142489309,-4.0564902550777e-05,-0.00350892610376441,0.000127261047205174,-0.00406948398116835,-0.000161941454012826,0.000564384668180651,-0.000827402793420973,0.000284359272900936,-0.00522298159201817,-0.00350892610376441,-0.00519901370691489,-0.00373422134003309,-0.000829647803065825,0.000271460620330899,-0.000343714458554523,-0.00104094011862088,-0.00247727511236562,-0.00177778534766482,0,-0.000260252499419522,-0.00205739253713766,0.000279165421011029,0.000127261047205174,-0.00179743262891563,-0.00235267225451175,0.000131716716604835,6.55074786894971e-05,0,-0.00541405648379278,-0.00259154415767693,3.93162920442336e-06,-0.000164867916874201,-0.00199666967836087,-0.00329853533905844,-0.000790931223368929,-0.0104370647668297,0.000145385768225204,-0.00523433304481813,-0.000104152561140047,-0.000758847295702303,-0.00650233473174744,-0.00117966389596713,-0.000483887267527905,-0.00124864173984562,7.3778283678827e-05,0.00036732269304629,0.000203542228121023,-0.000161941454012826,-0.00284118999571703,-9.50750571337977e-06,0.000208504120348785,-0.00165024673148206,-0.00428409889998171,-0.00215116035455765,-0.000418011317726119,-0.000420922752704556,-0.000807063817454434,-0.000727696576986681,-0.00187424450674278,-0.000349492721051448,0.000544152822215871,-0.00428409889998171,-4.0564902550777e-05,-0.00167095582115895,0.000198635751262444,9.79423434710469e-06,9.97381767424699e-05,-5.80769764084721e-05,-0.000420922752704556,-0.00522378100399212,-0.000358524655014403,-0.00382695289063317,-0.000839578334732138,-0.0014579459172559,-0.000223716281602115,-0.00246971565105802,0.000467049300582723,1.51604777123282e-05,-0.000649055644026397,1.90576835228384e-05,-0.000936295542630639,-0.000173450077153525,0.000428049542778197,-0.00774903355880774,0.00027696416156342,-0.000480343697578434,-0.00931543571407278,-0.0179743244780646,-0.000176246890056575,-0.00355330350959981,0.219773405575235,-0.000167761134979294,3.50971275535628e-05,-0.00213858935249522,-5.11895670802787e-05,-0.000167761134979294,-0.00131197115088799,-0.000251923774289509,7.3778283678827e-05,-0.000990671334456295,1.90576835228384e-05,0.000346166457479313,-0.00355330350959981,0.000777402139198635,-0.000885598136057375,-0.000164867916874201,-0.000183967796302476,-0.00426246280646314,-0.00355330350959981,0.000193783767667099,-0.000480343697578434,-0.000992561157062255,-0.0022955855924085,-0.00456602043495469,0.000460604479298965,0.00014725163193674,0.000218597944367183,-0.000822744400037934,3.92235719184342e-05,-3.69423842698779e-05,0.0031718994758636,-3.32782212808524e-05,-0.000290680721243497,-8.74812172906303e-05,-0.000964537263087095,-0.000885141307825243,-0.000358923545056733,-3.69423842698779e-05,0.000198635751262444,-0.00117148912119092,-9.75989987708203e-05,-0.000167761134979294,-0.000104152561140047,0.0031718994758636,-0.00128072724080663
"12:32720053:G:A",-0.00190318077379903,2.33753456129193e-05,-0.000464221850394075,-0.00186993933585811,2.33753456129193e-05,-0.00782152934827351,-0.00225281006541689,5.06409314580125e-05,7.05732136170312e-05,-0.0035059126186745,-0.000346181263207512,-0.00180639657220194,-0.00790633993316714,-5.77566093182824e-05,2.33753456129193e-05,3.5878259107669e-05,-0.00119341181831878,0.000368812076851022,4.50599635222204e-05,-0.00125632620953819,-5.50563173922214e-05,-0.00354803996592423,-1.30336739783132e-05,0.000105232431326208,-0.0103974752188778,0.000368812076851022,-7.87465703337986e-05,-0.00406022362853964,0.000131379554408895,6.40778971190414e-05,-0.000753383637585259,3.77433774856328e-05,-0.000640180351457964,-0.00236901321047966,0,-0.0011584965627609,-0.000370052499134133,-0.0012193606125539,4.50599635222204e-05,-0.00488430235507664,0.000261103752491998,-0.0030207169421308,2.33753456129193e-05,0,-0.000227572607232496,3.16222901668439e-05,-0.000446428609943261,-5.64139303884659e-05,-0.00138187085876229,-0.00522064804344957,8.07540931146988e-05,-0.00158699581812094,-0.00101220749741682,-0.00155320553800387,-3.51275126790895e-05,-0.00153509200797419,-0.00421860360434412,-0.00163449972250707,-0.00017073609565621,-0.00229929423045583,2.68520252788562e-05,-0.000818255986763994,7.25658671054674e-05,-5.50563173922214e-05,3.22088654485242e-05,-0.0033093889431397,7.4579933646568e-05,-0.00154452197625154,6.50084938680351e-06,-0.00120112287567853,-6.45447002636246e-05,-0.000148285878314169,5.13995298971892e-05,-0.00299869267284514,-0.00430596414964324,-0.000637472153903751,0.000191042437013955,6.50084938680351e-06,-1.25886104234141e-05,-0.00137078130512247,7.05732136170312e-05,-0.00338536509447707,3.77433774856328e-05,-2.02658133652278e-05,-0.000148285878314169,-0.00429379259434448,-0.00297174926000476,-0.000424037108175845,-0.00357931692549496,-0.000548326068203764,-0.00071992738638027,9.37294768998953e-05,0.000164172764343995,6.50084938680351e-06,-0.000635526041212309,8.17015595711013e-06,0.000110022566637724,-0.000123824713979204,-0.000345101297657635,0.000422791864965077,9.86662086441825e-05,-3.65765168774956e-05,-0.00284599668426644,-0.000578428471459169,-6.16974604792375e-05,2.33753456129193e-05,-0.000167761134979294,0.152573130076839,1.50325243328808e-05,0.000295150183252879,-1.724452661378e-05,-5.77566093182824e-05,-0.000767090989794994,-8.15162069596198e-05,-0.00204221167248253,-0.000167761134979294,8.17015595711013e-06,-0.00222042455090232,2.33753456129193e-05,-0.00219988916563185,5.25413771201855e-05,-5.64139303884659e-05,-0.000825370648803947,2.34347838645732e-06,2.33753456129193e-05,6.86016358910635e-05,-3.65765168774956e-05,-0.000981450961321961,0.000183196059664326,3.21571201933324e-06,-0.00290514292590505,5.75943288874115e-05,7.86736910578512e-05,-0.00350238206424169,1.67959435009024e-05,-1.1002487908307e-05,-0.000191676574232247,-9.39881963457623e-06,-0.000101074350635777,-2.76373043606171e-05,-0.000567375573671036,-0.00334636444487391,-0.00369928832216182,-1.1002487908307e-05,-0.00276315363558854,-0.0017529445891098,-0.00395210808446045,-5.77566093182824e-05,-3.51275126790895e-05,-0.000191676574232247,-0.0024265859866075
"12:32720777:C:T",-0.00492570810673154,-7.27380374332398e-06,-0.00464970280038823,-0.00501317255336531,-7.27380374332398e-06,-0.00205913462348351,-0.00173839976162959,-0.000152307059368084,-2.38801242673503e-05,-0.00965556726681527,-0.00389362472200361,-0.00416217637268801,-0.00202306840621258,-0.00318881926640646,-7.27380374332398e-06,-1.1866346958378e-05,-0.00232736600078365,-0.00656755393423403,-1.45144065939462e-05,-0.0021701143680728,1.4289180221283e-05,-0.00925628092110653,-0.00202242057938573,-0.00232928530879839,-0.0044923954410323,-0.00656755393423403,-0.0017698740407539,-0.000823551249385268,-0.00249242736615862,-6.26509727812419e-05,-0.00143302755101438,-0.000173480930608427,-0.00557116930970825,-0.000389814314385006,0,-0.00261723753430498,-0.00672445949620215,-0.00757804654922811,-1.45144065939462e-05,-0.00352271106817614,-0.00284779698220117,-1.52228500454044e-05,-7.27380374332398e-06,0,-0.00021620124214472,-0.000667336376753092,1.53944651231086e-05,-0.00303733704919384,-2.6251278231193e-05,-0.00141572629446962,-2.8183141981053e-05,-0.00124194233206421,-1.74243560975285e-05,-0.000558535117577641,9.41634673079506e-06,-0.00162481753900856,-1.58028583019387e-06,-0.0035526005573141,3.56072081206804e-05,-0.00122261293241799,-8.52861492628421e-06,-0.00297704120057762,-0.00174702569459928,1.4289180221283e-05,-0.00178136291304121,-0.00356714787519774,-2.5555281455425e-05,-0.00316170587232278,-2.18647984429055e-06,-0.000771367340542284,3.21440386601424e-05,3.24684004660014e-05,-1.78800248651356e-05,-0.00163061286626132,-0.000431144886269941,2.7896437565289e-05,-0.00111579720443356,-2.18647984429055e-06,3.29567236523332e-06,-0.00366994910081475,-2.38801242673503e-05,-0.00348637541757402,-0.00205007318632511,5.71814736360921e-06,3.24684004660014e-05,-0.00721531444524182,-0.00279090698977624,-0.000459208580549486,1.19720567504089e-06,-0.00178526005602464,1.92162292380615e-05,-3.38920892808403e-05,-0.0010471898470179,-2.18647984429055e-06,-0.0033078087234939,-2.75741018462838e-06,-4.14256893028764e-05,1.57501187345588e-05,-9.13759149900883e-05,-0.000615630457524219,-3.51980656372319e-05,9.84497159262077e-06,3.40411634507376e-05,-0.00195016396061165,1.60996300069272e-05,-7.27380374332398e-06,3.50971275535628e-05,1.50325243328808e-05,0.199991795680937,-0.00438392569123014,4.77446002555837e-06,-0.00138456049228441,-0.000104206424672348,1.94827644364182e-05,-8.52861492628421e-06,3.50971275535628e-05,2.50339022258572e-05,-4.56440449712048e-05,-7.27380374332398e-06,-0.000127609255621941,-1.74243560975285e-05,1.46641472271725e-05,-6.42766528962113e-05,-1.65022070053311e-06,-7.27380374332398e-06,-2.30644980918626e-05,-0.00160926039729414,-0.000872318495654056,-0.00414033199561281,-1.07424184125904e-06,-6.36229724015891e-05,-2.03786774752857e-05,-2.72913438026379e-05,-0.00206376400045194,4.61191735521282e-05,2.78506739803674e-06,3.8070129522616e-05,2.26527047697545e-06,2.42795971558962e-05,-1.94252568350706e-05,-0.00147285273317976,-0.00416305418601226,-0.0019411957715274,2.78506739803674e-06,-2.38801242673503e-05,-3.289581572119e-05,8.53597609928869e-06,-0.00138456049228441,9.41634673079506e-06,3.8070129522616e-05,-0.0038451432042601
"12:32722239:A:G",0.000545349205109957,-0.000143284624179785,-0.00190334388242341,0.000376831412619794,-0.000143284624179785,-0.00081266975117078,-0.0017962653467114,-0.000325001365306221,-0.000440618618021915,-0.000600790761557946,-0.000705331650452834,7.25221373567564e-05,-0.000678511691801109,0.000295150183252879,-0.000143284624179785,-0.000261120488167066,-0.000409831176332531,0.000224493134917125,0.00011881800192981,-0.00461841540980945,0.000267883067595065,0.000228506797779637,-0.00286764485306801,-0.00360128909638657,-0.000546835491269881,0.000224493134917125,-0.000738389441774068,0.000915740447699598,-0.00401187775861001,-0.00118541754588364,0.000578148877787399,-0.00964869541740576,-0.00247854271128212,-0.00112759889252612,0,0.000696443434879512,0.0036366281253013,0.000471294479667428,0.00011881800192981,-0.00344822648902188,0.000346745257978398,-0.00057480195395776,-0.000143284624179785,0,0.000153012913989947,-0.000860536423657354,-0.00253241943036997,0.000281603482359394,-0.00178050338017588,-0.00164094259991332,-0.000752747245795327,-0.00015650082518448,-0.000588717059645028,-0.00650780882209068,-0.00131682960440216,-0.000896803654679701,-0.00114865885485349,-0.00295811057125972,0.000893575234608868,-0.00686006575973241,-0.000175883131068311,0.000400628525142999,-0.00577459708894335,0.000267883067595065,-0.00441207664296961,-0.000180210980985862,-0.00138394710830703,-0.00319364412080025,-0.000869111053661165,-0.000405719445040198,-0.00195140059684462,0.000781747504747798,-0.00161519746391559,-0.0003790451694341,0.00357874478327425,-0.00274264316128736,-0.000839419835958033,-0.000869111053661165,3.75858726933131e-05,-0.00238811031310959,-0.000427756792501732,-0.000211640569431459,-0.00468333943384458,0.000111545345307107,0.000781747504747798,0.00076462524081844,-0.00238360044447772,-0.00685128874110141,-2.50797350300758e-05,0.000272816190708625,0.000383105313663812,-0.00243299451491819,-0.000750060489521864,-6.15924838793802e-05,-0.00207653493071458,-7.74830158603024e-05,-0.00157635428410874,0.000321735466241257,-0.00194605468089204,-0.00123960010216173,-0.000801608393728337,0.000181415821312925,0.00204073836777585,-0.000581843739883681,0.000334780357711395,-0.000143284624179785,-0.00213858935249522,0.000295150183252879,-0.00438392569123014,0.130816887242902,8.25189548905314e-05,0.000295150183252879,0.000813370422909632,-0.000707050886578742,-0.000175883131068311,-0.00213858935249522,-0.0043856271279612,-0.000739326311689936,-0.000143284624179785,-0.00147378533102671,-0.00109741223780269,-0.00149004818122656,0.000195701623728173,-0.000108199625576511,-0.000143284624179785,-9.93468684571397e-05,0.000181415821312925,7.29131117642723e-05,0.00628193168454949,-3.04097214485211e-05,-0.000642652778306996,-0.00166276201355142,-0.000516157807184392,-0.00125700578891319,-0.00439372333537413,2.22222296715202e-05,-0.00182004339896391,-0.000911483852273243,0.00052275427602666,9.30302390100834e-05,-0.000695475122393763,-0.000885414983204491,-0.0014915011591361,2.22222296715202e-05,-0.000440618618021915,-0.0014730523766433,0.000138077804444414,0.000295150183252879,-0.00131682960440216,-0.00182004339896391,0.00255311108432998
"12:32729662:G:A",0.000104983722497565,6.98580913827129e-06,-0.00161331894308425,9.94876827666857e-05,6.98580913827129e-06,-2.94278489967326e-05,-0.000278551796071724,1.5106836697143e-05,-0.00223470277954441,-0.000137687920702234,-0.000222560796264482,9.47913700111158e-05,-2.05424535142384e-05,-1.724452661378e-05,6.98580913827129e-06,1.09027686105989e-05,-3.57338067225044e-06,0.000101168512403937,1.33784048106378e-05,-0.0039545727786825,-1.63489267341888e-05,-0.000116938352429763,-3.18764613993494e-06,-0.00188121756660298,-0.00275005577270004,0.000101168512403937,-0.00444249235931071,-0.000376901404296248,-0.00202475482713282,-0.00424640082582428,-3.55317285958279e-05,1.1484992616495e-05,-0.00128143793489244,2.16083033190984e-05,0,-0.00389874004672031,7.07106037980409e-05,-6.55374313129897e-05,-0.00609988971231168,-0.000145877963872998,-0.00227006015765596,-0.00350319180726544,6.98580913827129e-06,0,6.24994379965216e-05,-0.00151830691704102,-1.76853896363127e-05,-1.67990628288095e-05,-0.00380915642514967,-2.922708606512e-05,2.3987339837106e-05,-0.000335479601193178,-0.00262351310069064,3.67696134659923e-05,-1.03670743758499e-05,-0.00163644186900047,-0.00173932617445338,-0.00176020690206791,-5.22949347745438e-05,-0.0027758313684263,8.07742992314786e-06,-9.73126021888149e-05,2.14937076554733e-05,-1.63489267341888e-05,9.75572628458821e-06,-0.00201388808733594,-0.00244125521912242,-0.00173179063747053,2.06899323007548e-06,-0.00306750447276816,-4.46372050530996e-05,-4.52546187146297e-05,1.57312636455131e-05,-0.00225823167123362,-5.26729662579939e-05,-3.66222653012116e-05,-0.00209420448690789,2.06899323007548e-06,-3.57338067225044e-06,-0.0039158893820046,2.08852489622657e-05,-0.00205741491332034,1.1484992616495e-05,-6.04854356645035e-06,-4.52546187146297e-05,-7.47380931214181e-05,-0.00404477521001301,0.000161767814788938,-1.50056272207877e-06,-0.00144644963689444,-2.29563792695231e-05,2.79167207333231e-05,-0.00204634795041869,2.06899323007548e-06,-7.3030758733772e-05,2.59922868650619e-06,3.28117615051582e-05,-1.81217220038832e-05,-0.00231623271556902,0.000173661353598753,2.9076394186589e-05,-1.08405650447452e-05,-0.00782832257206856,-0.00345820078062165,0.00017221346144769,6.98580913827129e-06,-5.11895670802787e-05,-1.724452661378e-05,4.77446002555837e-06,8.25189548905314e-05,0.120470091743793,-1.724452661378e-05,-0.000987074511786368,-0.00147760840904798,8.07742992314786e-06,-5.11895670802787e-05,2.59922868650619e-06,-0.00230791038965084,6.98580913827129e-06,7.64647789859296e-05,-0.00613371337842405,-1.67990628288095e-05,-2.07184617995182e-05,1.21480571202426e-06,6.98580913827129e-06,-0.00350024482111699,-1.08405650447452e-05,-0.000106606034616874,5.27634055256243e-05,1.02425782966264e-06,-0.0019617549177644,1.76477137259212e-05,2.33547940151624e-05,-1.65432884280392e-05,5.33224939047727e-06,-3.06313312758988e-06,-5.87732829027132e-05,-2.54763451312812e-06,-3.04868067004804e-05,-7.92464440024787e-06,-0.00382088684390336,-0.00181192410140429,-4.24688114906147e-05,-3.06313312758988e-06,2.08852489622657e-05,2.72454000151967e-05,-9.40532796178672e-06,-1.724452661378e-05,-1.03670743758499e-05,-5.87732829027132e-05,-0.000486210151591671
"12:32730321:T:C",-0.00449082346015661,2.33753456129193e-05,-2.13339894648001e-05,-0.00440062805351182,2.33753456129193e-05,-0.00679920616555929,-0.00105798249289979,-0.0021392345143445,-0.00642083637808888,-0.00279780972825883,-0.00676485367044055,-0.00424952530004052,-0.00676747752879692,-5.77566093182824e-05,2.33753456129193e-05,3.5878259107669e-05,-1.25886104234141e-05,-0.00104786638812193,4.50599635222204e-05,5.81110692596809e-05,-5.50563173922214e-05,-0.00299138281212841,-1.30336739783132e-05,0.000105232431326208,-0.00283526593051953,-0.00104786638812193,-0.000187859744885444,0.000142136341991339,0.000131379554408895,-0.00108819553452211,-0.00450170147845874,-0.00152507031212146,-8.92844946349669e-05,-0.00448739790008812,0,-0.000935150461853773,0.000249083648424353,-0.00398831418623669,4.50599635222204e-05,-0.00194159166567598,0.000261103752491998,4.69005421033231e-05,2.33753456129193e-05,0,0.000216864105379244,-0.00090774784119052,-5.90845986927491e-05,-0.00454972573585177,-0.00312332096584544,-0.000869752164048165,8.07540931146988e-05,-0.0012779109562242,5.25413771201855e-05,-0.00406737495417087,-0.00229252346915665,-0.00279101562930695,-0.00698322459690548,9.70246624145688e-05,0.000508855764802085,0.000255209492800113,2.68520252788562e-05,-0.000314082729288678,-0.00240451993423374,-5.50563173922214e-05,3.22088654485242e-05,-0.0028736871685231,7.4579933646568e-05,-0.00116158928956178,6.50084938680351e-06,-0.00212965458455727,-0.00014657236503357,0.000523418232702966,5.13995298971892e-05,5.64044088431359e-05,0.000574670300518498,-0.000121205764973986,0.000191042437013955,6.50084938680351e-06,-1.25886104234141e-05,0.000216383091167671,7.05732136170312e-05,-0.00280147682008458,-0.00152507031212146,-2.02658133652278e-05,0.000523418232702966,-0.00131815398295387,-0.00426007409901707,-0.000941360822089621,-6.13767266255394e-06,-0.00104199590832188,-7.67748250760647e-05,9.37294768998953e-05,0.000164172764343995,6.50084938680351e-06,-0.000237209278860284,8.17015595711013e-06,-0.000337709824873578,-6.03981377258478e-05,0.000155016251176754,-0.00103846653251249,9.86662086441825e-05,-3.65765168774956e-05,-0.00302332445754061,-0.00169563237733428,-6.16974604792375e-05,2.33753456129193e-05,-0.000167761134979294,-5.77566093182824e-05,-0.00138456049228441,0.000295150183252879,-1.724452661378e-05,0.143285947110268,-0.00150846427738571,-8.15162069596198e-05,2.68520252788562e-05,-0.000167761134979294,-0.00146214738793393,0.000122896580636578,2.33753456129193e-05,-0.00224334730507181,5.25413771201855e-05,-5.64139303884659e-05,-0.00149231147120066,-0.00348229452348381,2.33753456129193e-05,6.86016358910635e-05,-3.65765168774956e-05,-0.00455260767092014,0.000183196059664326,3.21571201933324e-06,0.000161692263343838,5.75943288874115e-05,7.86736910578512e-05,-0.000390521932918553,-0.0013747703922018,-1.1002487908307e-05,-0.000191676574232247,-9.39881963457623e-06,-0.000101074350635777,-0.00375590585390118,-0.000808425363532095,2.59163799061213e-05,-0.000436396683676676,-1.1002487908307e-05,7.05732136170312e-05,9.15062665773902e-05,-3.21812803498744e-05,0.0011197493059063,-3.51275126790895e-05,-0.000191676574232247,0.000378843559001751
"12:32731591:G:C",-0.00551635972164544,0.00047800434321843,-0.00871561592050663,-0.00553749692011563,0.00047800434321843,-0.0042628418787154,-0.00102440994886965,-0.00110466290181321,-0.00199323518387295,-0.00391396013495493,-0.0127678553074584,-0.00573884142135661,-0.00419321019447372,0.000191403806925727,0.00047800434321843,-0.00286751682283715,-0.00260677438766699,-0.00479144132143539,-0.00471159741109695,-0.00238364401452618,-0.00355642943659351,-0.00205379190531962,-0.000734667285776869,-8.93696435224633e-05,-0.00696842789876007,-0.00479144132143539,-0.00570264840520629,-0.0135345424454645,-0.00243700259994917,-0.00738945847631278,0.000423877737747436,-0.00401169608865093,-0.0116732106246831,-0.00207884451913509,0,-0.00370638027036385,-0.000659069020474856,-0.00370358344873578,0.00101526550380537,-0.00543830131589873,-0.00236310551292052,0.000955896147820212,0.00047800434321843,0,-0.0100000303546284,-0.0038190889832439,-0.00362095594483947,0.000326775716344763,-0.00352474759189914,-0.00246768660330909,-0.00376791563647272,-0.0071587491167735,-0.00295110776903229,-0.00404740263496528,-0.00678662691677179,-0.00236972482076947,-0.000523384228682033,-0.00897880099451953,0.00141585693647439,-0.0111759894826671,-0.0012817360202213,-0.00480182628083847,-0.000911935709247302,0.000132309448659385,-0.00426308340946058,-0.00591476395318624,-3.38494778375775e-05,-0.0069215519229302,-0.00150039622118303,-0.00951757700587441,-0.000415254049518587,0.00119143133504895,-0.00637930094964956,-0.00257751732870304,-0.0158193560447475,-0.000919304834061663,-0.000355057836681993,-0.00150039622118303,-7.55919710506703e-05,-0.00602723362763857,0.000628530616323175,-0.00538990895489411,-0.000584226638912,-0.000651364277806543,0.00119143133504895,-0.00614052765425166,-0.00676043778272506,-0.0167781791970496,-0.000886462832542456,-0.00287706370244889,-0.0016140672597782,-5.31847351963322e-05,-0.00124891873015542,-0.00196367581758583,0.000715545076236612,-0.000512548329252738,-0.00368480822912787,-0.00222858823254057,-0.00103538829703798,-0.0151768382370219,0.000983577283241388,-0.00032686580223551,-0.00085676879234331,-0.0132110179908396,-0.00109562339543245,0.00047800434321843,-0.00131197115088799,-0.000767090989794994,-0.000104206424672348,0.000813370422909632,-0.000987074511786368,-0.00150846427738571,0.423469474410418,-0.00325267998630263,-0.00227183115691432,-0.00617252070865071,-0.000512548329252738,0.000531600537787114,0.00047800434321843,-0.00502975488732416,-5.1288203035682e-05,-7.84913663745002e-05,0.00266599304793536,-0.000276821296467222,0.00047800434321843,0.00060620493245267,0.000149918305060837,0.00140588413048981,-0.000176603971533851,-0.00169577719539404,-4.64141550828856e-05,-0.00354447666650026,-0.00142188186902104,-0.00531557063667831,-0.000154114012584028,-0.000152836325183259,-0.00193197386245725,-0.000914400191509124,-0.0025055436176542,-7.09944162271547e-05,-0.00474153054344173,-0.00974277645578736,-0.00399978771399301,-0.000152836325183259,-0.00055134092140996,-0.00239828395962416,-2.34978789634965e-05,-0.00150846427738571,0.000123059245498602,-0.00193197386245725,-0.000471771689523059
"12:32732224:C:T",-0.000278987697738486,-0.005108195890422,-0.00161449917192069,-0.000237201440996593,-0.005108195890422,-0.000684852814532011,-7.03545431814945e-05,6.58554069863371e-05,9.06053706497545e-05,-0.00400664067925049,-0.00741999139323646,-0.000162902855328717,-0.000741609906522278,-8.15162069596198e-05,-0.005108195890422,-0.000688612302904623,-0.00269019259142933,-0.000150669507259948,-0.0011694232940922,-0.00067917446749366,-0.00325465792155022,-0.00427490447067846,-0.0010138504351378,-0.00142679469570606,-0.0010109267410261,-0.000150669507259948,-0.00227481221540415,-0.00044540987217534,-0.00509521873298446,-0.00169005034878023,-0.00243647271322978,4.91696722964008e-05,-0.00421983894102418,-0.004242654122808,0,-0.00163281012494298,-0.000213938042448625,-0.0010959558404009,-0.0011694232940922,-0.00395545071775238,-0.00668768143845,-0.00148464209574772,3.10131278453696e-05,0,-0.00656013697053126,-0.000663484241938406,-8.333472219757e-05,-0.00120459237541404,-0.000481594453859202,-0.00245727824440545,-0.00225735574775143,-0.00382974438285766,6.81954163708198e-05,-0.00510136332359501,-0.000229908723164307,-0.000320395451558042,-0.000742520665673929,-0.00679597519365949,0.000195801269874174,-0.000598255881998355,3.54317048456565e-05,-0.000319577472775556,9.29929235002902e-05,-7.78231377758232e-05,-0.000530947561305339,-0.00281181822527721,9.53998772112996e-05,-0.00598658933155471,-0.00448886758259626,-0.000126278035200933,-0.000217269252985375,2.92296299555517e-05,-0.000402990221101795,-0.00187926458393139,-0.00977011253076565,-0.000177675631799268,0.000222339362337287,-0.00448886758259626,-1.76278709353994e-05,-0.00507251321086377,-0.000374422158427201,-0.00295696605338058,4.91696722964008e-05,0.000169755570327723,2.92296299555517e-05,-0.0030380650938131,-0.00907685878801834,-0.0055258915178813,-5.5001025447865e-05,-0.00149638124356244,-0.000965839147953673,-0.0021098071680008,0.000195701277792004,8.45906637980676e-06,-0.000370029493429236,1.0622979548458e-05,-0.00187250258638461,-8.51349211119512e-05,-0.00782783541816023,-0.00202104238232481,-0.000116228733774371,-5.1029049386031e-05,-0.00279015260068771,-0.00442406183675059,0.000362560607545248,3.10131278453696e-05,-0.000251923774289509,-8.15162069596198e-05,1.94827644364182e-05,-0.000707050886578742,-0.00147760840904798,-8.15162069596198e-05,-0.00325267998630263,0.253908807022047,3.54317048456565e-05,-0.00025192377428862,1.0622979548458e-05,-0.00010557085166063,3.10131278453696e-05,-0.00575068042815019,-6.17236045101777e-05,-0.00258037284335089,-0.00251135580868844,1.98683456442694e-06,3.10131278453696e-05,8.82370446371183e-05,-5.1029049386031e-05,-0.000299939704738961,0.000214725228449453,4.19070729673621e-06,-0.000432467385035551,-0.0105901058659663,-0.00170593529242957,-0.00102861774794238,2.17500434676055e-05,7.04082916147541e-06,-0.00029119873889627,-6.63986197331212e-05,-0.000146225490340157,-0.00266820020484815,-0.00689133666174779,-0.00471084935644139,-0.00200641978236948,7.04082916147541e-06,-0.000374422158427201,-0.00602595987398402,-0.00286592138725972,-8.15162069596198e-05,-0.0013700366452829,-0.00029119873889627,-0.000573395601121796
"12:32733754:T:G",-0.000246570392073764,-1.17892195010683e-05,-0.00264325693566292,-0.00022842341683571,-1.17892195010683e-05,0.000129175259350411,-0.0025336375221503,-2.61815351327854e-05,-3.66216099534356e-05,-0.0024940415229997,-0.00638625977414797,-0.000213742134030248,0.000144424198710524,2.68520252788562e-05,-1.17892195010683e-05,-0.00370044652835766,5.47820117802189e-06,-0.000233427003749398,-2.29167140259889e-05,-0.00693388758712121,2.53775089626984e-05,-0.00238602702764723,-7.95224724488008e-05,-0.00158263120518232,-0.00198418816813106,-0.000233427003749398,-0.00793574160103194,-0.0022040815400528,-0.00145539692887642,-0.00152640534888615,5.27965219960791e-05,-2.00918840675968e-05,-0.00225987126222726,-0.00174334154352529,0,4.86285227037087e-05,-0.000145041332448415,-0.0019093746542671,-2.29167140259889e-05,-0.000142474485541833,-0.00127967925312422,-0.00458446738767826,-0.00113494347898957,0,-0.00332508293091038,-0.000167624961115997,-0.00185335911443385,2.61194881687743e-05,-0.0020641951150262,-0.00404418753442304,-0.00126253475801175,-0.000114707901875732,-2.72985728964059e-05,-0.000143947866064309,1.62856359535724e-05,-0.00137006623936919,-0.00747730425122128,-0.00566814924203385,7.54137150922318e-05,-0.00404275754527728,-0.00140894880142906,-0.000213442001416375,-3.78126299640513e-05,2.53775089626984e-05,-1.68757574883216e-05,-0.00145690241095231,-3.90195178852082e-05,-0.00507533281721795,-0.00180620204201798,-0.00226658883853492,6.54038209972896e-05,6.63294288756333e-05,-0.00368739707830468,-0.00333441558379644,-0.00518480642117058,5.44786163105826e-05,-0.000106853196329304,-0.00180620204201798,5.47820117802189e-06,-0.00537273207887345,-3.66216099534356e-05,-0.00142674942815102,-2.00918840675968e-05,9.75585167406479e-06,6.63294288756333e-05,-0.000341369102393685,-0.0074270527835063,-0.000259433459946834,1.85122446705321e-06,-0.00244210414760371,3.51796316273578e-05,-5.06503605066655e-05,-9.01527952219539e-05,-0.00180620204201798,0.000100094377827986,-4.61503013227116e-06,-6.07724770249618e-05,-0.00648278894124754,-0.00179064285567332,-0.00359693205918088,-5.23164371326601e-05,1.70845784310814e-05,-0.0047628976022569,-0.00799903050998463,2.89947389155998e-05,-1.17892195010683e-05,7.3778283678827e-05,-0.00204221167248253,-8.52861492628421e-06,-0.000175883131068311,8.07742992314786e-06,2.68520252788562e-05,-0.00227183115691432,3.54317048456565e-05,0.16877407094372,7.3778283678827e-05,-4.61503013227116e-06,-6.60913370111871e-05,-1.17892195010683e-05,-0.000159974715503886,-2.72985728964059e-05,2.61194881687743e-05,-0.0021802293084745,-2.96295748736242e-06,-1.17892195010683e-05,-3.54461511440363e-05,1.70845784310814e-05,0.000135292093768946,-0.000101587837338712,-1.81071460403359e-06,-8.85308418006048e-05,-3.18155554346333e-05,-0.00122249207348801,-5.57430082341881e-05,-9.53982515916607e-06,4.58918955814624e-06,8.3350078670108e-05,3.68850979270974e-06,4.60940729460901e-05,1.21319449224444e-05,-0.00160329611731935,-1.48062593607889e-05,-2.67581483965884e-05,4.58918955814624e-06,-3.66216099534356e-05,0.000339759052750743,1.46565699239432e-05,2.68520252788562e-05,1.62856359535724e-05,8.3350078670108e-05,-0.000239722964717082
"12:32734713:G:A",-0.0037219696483346,6.55074786894971e-05,-7.3425383515513e-05,-0.00361504169564864,6.55074786894971e-05,-0.00122839918389017,-0.0103868401241325,0.000140778229588356,0.000198635751262444,-0.00221630871039924,-0.000379598831260708,-0.00339085177375331,-0.0011646756500312,-0.0015361557205722,6.55074786894971e-05,-0.0039121142489309,-4.0564902550777e-05,-0.00420860308651338,0.000127261047205174,-0.00406948398116835,-0.000161941454012826,0.000564384668180651,-0.000827402793420973,0.000284359272900936,-0.00522298159201817,-0.00420860308651338,-0.00519901370691489,-0.00043843096634788,-0.000829647803065825,0.000271460620330899,-0.000343714458554523,-0.00104094011862088,-0.000267342168736029,-0.00125218889083545,0,-0.00248060876387068,-0.0043808958598488,0.000279165421011029,0.000127261047205174,-0.00179743262891563,-0.00235267225451175,0.000131716716604835,6.55074786894971e-05,0,-0.00388203149143518,-0.00532989063623113,3.93162920442336e-06,-0.000164867916874201,-0.00199666967836087,-0.0104076573385825,-0.000790931223368929,-0.00373654900565246,0.000145385768225204,-0.00801038223077022,-0.00507931037719533,-0.000758847295702303,-0.000263955828098794,-0.00156607377634899,-0.000483887267527905,-0.00124864173984562,7.3778283678827e-05,0.00036732269304629,0.000203542228121023,-0.000161941454012826,-0.00284118999571703,-0.00196284206901787,0.000208504120348785,-0.00546590211294351,1.51604777123282e-05,-0.00137809764790209,-0.000418011317726119,-0.000420922752704556,-0.000807063817454434,-0.000727696576986681,-0.00187424450674278,-0.000349492721051448,0.000544152822215871,1.51604777123282e-05,-4.0564902550777e-05,-0.00547762968930865,0.000198635751262444,-0.00198879697573595,9.97381767424699e-05,-5.80769764084721e-05,-0.000420922752704556,-0.00522378100399212,-0.00312658922319331,-0.00382695289063317,-0.000839578334732138,-0.0014579459172559,-0.000223716281602115,-0.00246971565105802,0.000467049300582723,1.51604777123282e-05,-0.000649055644026397,1.90576835228384e-05,-0.000936295542630639,-0.000173450077153525,0.000428049542778197,-0.00774903355880774,0.00027696416156342,-0.000480343697578434,-0.00931543571407278,-0.0179743244780646,-0.000176246890056575,6.55074786894971e-05,-0.000990671334456295,-0.000167761134979294,3.50971275535628e-05,-0.00213858935249522,-5.11895670802787e-05,-0.000167761134979294,-0.00617252070865071,-0.00025192377428862,7.3778283678827e-05,0.217926744463039,1.90576835228384e-05,0.000346166457479313,6.55074786894971e-05,0.000777402139198635,-0.0014528338823494,-0.000164867916874201,-0.0042923870263234,-0.00426246280646314,6.55074786894971e-05,0.000193783767667099,-0.000480343697578434,-0.000992561157062255,-0.0022955855924085,7.49599707017268e-06,0.000460604479298965,0.00014725163193674,0.000218597944367183,-0.00508243801685282,3.92235719184342e-05,-3.69423842698779e-05,0.0031718994758636,-3.32782212808524e-05,-0.000290680721243497,-8.74812172906303e-05,-0.00133380630942082,-0.000885141307825243,-0.00447950179722678,-3.69423842698779e-05,0.000198635751262444,-0.00117148912119092,-9.75989987708203e-05,-0.000167761134979294,-0.000104152561140047,0.0031718994758636,-0.00128072724080663
"12:32735720:T:A",-0.00169780075828641,-3.94228513034278e-06,2.86342913380366e-06,-0.00168564856460662,-3.94228513034278e-06,-0.00028510592863995,1.46440631603184e-05,-0.00309376553528917,-1.2938289682296e-05,-0.0106798925903,-0.00467179672676643,-0.00283145262539541,-0.000277919594701359,8.17015595711013e-06,-3.94228513034278e-06,-6.40312877475679e-06,-0.0024047539775065,-0.00252335855857133,-7.8693623493109e-06,-1.21985413850112e-05,7.77187264944246e-06,-0.0102836199749419,-0.00209355396888444,-2.11150975966135e-05,-0.00486447077964947,-0.00252335855857133,1.96338160822762e-05,-0.0045189341820846,-2.73973048505738e-05,-0.000636022731399954,-0.0015165888475801,-2.1368406062372e-05,1.16746260285794e-05,-0.00242675344786925,0,-0.000184791967838827,-0.00326281815981933,-0.00860761909875762,-7.8693623493109e-06,-0.00159975968961312,-6.62367225316984e-05,-8.24917978103912e-06,-3.94228513034278e-06,0,-0.00265231579243252,-0.00010060262404199,8.36414689864284e-06,-0.00311949746917684,-1.19086469538843e-05,-0.0022768715964876,-1.52429673008214e-05,2.17937299789028e-05,-9.42896301836527e-06,-6.5470877288476e-06,5.12498737847977e-06,-0.00166436794565517,-0.00223931206441641,-0.0029299110012202,1.93309586107304e-05,-0.00124803113653815,-4.61503013227116e-06,2.48831553779638e-05,-0.00737766798281303,7.77187264944246e-06,-0.00185291069353877,-4.77864691843521e-05,-1.38358030001839e-05,-0.00259622956382621,-1.17236798580223e-06,-0.00133435531250825,1.74537522728002e-05,1.7627585841673e-05,-9.619924152382e-06,-0.00169856751540909,-0.000237272929838106,1.51534617840454e-05,-0.00115783775429534,-1.17236798580223e-06,1.80664789262153e-06,-0.00284538870645434,-1.2938289682296e-05,-5.58569966893074e-05,-0.00118679715787895,3.10528250935249e-06,1.7627585841673e-05,2.29948747501041e-05,-0.0117888402490438,-0.005829107942529,6.8280751186478e-07,8.96726830923456e-06,1.04449356639336e-05,-1.82967492801112e-05,-0.00109531734524193,-1.17236798580223e-06,-0.00340100498156737,-1.4783337469737e-06,-2.2319990506503e-05,8.55480877071102e-06,-0.000175284009374721,-0.00597704638502172,-1.90552578533953e-05,5.35469331097715e-06,-0.00117420055585793,-0.00447754010452517,8.74221733226932e-06,-3.94228513034278e-06,1.90576835228384e-05,8.17015595711013e-06,2.50339022258572e-05,-0.0043856271279612,2.59922868650619e-06,-0.00146214738793393,-0.000512548329252738,1.0622979548458e-05,-4.61503013227116e-06,1.90576835228384e-05,0.17659594207941,-2.47075221366799e-05,-3.94228513034278e-06,-6.89984985839942e-05,-9.42896301836527e-06,7.97275796582397e-06,-0.000491084711883083,-8.40551349412522e-07,-3.94228513034278e-06,-1.25011515796913e-05,5.35469331097715e-06,-0.000233925898849741,-0.00417469056075515,-5.76120484652165e-07,-3.44616192222702e-05,-1.09547034927715e-05,-1.47655349689302e-05,-0.0021392102791431,2.5033902224969e-05,1.53309880968067e-06,2.06693347308828e-05,1.25468695788555e-06,1.31881037317427e-05,-0.00235767557328526,-0.00570807941835927,-0.00452010080789389,-0.00202531358219549,1.53309880968067e-06,-1.2938289682296e-05,-1.77641455856303e-05,4.65333963894921e-06,-0.00146214738793393,5.12498737847977e-06,2.06693347308828e-05,-0.00381515649994846
"12:32735793:A:G",-0.0019201311198831,-5.55481765536214e-05,3.04924104783666e-05,-0.0018098104744686,-5.55481765536214e-05,-0.000815027836972071,-0.000251498964048302,-0.00085578257157426,-0.00477349922939307,-0.00563126115896928,-0.00617062133188462,-0.00169457620926039,-0.0008132480721188,0.000122896580636578,-5.55481765536214e-05,-9.36639407038697e-05,-0.00292744026138081,-0.000241042209208508,-0.000107081768553563,-0.00034966594303576,-0.00198627027070231,-0.00547065085370235,-0.000218058558066225,0.000543059631413101,-0.00629204140653483,-0.000241042209208508,-0.0019470797991703,-0.00559902923555189,-0.000971325031261294,-0.000776023802065318,-0.0045500018412632,-0.00116736563583952,0.000176476702089978,-0.00551766417308652,0,-0.00107905027064525,-0.00106592282416162,-0.00288771873404503,-0.000107081768553563,-0.00250605985142727,-0.00147355377901182,-0.000112689785980891,-5.55481765536214e-05,0,-0.000817784817726874,-0.00253978532528398,0.000126951973127731,-0.00220085381986745,2.38340808120796e-05,-0.00435896270198644,-0.000203028798826388,-0.000483170330438654,0.000659074518190472,-0.00542182403026814,7.28045729321281e-05,-0.00107882490715383,-0.00726008800349831,-0.00463732797521432,0.000356556450105572,-0.00157086421905817,-6.60913370111871e-05,-0.00168857929322197,-0.000177630033819653,0.000114630116644143,-8.24199344879872e-05,-0.0028434066680223,-0.0042129204910637,-0.00541632949009685,-1.96400847070066e-05,-0.00660505751144669,-0.00137932924150252,0.000312568115128364,-0.000141763533216377,-0.000141838058165256,0.000885899337429663,0.000252477182110411,-0.00990678066793116,-1.96400847070066e-05,2.18966600051829e-05,-0.00485263317345197,-0.000584587662241454,-0.00278302654654539,-9.93976761591853e-05,4.5121515134916e-05,0.000312568115128364,0.000125323831293933,-0.00339667286346845,-0.00036612394229163,2.21724369620091e-06,-0.00262018492909988,-0.000335917369348238,-0.00370364095665554,-0.0103337300896031,-1.96400847070066e-05,-0.00169675849288087,-2.47075221366799e-05,-0.0022394897359348,0.000130956763216616,-0.00110000509160812,-0.000293418400489465,-0.000794461931391766,7.7208777666371e-05,-0.00134898039048004,-0.0027915214848675,0.000134911889025702,-5.55481765536214e-05,0.000346166457479313,-0.00222042455090232,-4.56440449712048e-05,-0.000739326311689936,-0.00230791038965084,0.000122896580636578,0.000531600537787114,-0.00010557085166063,-6.60913370111871e-05,0.000346166457479313,-2.47075221366799e-05,0.196377374359589,-5.55481765536214e-05,-0.00105725582865013,-0.000129951381325988,0.000118789623906324,-9.2572863304774e-05,-2.38866387745063e-05,-5.55481765536214e-05,-0.000392218629745145,7.7208777666371e-05,-0.00073666783991122,-0.000550171311171077,-9.69647521831263e-06,-0.000907961698525028,5.62574847577935e-05,-0.00019655280059272,-0.00256206878286758,-5.10514595664091e-05,-0.0029527634244122,0.000393459926596229,-0.00145603281596696,0.000213780974754663,-0.00336472569289459,-0.00539474490788949,-7.91990598560943e-05,0.000174358640530947,-0.0029527634244122,0.00171017049686029,-0.00101936858170859,6.3825884529578e-05,0.000122896580636578,7.28045729321281e-05,0.000393459926596229,-0.000739157264496804
"12:32737127:A:G",-0.000197180225463889,-0.00652898253121403,-0.00146031755509402,-0.000183432540365125,-0.00652898253121403,-0.00135247568577501,4.53927557364509e-05,-2.22995075365162e-05,-3.10912649359452e-05,0.000153115397723447,-0.00142299540282664,-0.0001722235366719,-0.00135701812964673,2.33753456129193e-05,-0.00652898253121403,-1.62030124881696e-05,4.75048086023833e-06,-0.000187294942186611,-1.95546078778364e-05,-3.0252463111502e-05,2.20877740915171e-05,0.000133640044281513,3.47113728604853e-06,-0.00564566790011511,-0.00124745184247477,-0.000187294942186611,6.72885669610324e-05,0.000161651635903759,-0.00580905689988676,-0.00155174950444348,4.64605756116399e-05,-1.71191437878804e-05,0.000479957689619503,-3.58427637001668e-05,0,-0.0018091087522718,-0.00011906594108968,7.93314170675075e-05,-1.95546078778364e-05,-6.33363629871653e-05,-0.00615557677658796,-2.04584590468571e-05,-1.00978452888256e-05,0,-0.000370420865034582,0.000397102280722095,2.40075632964576e-05,2.27354625454979e-05,-0.00564498241368216,-0.00439062948505509,-3.61811317297622e-05,-0.00213877435034693,-2.32371161770217e-05,-0.00526268874401392,1.41281955743366e-05,-9.48364438357885e-05,-0.00545069437375467,-0.00149992726767145,6.70001708060752e-05,-0.000674421121637181,-1.17892195010683e-05,0.000115019830980501,-3.20840449958837e-05,2.20877740915171e-05,-1.44047399377456e-05,-0.00116577601268553,-3.30891872506456e-05,-0.00576376242669063,-0.00153356580950526,0.000201826473611888,5.78481586916979e-05,5.86857818287712e-05,-2.38701457666579e-05,-2.51475689490022e-05,-0.00103274938801334,4.79646493118935e-05,-8.86999970539648e-05,-0.00153356580950526,4.75048086023833e-06,-0.00560769193720567,-3.10912649359452e-05,-0.00113241992264967,-1.71191437878804e-05,8.43188385601934e-06,5.86857818287712e-05,-0.00152141645437975,-0.00551467324609067,-0.00573158421344466,1.63949465203928e-06,2.56992843032933e-05,3.07311851397429e-05,-4.27319714324526e-05,-7.52220531134995e-05,-3.13468242207904e-06,9.00043806488782e-05,-3.94228513034278e-06,-5.10611051236509e-05,2.46322522814424e-05,-0.00094389864358746,-0.00632566545347757,-4.41685010814652e-05,1.48205897207987e-05,-0.00178605788286124,-0.00159896145811,2.5249546020234e-05,0.000601974998783561,-0.00355330350959981,2.33753456129193e-05,-7.27380374332398e-06,-0.000143284624179785,6.98580913827129e-06,2.33753456129193e-05,0.00047800434321843,3.10131278453696e-05,-1.17892195010683e-05,6.55074786894971e-05,-3.94228513034278e-06,-5.55481765536214e-05,0.131904927267655,-0.000130803299727589,-0.000995892839618762,2.27354625454979e-05,-0.00177100917488193,-2.47526972696477e-06,0.000601974998783561,-3.01106211608726e-05,1.48205897207987e-05,0.000123965180538477,-8.44831442234906e-05,-0.00180205346181594,-7.39123564814648e-05,-2.6957897259372e-05,-3.5137490288939e-05,-0.00430831507260265,-8.13291309587072e-06,3.98706449278308e-06,7.43333380670563e-05,3.21421246596287e-06,4.0434221880048e-05,1.05363070046494e-05,-0.00133832700515946,-0.00138266449121005,-0.00465616362387067,3.98706449278308e-06,-3.10912649359452e-05,-4.16044141582361e-05,1.27179012840983e-05,2.33753456129193e-05,1.41281955743366e-05,7.43333380670563e-05,-0.000192198928693266
"12:32740158:T:C",-0.00506293876718544,-0.000130803299727589,3.35411954841547e-05,-0.00446316053732154,-0.000130803299727589,0.000346090724556269,-0.000273814645005643,-0.000860950645094505,-0.00116025152394528,-0.000610879247084029,-0.00118406145550587,-0.00461715794943274,0.000408387493824769,-0.00219988916563185,-0.000130803299727589,-0.0011282962862218,-0.00139589600790124,-0.00404877496454592,-0.00780904387388137,-2.87126109110858e-06,-0.000191863617074794,-0.000895210076941488,-4.07012643242055e-05,0.000546401654881734,-0.00190374408444693,-0.00404877496454592,-0.000709228942107565,-0.00231436754100844,4.09645777708079e-05,-0.00395646656722448,0.000530368510785806,-0.0022598412889332,-0.00528061690778703,-0.000506442639379934,0,-0.00260904899285164,-0.00182118775299855,-0.00225744781729897,-0.000249952332680436,-0.0032628680330129,0.00175140567966636,-0.000265338598669729,-0.000130803299727589,0,-0.00395973797923421,0.00010334249463595,0.00028280276695547,-0.00189649438626471,-0.00248210054233944,0.000726649709775096,-0.000489834532281463,0.000697399165917822,-0.00423059428490102,-0.00331679701633814,-0.00263524670629955,-0.00235666963413905,-0.000917532468826199,-0.00673421873765534,-0.00178036404814197,7.50495107411098e-05,-0.000159974715503886,-0.00193962107739143,-0.000420501207181623,0.00024714856506769,-0.00107525192789115,3.80609935941578e-05,-0.00156088591410164,-0.00131309279913872,-5.48322295275128e-05,0.000414361985854761,-0.00112064644697707,-0.000511750186448445,-0.00374058797718479,-0.000345439133216274,-0.000319614611518304,-0.00475208947116279,-0.00242079756943347,-5.48322295275128e-05,-0.00030231991052343,-0.00204399148867607,-0.000403750656126078,0.000859751676131282,-0.0022598412889332,0.00010216537419705,-0.000511750186448445,-0.00371764536934549,-0.0028883220072542,-0.000825383833000348,-0.000282040855480226,-5.55266788513364e-05,-0.00218846769746683,-0.00132226221358955,-0.00212914432067368,-5.48322295275128e-05,-0.00418890204633371,-6.89984985839942e-05,-0.00256579026499093,0.000294377897899878,-0.00101267658786686,-0.00267225710923347,-0.000582376842566568,-0.00252301273966804,0.00241216067180483,0.00147204925450062,0.000305803221877454,-0.000130803299727589,0.000777402139198635,-0.00219988916563185,-0.000127609255621941,-0.00147378533102671,7.64647789859296e-05,-0.00224334730507181,-0.00502975488732416,-0.00575068042815019,-0.000159974715503886,0.000777402139198635,-6.89984985839942e-05,-0.00105725582865013,-0.000130803299727589,0.203012033631523,-0.000312747989056561,0.000259191176477991,-0.00427527187655263,-0.000349696073772776,-0.000130803299727589,-0.000387223921337387,-0.00252301273966804,-0.00151278438813396,-0.0010321785469003,-0.00370850275054391,-0.00094481212322961,-0.00737793152442556,-0.00103384777385873,0.000150607185243956,-0.00119741605433354,-0.00307587292433098,0.000887951786889829,-0.0031053955027005,-0.000595713460068481,-0.000138201634907631,-0.00350725021402365,-0.00022182026655404,-0.00163476499065585,-0.00307587292433098,-0.00064892793325555,-0.000582122175288191,-0.00277729205420219,-0.00224334730507181,0.000154758458969617,0.000887951786889829,-0.0028032321395397
"12:32741814:T:A",-0.00208188550947686,-0.000995892839618762,-0.000242628075969975,-0.00213033494451054,-0.000995892839618762,-0.00214055873714081,-0.00517325176492101,-5.16904851250999e-05,-7.20580045667774e-05,-0.00218211827407622,-0.000404677860528224,-0.00221557218216528,-0.00222303906874544,5.25413771201855e-05,-0.000995892839618762,-0.00307520444182874,1.03628364582775e-05,-0.00107945847132918,-0.000497727921862534,-0.00610855810875588,4.94891537092812e-05,-0.00209384678557711,-0.00164376061082727,-0.00302456265682061,-0.00104574474313424,-0.00107945847132918,-0.00520420087224416,3.37043091684919e-05,-0.00680991679386445,-0.000207175801736348,0.000103438617978568,-4.01377293881566e-05,-0.000240007862973179,-0.00343649626432097,0,-0.000363995493779079,-0.00101401254285527,-0.00167390159149861,-0.000497727921862534,-0.000366251018459884,-0.0075242384647396,-0.00219461393393949,-2.32371161770217e-05,0,-0.000712327417218717,-0.00218607820635164,-0.000870200454781589,-0.00209171153265153,-0.00305395316360979,-0.00255902572111033,-0.0011527435090315,-9.50850246379531e-05,-5.39565984283286e-05,6.48163916308064e-05,3.16704549589986e-05,0.00023201757410618,-0.000109347125456516,-0.00121182918136853,0.000148896015380373,-0.000292677286981124,-0.00127181109974117,0.000249576294850229,-7.44666210970024e-05,4.94891537092812e-05,-3.35913772611107e-05,0.000171812041474873,-7.69072598281184e-05,-0.000124869662887939,-0.000343421932338828,-0.000447235464864804,0.000128863957159275,0.00013083126034541,-0.00144593168481766,-0.00332844665802234,-0.00091705540387288,0.000106985449635388,-0.000209346322212589,-0.000343421932338828,1.03628364582775e-05,-0.000286200411689919,-7.20580045667774e-05,0.00017953963634465,-4.01377293881566e-05,1.91370806783553e-05,0.00013083126034541,-0.00352752000525935,-0.000102073913241796,-0.00223943795271531,2.92345498653646e-06,-8.64821211923328e-05,6.8817078865635e-05,0.000130621794916408,-0.000176713696673048,-0.00165949519667485,0.00019770253215956,-9.42896301836527e-06,-0.000120887314603912,5.55168423748142e-05,-0.00017139043808978,-0.003510004830515,-0.000949976765977745,-0.00258239171693919,-0.0022645795169689,-0.000636069095899749,-0.000745529874010664,-0.000995892839618762,-0.000885598136057375,5.25413771201855e-05,-1.74243560975285e-05,-0.00109741223780269,-0.00613371337842405,5.25413771201855e-05,-5.1288203035682e-05,-6.17236045101777e-05,-2.72985728964059e-05,-0.0014528338823494,-9.42896301836527e-06,-0.000129951381325988,-0.000995892839618762,-0.000312747989056561,0.145249704156418,5.10250433825021e-05,-0.00260949232749308,-6.95082666091196e-06,-0.000995892839618762,-6.96807911948483e-05,-0.00258239171693919,-0.00182241109554759,-0.000581590607314553,-0.00193096544602511,-0.000173469507175561,-0.00145674376810323,-8.18871617518369e-05,-0.000906339466514083,-1.94901843206807e-05,8.5393471334072e-06,-0.00123946452533108,6.69193568292314e-06,9.05241956070668e-05,-0.00251845099742098,-0.00203809582497172,-3.02487898746762e-05,-0.00106240764950272,8.5393471334072e-06,-7.20580045667774e-05,-9.76650638193632e-05,2.83144501054267e-05,5.25413771201855e-05,3.16704549589986e-05,-0.00123946452533108,-0.000950665729586575
"12:32742459:G:A",-0.00204791019164929,2.27354625454979e-05,-2.0743467716855e-05,-0.00201265732624467,2.27354625454979e-05,-0.00171128994574765,-0.00117862147728509,4.91812519705093e-05,6.84414173433012e-05,0.000258534485627848,-0.00295895591225026,-0.00194750382301923,-0.00173698733911642,-5.64139303884659e-05,2.27354625454979e-05,3.4899243738451e-05,-1.22452725630495e-05,-0.0021633510596315,4.37643684652045e-05,-0.000204727587518327,-5.37604202204278e-05,0.000192455445200856,-0.00156199357279707,-0.000159079303626797,2.26498857935908e-05,-0.0021633510596315,-0.000482638087857978,-0.000490014800737626,-0.000146723795660719,-0.00284495319341538,-0.000115737199092969,3.67123559819049e-05,-0.00379244714030946,-0.00239491682447213,0,-0.00106884287110809,-0.00219045061225387,-2.48200576189461e-05,4.37643684652045e-05,-0.00515748861600152,-6.54995264799396e-05,4.55512091175336e-05,2.27354625454979e-05,0,-7.13997197356875e-05,-0.0015969766849846,-5.77191423190015e-05,-5.50944346278115e-05,-0.00062370922628574,-0.00825037475121082,-0.0017640373422525,-0.000264317411629023,5.10250433825021e-05,-0.00621023434350576,-3.42572729321589e-05,0.00019129458975975,-0.00136860729870669,8.35203361404524e-06,-0.000167824237498948,0.000244348627186142,2.61194881687743e-05,-0.00179492199550602,7.03695922839032e-05,-0.000962556109017854,3.13310873174544e-05,-0.000246274061261431,7.23180239035059e-05,-0.00113247776226544,6.34432544455166e-06,-0.000622193961232753,-0.000143886822667305,-0.000145586157447752,-0.00458323809239758,5.47716852459246e-05,-0.00157514164394179,-0.0001188150662772,0.000183768783373672,6.34432544455166e-06,-1.22452725630495e-05,-0.000992414728105295,-0.00216270326263945,-0.000278367109088684,3.67123559819049e-05,-1.97551825218412e-05,-0.000145586157447752,-0.00195725772619504,-0.00667749850812083,-0.0034188254315648,-5.9392705162864e-06,-6.47321395437217e-05,-0.00193756888086583,9.08199317457559e-05,0.000158218614752847,6.34432544455166e-06,-0.000233940976307245,-0.00158566072513722,-0.000176580236095347,-5.90103002169329e-05,-0.0018852605064712,-0.0101627444483876,-0.00227385492961041,-3.56779031864818e-05,-0.000319569267329456,-0.00147210727743374,-6.0287629005451e-05,2.27354625454979e-05,-0.000164867916874201,-5.64139303884659e-05,1.46641472271725e-05,-0.00149004818122656,-1.67990628288095e-05,-5.64139303884659e-05,-7.84913663745002e-05,-0.00258037284335089,2.61194881687743e-05,-0.000164867916874201,7.97275796582397e-06,0.000118789623906324,2.27354625454979e-05,0.000259191176477991,5.10250433825021e-05,0.126669125105661,-0.00015497221895,-0.00312435061639782,2.27354625454979e-05,6.65331888098919e-05,-3.56779031864818e-05,-0.000340707268539298,-0.00172981744952594,3.13881217905987e-06,0.000155849399113173,-0.00151145047358447,7.62769302031785e-05,-0.00231021088475725,1.63828592594228e-05,-1.06944146915922e-05,-0.000188606143874281,-0.00134819433539324,-9.89741747838835e-05,-2.69167875597276e-05,-0.000268777368871653,-0.00146755315095781,-0.00251400192546214,-1.06944146915922e-05,6.84414173433012e-05,-0.00251725009516512,-3.13693215634459e-05,-5.64139303884659e-05,-0.00105109562422534,-0.000188606143874281,0.000358870562952696
"12:32744118:T:A",-0.00357626979469838,-0.000994422802389927,-0.00533973970962576,-0.00350359911070353,-0.000994422802389927,-0.00656909969735997,-0.0011206006496205,-0.000306231024613801,-0.00298184154799941,-0.00554292112723376,-0.013154690121485,-0.00351878787450133,-0.00683695969581466,0.00011160603312188,-0.000994422802389927,-0.00311169023470903,-0.00251713975987577,-0.00449305582467652,-0.00557887675554714,-0.00285117081277564,-0.00369303732095894,-0.00424298741703888,-0.00147259806781896,-5.66343983798845e-05,-0.00974871772345365,-0.00449305582467652,-0.00573942792503424,-0.017306023134072,-0.00233506808641559,-0.0104819083058212,-0.000374717190340768,-0.00382271951483304,-0.00968063809562603,-0.00189127567695468,0,-0.00527753816554499,-0.00317015112937646,-0.0039517628282697,-0.00146377894547367,-0.00578668434123797,-0.00230527629764632,0.000166009833681535,0.000450277176438973,0,-0.00363138456750178,-0.00433864408644613,-0.00124552612276752,1.80059943843958e-06,-0.00449143497373727,-0.00431596351705243,-0.00278416234526002,-0.00979216479844514,-0.000954146214492191,-0.00506259276773413,-0.00690919328425377,-0.00283933789062418,-0.00303919155329213,-0.00840772367107556,0.00115664549240169,-0.0117890530999478,-0.000415577047524707,-0.00602003401735152,-0.00076957288581081,5.53474820579325e-05,-0.00424967539494325,-0.00966838591232344,0.000248914939713352,-0.0048274102382182,-0.00201626643208197,-0.0126217013918879,-0.000543258974656347,0.000966086860124449,-0.00525679934557965,-0.00170600666838183,-0.0141392346452416,-0.00109725624486323,-0.000514269033610848,-0.00201626643208197,-8.78814214440027e-05,-0.0036248581338012,0.000621974813999948,-0.00904725882374935,-0.000492168219199396,0.000205810891752201,0.000966086860124449,-0.00466364027524602,-0.00589838243143737,-0.0172249752161613,-0.00101485536160961,-0.00309282964657154,-0.00158962739902435,-0.000324853007538373,-0.000968607267230137,-0.00507600202187675,0.000310642707552322,-0.000491084711883083,-0.0034305181399179,-0.00207648639192737,-0.000942030002750727,-0.0142603511208264,-0.000401439478383558,-0.00477660909886879,-0.00311060489924708,-0.01344392420854,-0.000176915565313074,-0.00177100917488193,-0.000183967796302476,-0.000825370648803947,-6.42766528962113e-05,0.000195701623728173,-2.07184617995182e-05,-0.00149231147120066,0.00266599304793536,-0.00251135580868844,-0.0021802293084745,-0.0042923870263234,-0.000491084711883083,-9.2572863304774e-05,-0.00177100917488193,-0.00427527187655263,-0.00260949232749308,-0.00015497221895,0.468182348954994,-0.000234921278757128,-0.00177100917488193,-0.00517335353462745,-0.00275001818331333,0.000667248856510039,-0.000402532009568191,-9.97289674584678e-05,-0.00122503587790845,-0.00123887122142197,-0.00160177270515227,-0.00499107374426799,-0.00010379067454247,-0.00120108600963942,-8.6341494137443e-05,-0.00092907708014156,-0.0026231994200776,-0.000742951483155174,-0.00589589822922409,-0.0100074461604933,-0.00347262045274155,-0.00120108600963942,-0.00046416492566248,-0.00235333789374392,-1.94104608306489e-05,-0.00149231147120066,0.000101087519220222,-8.6341494137443e-05,-0.00121209527651622
"12:32747182:G:T",-0.00269742454859578,-2.47526972696477e-06,1.32711264022589e-06,-0.00276083506915104,-2.47526972696477e-06,-0.00331187853501591,-0.000209783561472499,-6.58970496836275e-06,-0.00122949024072305,-0.00104169231648132,-8.73164352288569e-06,-0.00285897465276364,-0.0033037504813942,-4.36671982955161e-05,-2.47526972696477e-06,-0.00228863043668515,8.87691096629339e-07,-0.0025845286607078,-5.57305915727113e-06,-0.000354792915138624,-0.00290590988529349,-0.00175898950335984,-0.0100264136871555,-0.00452344996599319,-0.00991868275215557,-0.0025845286607078,-0.000119851508397772,-0.00386481680003214,-0.00483887872466848,-0.00225964395698819,-0.000910773080654792,-4.65160699558709e-06,1.63734797276049e-06,-0.00121284145306344,0,-0.000101139009311968,-0.00273029218038623,-0.00341593220267189,-5.57305915727113e-06,-0.00112068791054742,-0.0054597090799593,-5.90114198839586e-06,-2.47526972696477e-06,0,-0.00350808335524455,-0.000390937016006454,2.33842382879601e-06,-0.00306880351481631,-1.48463739870763e-05,-0.000563370961657927,-0.00159064738073056,-0.0034715392798792,-6.95082666091196e-06,-0.000132413220951033,-0.000140599277052011,-0.0024883777049638,-0.00113668424166313,-0.0001024201782025,-6.96805979938375e-06,-0.000120568615620265,-0.00276292637438313,-6.59931892865728e-06,-0.0013517330096251,2.34343671046133e-06,-3.76284855896358e-06,-6.06885661875722e-05,-0.00143792279162192,-0.000934535913664103,-6.57969823514293e-07,-0.000293910393477148,-3.48028767227504e-06,-3.74174803674521e-06,-0.000522047310627549,-5.42657939277547e-05,-0.00103061544190641,-0.0012055106329667,-0.00115747755998274,-6.57969823514293e-07,-0.0024038997831477,-0.00100412378223824,-1.03284292416461e-05,-7.81623560266453e-05,-0.00188040426764413,1.40438574369739e-06,-3.74174803674521e-06,-0.000689593084748807,-0.00272326859036109,-0.00151977144146986,-0.0019272104744994,-5.17571608416034e-05,2.0470764923175e-06,-1.61296250569265e-05,-0.00109202725121982,-6.57969823514293e-07,-0.00235717027330651,-8.40551349412522e-07,-3.88557559807268e-05,2.33014507777796e-06,-2.2932715178392e-05,-0.00198584591862572,-1.69940347314324e-05,-0.00148242902848672,-0.000497209553548039,-0.00063424913329202,2.31875642953128e-06,-2.47526972696477e-06,-0.00426246280646314,2.34347838645732e-06,-1.65022070053311e-06,-0.000108199625576511,1.21480571202426e-06,-0.00348229452348381,-0.000276821296467222,1.98683456442694e-06,-2.96295748736242e-06,-0.00426246280646314,-8.40551349412522e-07,-2.38866387745063e-05,-2.47526972696477e-06,-0.000349696073772776,-6.95082666091196e-06,-0.00312435061639782,-0.000234921278757128,0.168884130708654,-2.47526972696477e-06,-9.88859704698086e-06,2.05756113480504e-06,-0.000178032206408218,-4.57908605486779e-05,-3.14952345981112e-07,-3.70864406624705e-05,-8.37148101950902e-06,-1.22237252702107e-05,-0.000445975310931601,-1.8737414286818e-06,7.66507217697665e-07,-0.00503633511159407,6.38919960493922e-07,8.88497110551612e-07,-0.00178530798501519,-0.00218264740360841,-0.0019459444577965,-0.000580799869934978,7.66507217697665e-07,-1.03284292416461e-05,-1.55210555163876e-05,-0.00169668107198628,-0.00348229452348381,-0.00158149323697643,-0.00503633511159407,-0.000176999452231819
"12:32747869:G:A",-0.000197180225463889,-0.00652898253121403,-0.00146031755509402,-0.000183432540365125,-0.00652898253121403,-0.00135247568577501,4.53927557364509e-05,-2.22995075365162e-05,-3.10912649359452e-05,0.000153115397723447,-0.00142299540282664,-0.0001722235366719,-0.00135701812964673,2.33753456129193e-05,-0.00652898253121403,-1.62030124881696e-05,4.75048086023833e-06,-0.000187294942186611,-1.95546078778364e-05,-3.0252463111502e-05,2.20877740915171e-05,0.000133640044281513,3.47113728604853e-06,-0.00564566790011511,-0.00124745184247477,-0.000187294942186611,6.72885669610324e-05,0.000161651635903759,-0.00580905689988676,-0.00155174950444348,4.64605756116399e-05,-1.71191437878804e-05,0.000479957689619503,-3.58427637001668e-05,0,-0.0018091087522718,-0.00011906594108968,7.93314170675075e-05,-1.95546078778364e-05,-6.33363629871653e-05,-0.00615557677658796,-2.04584590468571e-05,-1.00978452888256e-05,0,-0.000370420865034582,0.000397102280722095,2.40075632964576e-05,2.27354625454979e-05,-0.00564498241368216,-0.00439062948505509,-3.61811317297622e-05,-0.00213877435034693,-2.32371161770217e-05,-0.00526268874401392,1.41281955743366e-05,-9.48364438357885e-05,-0.00545069437375467,-0.00149992726767145,6.70001708060752e-05,-0.000674421121637181,-1.17892195010683e-05,0.000115019830980501,-3.20840449958837e-05,2.20877740915171e-05,-1.44047399377456e-05,-0.00116577601268553,-3.30891872506456e-05,-0.00576376242669063,-0.00153356580950526,0.000201826473611888,5.78481586916979e-05,5.86857818287712e-05,-2.38701457666579e-05,-2.51475689490022e-05,-0.00103274938801334,4.79646493118935e-05,-8.86999970539648e-05,-0.00153356580950526,4.75048086023833e-06,-0.00560769193720567,-3.10912649359452e-05,-0.00113241992264967,-1.71191437878804e-05,8.43188385601934e-06,5.86857818287712e-05,-0.00152141645437975,-0.00551467324609067,-0.00573158421344466,1.63949465203928e-06,2.56992843032933e-05,3.07311851397429e-05,-4.27319714324526e-05,-7.52220531134995e-05,-3.13468242207904e-06,9.00043806488782e-05,-3.94228513034278e-06,-5.10611051236509e-05,2.46322522814424e-05,-0.00094389864358746,-0.00632566545347757,-4.41685010814652e-05,1.48205897207987e-05,-0.00178605788286124,-0.00159896145811,2.5249546020234e-05,0.000601974998783561,-0.00355330350959981,2.33753456129193e-05,-7.27380374332398e-06,-0.000143284624179785,6.98580913827129e-06,2.33753456129193e-05,0.00047800434321843,3.10131278453696e-05,-1.17892195010683e-05,6.55074786894971e-05,-3.94228513034278e-06,-5.55481765536214e-05,0.000601974998783561,-0.000130803299727589,-0.000995892839618762,2.27354625454979e-05,-0.00177100917488193,-2.47526972696477e-06,0.131904927267655,-3.01106211608726e-05,1.48205897207987e-05,0.000123965180538477,-8.44831442234906e-05,-0.00180205346181594,-7.39123564814648e-05,-2.6957897259372e-05,-3.5137490288939e-05,-0.00430831507260265,-8.13291309587072e-06,3.98706449278308e-06,7.43333380670563e-05,3.21421246596287e-06,4.0434221880048e-05,1.05363070046494e-05,-0.00133832700515946,-0.00138266449121005,-0.00465616362387067,3.98706449278308e-06,-3.10912649359452e-05,-4.16044141582361e-05,1.27179012840983e-05,2.33753456129193e-05,1.41281955743366e-05,7.43333380670563e-05,-0.000192198928693266
"12:32752195:G:A",-0.000583541868394377,-3.01106211608726e-05,-0.00631375150161606,-0.000543632833338137,-3.01106211608726e-05,-0.00563232272185221,-0.0028918682210719,-0.000524945919889497,-0.000232512910122828,-0.00303745466162297,-0.00384605679951555,-0.000511321589029556,-0.00606836553804069,6.86016358910635e-05,-3.01106211608726e-05,-4.93682861186784e-05,1.31536987799663e-05,-0.000553776888203572,-0.0005807178981172,-0.00382323973575538,6.44395097708639e-05,-0.0031803642614685,6.84769474279534e-06,-0.000147271014513173,-0.005889600946694,-0.000553776888203572,-0.000483442066951056,-0.00255040876734558,-0.000183993309639696,-0.000830372383323841,0.000136291770664876,-5.22577287362935e-05,-0.010917853371577,-0.000119313466621307,0,0.000364238865202537,-0.00035294652641138,0.000226772640369965,-0.000443552117992851,-0.00208696307473311,-0.000378019610272951,0.00050117103422842,-3.01106211608726e-05,0,-0.00498498467087938,-0.000865479754093457,7.06453039134303e-05,6.65331888098919e-05,-0.00221814170305734,-0.00040260454296881,-0.000108473555310518,-0.00457388800010783,-0.00157583665092442,-0.00507754004008287,4.10502918004596e-05,0.000212165519068108,-0.000188501032836186,-0.00663027875032096,0.000198891989697358,-0.0057307121026593,-3.54461511440363e-05,0.000340093669085384,-9.5670012981941e-05,6.44395097708639e-05,-4.36963567382875e-05,-0.000295712265926618,-0.000446085327852508,-0.00625302162123731,-9.94031986323307e-06,-0.00115001010984894,0.000171248825949988,0.000174070245068769,-0.000892488629632204,-0.00486777156891982,-0.000251698415570267,0.000141293607760495,-0.00144005875737108,-9.94031986323307e-06,1.31536987799663e-05,-0.0121495539183396,-9.25672100295927e-05,-0.000334393194164839,-5.22577287362935e-05,2.48945964180791e-05,0.000174070245068769,0.000255084490791369,-0.00097622111951523,-0.00178489991189323,3.232658328578e-06,7.36696650012192e-05,9.00685091869136e-05,-0.000128940737966765,-0.000199533442301281,-9.94031986323307e-06,0.000266498233235879,-1.25011515796913e-05,-0.000154956450845845,7.26646350033278e-05,-0.00509877997309438,-0.00192906233941859,-0.00013169566175808,4.32725699948122e-05,-0.00460991677025291,-0.0011190817285085,7.46600608492187e-05,-3.01106211608726e-05,0.000193783767667099,6.86016358910635e-05,-2.30644980918626e-05,-9.93468684571397e-05,-0.00350024482111699,6.86016358910635e-05,0.00060620493245267,8.82370446371183e-05,-3.54461511440363e-05,0.000193783767667099,-1.25011515796913e-05,-0.000392218629745145,-3.01106211608726e-05,-0.000387223921337387,-6.96807911948483e-05,6.65331888098919e-05,-0.00517335353462745,-9.88859704698086e-06,-3.01106211608726e-05,0.15373546338822,4.32725699948122e-05,0.000366003142879379,-0.000250098117760444,-4.91064531615848e-06,-0.000110434914195601,-8.32836325610486e-05,-0.000105212344503336,-0.000926034418288424,-2.57883528016478e-05,1.07190837406179e-05,0.000220340517423701,8.25441374896485e-06,0.000119230186765407,2.95221756481112e-05,-0.00247582212249853,-0.00437849782447941,-0.000939223910664921,1.07190837406179e-05,-9.25672100295927e-05,-0.00012541822183465,3.65239225184055e-05,6.86016358910635e-05,4.10502918004596e-05,0.000220340517423701,-0.000422675013012075
"12:32754367:G:T",-0.00517367518339551,1.48205897207987e-05,-0.00771173115526125,-0.00507377412881826,1.48205897207987e-05,8.50538307739512e-05,-0.00123378619108117,3.20880103990007e-05,4.45399261010948e-05,-0.0010164045754566,-0.00257894561858496,-0.00491463476751353,0.000105955491671139,-3.65765168774956e-05,1.48205897207987e-05,2.29542955212381e-05,-7.76990024853319e-06,-0.00539956407258035,2.84777748458254e-05,-0.00149724148377395,-3.4769546203961e-05,-0.00105853192270722,-7.47791098021366e-06,-0.00161505460881983,-0.00198253915889968,-0.00539956407258035,-0.00131348270351506,-0.00139903087290172,-0.00174987607140142,-0.00320708244846646,-7.50620637113286e-05,-0.00175813514057577,-0.00869113566460644,-0.00321745928770678,0,-0.00360023954309696,0.000154218451168475,-0.00287766952268065,2.84777748458254e-05,-0.00461280872124537,-0.00195201683138979,2.96689158689745e-05,1.48205897207987e-05,0,-0.006293846841392,0.000101814409275036,-3.74655423343029e-05,-3.56779031864818e-05,5.44998188916068e-05,-0.00140592756210989,5.10750870095222e-05,-0.00023376334546743,3.33163392731706e-05,-0.000161443750611667,-2.21160985738322e-05,-0.00182962692281396,-0.000883393099079477,-0.000301338553724051,-0.00010948509607811,0.000157949560583681,1.70845784310814e-05,-0.000927797012484355,4.58202421169673e-05,-0.00395246820563422,2.05695227446512e-05,-0.000119143645502362,4.71137141913047e-05,-0.000190991430104148,-0.00316906008143558,-0.00121108300032624,-9.3726206676692e-05,-9.49226281781179e-05,-0.00164958448414332,3.58115270779891e-05,0.000338574097797917,-7.72039117062917e-05,0.000119029523913738,-0.00316906008143558,-7.76990024853319e-06,-0.000304846662425362,4.45399261010948e-05,-0.0001081935400844,-0.00175813514057577,-1.28347736954026e-05,-9.49226281781179e-05,-0.000411876413116019,-0.000674423033325766,-1.46480455454068e-05,-3.52039672613103e-06,0.000289030166031878,-4.86523558240748e-05,5.93813461096104e-05,0.000102567644346685,4.26139990938879e-06,-0.000152484171633382,-0.00312277374704095,-0.00180729895897436,-3.83451313625827e-05,9.74669714404186e-05,3.18451620469062e-05,6.21560098528207e-05,-0.00275835520624579,-0.00195364628909545,-0.00140571974390991,-3.92154326034344e-05,1.48205897207987e-05,-0.000480343697578434,-3.65765168774956e-05,-0.00160926039729414,0.000181415821312925,-1.08405650447452e-05,-3.65765168774956e-05,0.000149918305060837,-5.1029049386031e-05,1.70845784310814e-05,-0.000480343697578434,5.35469331097715e-06,7.7208777666371e-05,1.48205897207987e-05,-0.00252301273966804,-0.00258239171693919,-3.56779031864818e-05,-0.00275001818331333,2.05756113480504e-06,1.48205897207987e-05,4.32725699948122e-05,0.142345534849261,-0.00022175601034391,0.00011415418198979,2.10868806149733e-06,0.000101015309113883,3.70274946668303e-05,4.97409306055019e-05,-0.00150227132620628,-0.00160012400544041,-6.72451358596504e-06,-0.000301815094172042,-5.66792108003256e-06,-6.43295265687627e-05,-1.71458392408397e-05,-0.00978741447199472,1.69528307996103e-05,-0.00145121648627899,-6.72451358596504e-06,4.45399261010948e-05,5.79599709418233e-05,-2.0160145389525e-05,-3.65765168774956e-05,-2.21160985738322e-05,-0.000301815094172042,0.000230323071104266
"12:32755259:G:A",-0.0045783294036017,0.000123965180538477,-7.80860511895298e-05,-0.0045260931357598,0.000123965180538477,-0.00111952397379245,0.000132969192384813,-0.00199998404707991,-0.000207646477423218,-0.000584255152313418,-0.00153294098722156,-0.00435140256438427,-0.000925672891431528,-0.000981450961321961,0.000123965180538477,-0.000221809372468407,-0.000272421344144291,-0.00876365652178102,-0.00549451430165782,1.55363692959654e-05,-0.000669277581703653,-0.000450456202437444,-0.00277114457499206,-0.00364396991081684,-0.00178213955724305,-0.00876365652178102,-0.000120959143472099,0.000533109850688884,-0.0046571491800087,-0.000931610084797363,-0.000264704295235063,-0.000160890901255151,-0.00239706943685114,-0.00250385889359528,0,0.000827481993948886,-0.0042053179893875,-0.00167883496517351,0.000242024739804059,-0.00154419077747736,-0.00321078883707937,0.000248324500277342,0.000123965180538477,0,-0.00807120706191444,-0.000927017164050525,-0.000346651360092487,-0.00235580529826951,-9.23776214376559e-05,-1.94673165889725e-05,0.000409431444253094,-9.05220261122608e-05,-0.0008084819192824,-0.00422590103103815,-0.00117564811206705,-0.00279920684646839,-0.00676771417265787,-0.00816179498421521,-0.00098825048613449,-0.000145712926514108,-0.00234018856909657,-0.000987830660938549,-3.59932042641731e-05,-0.00118450707996764,-1.75132841802039e-05,-0.00274360563619158,0.000387343842803922,-0.0033647614686485,-0.00373150919769749,-0.00424980885051607,-0.000828738601972745,-0.000856067343926625,-0.00113906123225593,-0.00161404121965258,0.00163530740557505,-0.00129400289782389,-0.001715871573154,-0.00373150919769749,-0.000313943244817594,-0.00299739305240809,0.00037303606825656,-0.00261507089279878,-0.000174254939242502,-0.000115163800477269,-0.000856067343926625,-0.00120120271357038,-0.00288599795400479,-0.000242494486072165,-0.00459002289785282,-0.00531112932878663,-0.000463619554841976,8.42313960145447e-05,-0.00203947825392969,-0.000130860117837805,-0.00380999918897107,2.50339022240809e-05,-0.00381414171475125,-0.000349574117294971,-0.00559796703146276,-0.000394257283499844,0.000513856275728308,-0.00022175601034391,-0.000106373280378769,-0.00049400725557458,0.000224104014151294,0.000123965180538477,-0.000992561157062255,-0.000981450961321961,-0.000872318495654056,7.29131117642723e-05,-0.000106606034616874,-0.00455260767092014,0.00140588413048981,-0.000299939704738961,0.000135292093768946,-0.000992561157062255,-0.000233925898849741,-0.00073666783991122,0.000123965180538477,-0.00151278438813396,-0.00182241109554759,-0.000340707268539298,0.000667248856510039,-0.000178032206408218,0.000123965180538477,0.000366003142879379,-0.00022175601034391,0.231120550399898,-0.000642318924352736,9.84416599525417e-06,-0.000880314403362448,-8.01521925808402e-05,-0.00218296220914294,-0.000763409691643346,-0.000816839080726162,-0.006610187328004,-0.00112893105379452,-8.43416862768009e-05,-0.000936323602425126,-0.000579901798819726,-0.00390817334960136,-0.000232579840250935,-0.00351674726936047,-0.006610187328004,-0.000207646477423218,-0.0014647006881825,-0.00719831588592257,-0.00455260767092014,-0.00117564811206705,-0.00112893105379452,-0.000822384778166985
"12:32760377:A:G",0.000821580413163936,-8.44831442234906e-05,3.65951589431646e-05,0.000641628658301308,-8.44831442234906e-05,-0.00263709079223107,0.000314180460168068,-0.00018946277387677,-0.000259796070612772,0.000289192499116631,0.000175749215281407,0.0003512614662462,-0.00270263814292848,0.000183196059664326,-8.44831442234906e-05,-0.000146269104681629,-0.00042388241145197,0.000101283843031652,-0.000162024628216351,-0.00195511003577309,0.000169323161498092,-0.000627007017822478,-0.00333364339311615,-0.00287324247226195,-0.00240117057014944,0.000101283843031652,-0.00191560491944376,0.000510342192378666,-0.00350326747558505,-0.00127211107872238,0.000361523462361291,-0.00935549881732189,-0.0012127528780308,-0.000728924422801924,0,-0.00242509070316022,0.00330359784341727,-0.000567905287386594,-0.000162024628216351,-0.00427174017875842,0.000211595802475095,-0.000171057071464809,-8.44831442234906e-05,0,-0.00138355666184786,0.00118780164299537,0.000190004556662515,0.000176302791722094,-0.0003950734431859,-0.00169551289931924,-0.00066598192673073,0.000502723274223627,-0.000581590607314553,-0.00744616543964494,0.000106832595291095,-0.0014315066092685,-0.000917747159800975,-0.00134456829588059,0.000542173590299733,-0.00598250454572735,-0.000101587837338712,-0.000964225742433378,-0.00541081498392426,0.000169323161498092,-0.00416318700489882,-0.00190460073809273,-0.000936751094159582,-0.00158927171853307,-3.21150052737806e-05,7.14657624456549e-06,-0.00215096128244952,0.000474440047612212,-0.000898733182418177,-0.000217956070141412,0.00327015365999905,-0.00280316108154555,-0.000652556026062179,-3.21150052737806e-05,2.95125226754678e-05,-0.000940040140029463,-0.000259796070612772,-0.00191554129061977,-0.00438476100323193,6.77936416231262e-05,0.000474440047612212,-0.000381518472484466,-0.0142775853171253,-0.0115538179261492,-2.88161718042801e-06,0.000183745753114195,0.000239221627414743,-0.00437307613932791,-0.000457397389536318,-3.21150052737806e-05,-0.0023502724076323,-4.03948848086699e-05,-0.00153716621861566,0.000196729835232112,-0.00138414609378934,-0.00323163670742765,-0.000371967453189015,0.00011415418198979,0.00205712521303969,0.000713113915201902,0.000203373410245788,-8.44831442234906e-05,-0.0022955855924085,0.000183196059664326,-0.00414033199561281,0.00628193168454949,5.27634055256243e-05,0.000183196059664326,-0.000176603971533851,0.000214725228449453,-0.000101587837338712,-0.0022955855924085,-0.00417469056075515,-0.000550171311171077,-8.44831442234906e-05,-0.0010321785469003,-0.000581590607314553,-0.00172981744952594,-0.000402532009568191,-4.57908605486779e-05,-8.44831442234906e-05,-0.000250098117760444,0.00011415418198979,-0.000642318924352736,0.136412408420879,-1.58602953472808e-05,-0.000360226754055226,-0.000932045761486755,-0.0002998383354198,0.000221348363201201,-0.0041416892898356,2.15669879608527e-05,-0.00202748194195124,1.35207440434826e-05,0.000321260263454803,6.8814082092139e-05,-0.00220598558775187,-0.000906077017592821,0.00024836178197063,2.15669879608527e-05,-0.000259796070612772,-0.000731049737675349,9.19126316940577e-05,0.000183196059664326,0.000106832595291095,-0.00202748194195124,0.00419226983092624
"12:32760529:C:T",-4.57631421140192e-05,-0.00894022137230266,-9.82933241377992e-06,-4.16207012952086e-05,-0.00894022137230266,-0.00210507771221646,5.773076879656e-06,-3.54367719257453e-06,-5.0809618699077e-06,9.20910977875167e-06,-0.00240527392576073,-3.83255330973498e-05,-0.00209342520833555,3.21571201933324e-06,-0.00894022137230266,-2.50717378147414e-06,7.15449544053115e-07,-4.28132546037574e-05,-3.0918953148884e-06,-4.71985258432284e-06,3.06056601839799e-06,9.77360776843739e-06,5.83997945113879e-07,-0.0026824613857066,-0.00211716510399818,-4.28132546037574e-05,7.73496567951781e-06,8.67379504843058e-06,-0.0028359167889791,-0.00250920125794885,5.82159960416107e-06,-2.65394565790444e-06,-7.78429646288714e-05,-5.61048221836558e-06,0,-0.00288210669043654,-2.40514036393691e-05,8.52534473416711e-06,-3.0918953148884e-06,-1.08369860294388e-05,-0.00923471393343434,-3.23991338024854e-06,-1.5485391680059e-06,0,-0.00175719197994351,-7.79777713599827e-05,3.29129625331603e-06,3.13881217905987e-06,-0.0026875050075903,-0.00371634370488838,-5.9784751877956e-06,-0.00324280719297931,-3.6995431136333e-06,-0.00228002420096995,2.01919550146812e-06,-0.00296486644104821,-0.0039970210537259,-0.00197371747773989,7.60244058550796e-06,-0.00153212526489455,-1.81071460403359e-06,9.78505346882486e-06,-5.25424589614687e-06,3.06056601839799e-06,-2.2212841690461e-06,-0.00388832665487637,-5.43056676338693e-06,-0.00397460061311161,-0.00248540515065798,4.98171321972052e-06,6.86500511992705e-06,6.93273101681768e-06,-3.75875492686362e-06,-4.0195567185819e-06,-0.00175240673641053,5.96196455848741e-06,-1.67971994446958e-05,-0.00248540515065798,7.15449544053115e-07,-0.00377462648057669,-5.0809618699077e-06,-0.00385497056484141,-2.65394565790444e-06,1.22150336778759e-06,6.93273101681768e-06,-1.22994873308357e-06,-0.0080215671083117,-0.00889324691226445,2.77816030624933e-07,3.53622651605434e-06,4.11131189803626e-06,-7.16662910971166e-06,-1.38087327279379e-05,-4.56918383129334e-07,9.02555888959711e-06,-5.76120484652165e-07,-0.00287838427959031,3.36559472913223e-06,-0.00184015507933299,-0.0100465101174949,-7.47886980256851e-06,2.10868806149733e-06,-0.00326228670061468,-6.97274136332027e-05,3.43863645113629e-06,-0.00180205346181594,-0.00456602043495469,3.21571201933324e-06,-1.07424184125904e-06,-3.04097214485211e-05,1.02425782966264e-06,3.21571201933324e-06,-0.00169577719539404,4.19070729673621e-06,-1.81071460403359e-06,7.49599707017268e-06,-5.76120484652165e-07,-9.69647521831263e-06,-0.00180205346181594,-0.00370850275054391,-0.00193096544602511,3.13881217905987e-06,-9.97289674584678e-05,-3.14952345981112e-07,-0.00180205346181594,-4.91064531615848e-06,2.10868806149733e-06,9.84416599525417e-06,-1.58602953472808e-05,0.173478411719417,-1.35306892143916e-05,-4.27759318366583e-06,-5.79260678978955e-06,-0.00674041180848484,-1.20435531059115e-06,6.08901212117985e-07,8.12915251913182e-06,5.00475974440917e-07,5.18852672204417e-06,1.54754776371391e-06,-0.00235846009376672,-0.00232701691363513,-0.00711735613577869,6.08901212117985e-07,-5.0809618699077e-06,-6.95949290019371e-06,1.83548645527054e-06,3.21571201933324e-06,2.01919550146812e-06,8.12915251913182e-06,-4.43767881286306e-05
"12:32761791:G:A",-0.00313562807118917,-7.39123564814648e-05,3.51199827033355e-05,-0.00300537518836741,-7.39123564814648e-05,-0.000220022738316228,-0.000643474974793001,-0.000561516395767292,-0.000227384797016228,-0.00706055037122866,-0.00353609063295224,-0.00287447491507375,-0.000252109942610268,0.000161692263343838,-7.39123564814648e-05,-0.000126717966803191,-0.00364571926491575,-0.000544213684366746,-0.000141952766317566,9.33139836138963e-05,-0.00161522893568655,-0.00676882673850798,-0.000592154343058482,0.00078456478477662,-0.0039897969304854,-0.000544213684366746,-0.00133457341302545,-0.00348836102537042,-0.000751127766942972,-0.000652615898800946,-0.00378129693509699,-0.000866565541230102,0.000229053500458321,-0.00494935490595516,0,-0.000659525708976538,-0.00163927710859113,-0.00438393027919126,-0.000141952766317566,-0.00115328260500824,-0.00168720231718211,-0.000149685092471152,-7.39123564814648e-05,0,-0.00137555342115903,-0.00207607913663388,0.000167463306707916,-0.0018281585872435,-0.000518430621018418,-0.00609756698229802,-0.000270578591118564,-0.00151447484144995,0.000623739245844135,-0.00409763879829406,9.47946696241431e-05,-0.00214018607730537,-0.00379894556417337,-0.00219067562331876,0.000476143420380382,-0.00109019507459873,-8.85308418006048e-05,-0.00115016824459335,-0.000235804901445036,0.000149933366756727,-0.000111152929425096,-0.00364284775412838,-0.00499652785852778,-0.00282810627062258,-2.73978884219872e-05,-0.00440239435011147,-0.00200182780621194,0.000416749756379176,-0.00019318651952549,-0.00018983410236828,0.00105080600390917,0.0003340472898401,-0.00577899138154958,-2.73978884219872e-05,2.70303213198986e-05,-0.00237552123091955,-0.000304952947124626,-0.00360298719851571,-0.000134651186408874,5.96249632858203e-05,0.000416749756379176,-0.000361245937080312,-0.00355763406737708,0.000518619232416917,-5.51662676429032e-07,0.000164443202761433,-0.000654023266799975,-0.00450997079512128,-0.0058671820372691,-2.73978884219872e-05,0.000631264251055086,-3.44616192222702e-05,-0.0016464247428587,0.00017316384363486,-0.000898534068862311,-0.000177255970199575,-0.000538489698631572,0.000101015309113883,-0.00287471709714637,-0.000555521393455383,0.000178795156708489,-7.39123564814648e-05,0.000460604479298965,-0.00290514292590505,-6.36229724015891e-05,-0.000642652778306996,-0.0019617549177644,0.000161692263343838,-4.64141550828856e-05,-0.000432467385035551,-8.85308418006048e-05,0.000460604479298965,-3.44616192222702e-05,-0.000907961698525028,-7.39123564814648e-05,-0.00094481212322961,-0.000173469507175561,0.000155849399113173,-0.00122503587790845,-3.70864406624705e-05,-7.39123564814648e-05,-0.000110434914195601,0.000101015309113883,-0.000880314403362448,-0.000360226754055226,-1.35306892143916e-05,0.154032165077736,7.92494400236876e-06,-0.000261716957846936,-0.00186486448036582,-7.11486803979255e-05,-0.0036730622629344,0.000525013317233203,-0.00111896139048362,0.000282950881117294,-0.00266060916352906,0.000412610981664674,-0.000110283467084749,0.000237833164462131,-0.0036730622629344,0.0016380166273553,-0.000762682512230661,8.21182879739979e-05,0.000161692263343838,9.47946696241431e-05,0.000525013317233203,0.00523204917393638
"12:32762242:A:G",-0.000267391788789872,-2.6957897259372e-05,1.75840033369568e-05,-0.000219850576837821,-2.6957897259372e-05,-0.000317895190355078,-0.000607274309992967,-6.11854249905619e-05,-8.6297825339976e-05,-0.00378320789568409,-0.00468929159594911,-0.000181239293185698,-0.000314471418584983,5.75943288874115e-05,-2.6957897259372e-05,-0.00023684976864935,-0.00218386989618757,-0.000271978786939187,-0.000805369855816807,-4.13967556909256e-05,-0.00264516402775339,-0.00553119831057192,-0.000421612256864101,-0.00102737516980866,-0.000213926860531455,-0.000271978786939187,-0.00112840063205777,-0.000168734611768695,-0.0057897892226384,-0.000401834348784824,-0.00307093480274911,-4.73738520119227e-05,-0.0015913386390265,-0.00499280709270611,0,-0.000953177855488097,-9.07637047387055e-05,-0.00279198812773185,-0.000805369855816807,-0.00414126082345412,-0.00791864798551334,-0.0011251975501807,-2.6957897259372e-05,0,-0.0003452307557259,8.11091988861534e-05,5.91768441875473e-05,-0.00151145047358447,-0.000602453708726358,-0.00151057049116377,-0.000102139590122619,-0.00304659866199808,-0.00145674376810323,-0.00453587589620952,-0.000104000609017163,7.09934858393879e-05,-0.00019115174453388,-0.0129487896193177,-0.000311101945031922,-0.000196059529140591,-3.18155554346333e-05,-0.000782669291023552,-8.93618182296052e-05,5.43529873233695e-05,7.96861240335289e-05,-0.00267563485104994,-9.24767745376087e-05,-0.00523112340416798,-8.69318257734619e-06,7.87043746282023e-05,0.000132536882763823,-5.98176850816756e-05,-6.25600275752092e-05,-0.00154376407706458,-0.0101157392613329,0.00011223150884021,-0.000270649149365809,-8.69318257734619e-06,1.16142797326191e-05,-0.00446614142370949,-0.000508091265532862,-0.00283229114039507,-4.73738520119227e-05,2.15133570948822e-05,-5.98176850816756e-05,-0.00414856014868903,-0.00492144799673166,-0.00547743845281756,-5.87896749948413e-07,-0.00178499658427977,-0.00327197945463542,-1.06352954087896e-06,-0.000224588693020777,-8.69318257734619e-06,0.000189799158135884,-1.09547034927715e-05,-0.00307868778088594,6.07346751424487e-05,-0.00620013006515308,-0.00205508474321681,-0.000322189720650456,3.70274946668303e-05,-0.000354264246666069,-0.00196619009829124,6.22683661779533e-05,-2.6957897259372e-05,0.00014725163193674,5.75943288874115e-05,-2.03786774752857e-05,-0.00166276201355142,1.76477137259212e-05,5.75943288874115e-05,-0.00354447666650026,-0.0105901058659663,-3.18155554346333e-05,0.00014725163193674,-1.09547034927715e-05,5.62574847577935e-05,-2.6957897259372e-05,-0.00737793152442556,-0.00145674376810323,-0.00151145047358447,-0.00123887122142197,-8.37148101950902e-06,-2.6957897259372e-05,-8.32836325610486e-05,3.70274946668303e-05,-8.01521925808402e-05,-0.000932045761486755,-4.27759318366583e-06,7.92494400236876e-06,0.200317722166703,-0.00142661262812283,-0.0012210840946949,-2.28336256080652e-05,-0.000273959887135078,0.000163505372061223,-0.000276065284213978,9.62919276901175e-05,-0.00212474524204342,-0.00385551415166985,-0.0038034908240423,-0.00234894933531926,-0.000273959887135078,-0.000508091265532862,-0.00477227408558711,-0.0023117207987795,5.75943288874115e-05,-0.00172783203573346,0.000163505372061223,7.54637829203375e-06
"12:32765281:C:T",-0.000727865440894426,-3.5137490288939e-05,2.22122754562903e-05,-0.000675483437744262,-3.5137490288939e-05,-0.00482919160442963,-0.00026066465018193,-7.83540189566168e-05,-0.000108910693413122,-0.00461862183490247,-0.00551200044467315,-0.000633496381528431,-0.00481149294153349,7.86736910578512e-05,-3.5137490288939e-05,-0.00308447678593105,1.49822117956333e-05,-0.000688106952738465,-6.80288588466027e-05,-0.00528851608224024,7.38490121836577e-05,-0.00441859429653846,-0.00058412466780311,-0.00148229652985421,-6.40348271452318e-05,-0.000688106952738465,-0.00245453488525893,-0.00059432688969796,-0.00138385679648856,-0.000649984449278662,0.000154821709482,-6.1546410752733e-05,0.000114542382404714,-0.00327694349802421,0,-0.00114000232631994,-0.000428795089161049,-0.00349476641608426,-6.80288588466027e-05,-0.00495915741092556,-0.00245360160582564,-7.14257514982108e-05,-0.000944453486271257,0,-0.000377230037220677,-0.00264680519114657,-0.001738490138953,7.62769302031785e-05,2.88971036521701e-06,0.000207511338742528,-0.00597624917004413,-0.00340378382839734,-8.18871617518369e-05,-0.00166039827428044,-0.00221742039343287,-0.00260237496654803,-0.000233391829112861,-0.00227358948390144,-0.000528213767496233,-0.000762536197616015,-4.14821646712582e-05,-0.00466000539930178,-0.000112658220857931,-0.00214485151881583,-0.00132176942682793,-0.00147446159218223,-0.000116455903315327,-0.00259755677514306,-1.17357144979735e-05,-0.000168680098464158,0.000193845224242928,-0.000563283651177748,-0.00694042618176383,-8.90960605701707e-05,-0.00134212719951599,0.000160506914490099,-0.0008509825928531,-1.17357144979735e-05,-0.00259871925217325,-0.00283098818193039,-0.000108910693413122,-0.00272633724553462,-6.1546410752733e-05,2.87601328707865e-05,-0.000563283651177748,-0.00127046240847672,-0.000452645233624427,-0.000413062567043987,-0.000243240025383784,8.40061977172013e-05,0.000102958758144034,-0.00128294785142469,-0.000747680813479867,-1.17357144979735e-05,0.000297365500174784,-0.00291785436006542,-0.000295401110331106,-0.0063715767670578,0.000177948505368342,0.000128691135359738,-0.00093842181803705,4.97409306055019e-05,-0.00337330362589761,-0.00119545728896986,8.56828786828245e-05,-3.5137490288939e-05,0.000218597944367183,7.86736910578512e-05,-2.72913438026379e-05,-0.000516157807184392,2.33547940151624e-05,7.86736910578512e-05,-0.00142188186902104,-0.00170593529242957,-0.00122249207348801,0.000218597944367183,-1.47655349689302e-05,-0.00019655280059272,-3.5137490288939e-05,-0.00103384777385873,-8.18871617518369e-05,7.62769302031785e-05,-0.00160177270515227,-1.22237252702107e-05,-3.5137490288939e-05,-0.000105212344503336,4.97409306055019e-05,-0.00218296220914294,-0.0002998383354198,-5.79260678978955e-06,-0.000261716957846936,-0.00142661262812283,0.149423347665803,-4.4511581628548e-05,-3.05285086188434e-05,1.21180397192333e-05,0.000247634565031518,9.21601027936703e-06,0.000135896063783392,3.3665243858394e-05,-8.7976911344434e-05,-0.00147355337973387,5.54562713919182e-05,1.21180397192333e-05,-0.000108910693413122,-0.00241122516248371,4.18611143828684e-05,7.86736910578512e-05,4.71483146062823e-05,0.000247634565031518,-0.000702431651227187
"12:32766526:C:T",-0.0052125521331412,-0.00528255942457356,-0.00222285362047092,-0.00505582432123486,-0.00528255942457356,-0.00459358310751545,-0.00508629610825739,-0.00283471118964673,-0.000210329131182796,-0.00200188931154077,-0.00511187732306961,-0.00481682976893794,-0.00445526862441881,-0.000493044356412398,-0.00528255942457356,-0.00471274676991928,-0.00186598527639514,-0.00684211630877218,-0.000870363838816779,-0.0105264618598011,-0.00186611142018833,-0.00136427195425748,-0.000149780157657098,-0.0012258892917929,-0.000277062383596149,-0.00684211630877218,-0.010586089840579,-0.0061563715895363,-0.00255450838450333,-0.00460504514112259,-0.000199562788196772,-0.00469120559040004,-0.00645378968911103,-0.00411843530698119,0,-0.00313708968042059,-0.00395753711506064,-0.00183592061713567,-0.000870363838816779,-0.00234616436414736,-0.00307352874233402,-0.00283746512325411,-0.00430595846983373,0,-0.0142045896150078,-0.00580191158725585,-0.00238026749646458,-0.000110803414817617,-0.00878630731000385,-0.00160256250533264,-0.000262528303749399,-0.00705600451663368,-0.00150666182511916,-0.00533560186068494,-0.00743084562812513,-0.00417522638063339,-0.00740555206652349,-0.00339667229770146,-0.000230326624149235,-0.000789466350733292,-0.000218941231986847,-0.00659077416478837,-0.00311458224697958,-0.000240596733752874,-0.000968688343842672,0.000234812134433771,4.85108223839958e-05,-0.00466273607407208,-0.0048040442459456,-0.0046818327548892,-0.000773552493802399,-0.000210011665757293,-0.00159345692716339,-0.00111753474224141,-0.000881738790150077,-0.000152527457797369,-0.00423180934673706,-0.0048040442459456,-1.18690137593802e-05,-0.00648205920863232,-0.00110318379643193,0.000236239187038301,-0.00469120559040004,-1.96363914284348e-05,-0.000210011665757293,-0.00520735520270188,-0.00930860013792945,-0.00911505481316954,-0.00217792207431344,-0.000804630128466322,-0.00456897155145342,-2.41545151320466e-05,-0.00203362340318236,-0.00140450893252098,-0.000462576879851184,9.63305662082803e-06,-0.000664774091696962,-0.000759423251911251,-0.00158249262614518,-0.00809193442773459,-0.00383976234073646,-0.00150227132620628,-0.0147460917261202,-0.00640184212974759,-9.39977248943791e-05,-0.00430831507260265,-0.000822744400037934,-0.00350238206424169,-0.00206376400045194,-0.00125700578891319,-1.65432884280392e-05,-0.000390521932918553,-0.00531557063667831,-0.00102861774794238,-5.57430082341881e-05,-0.00508243801685282,-0.0021392102791431,-0.00256206878286758,-0.00430831507260265,0.000150607185243956,-0.000906339466514083,-0.00231021088475725,-0.00499107374426799,-0.000445975310931601,-0.00430831507260265,-0.000926034418288424,-0.00150227132620628,-0.000763409691643346,0.000221348363201201,-0.00674041180848484,-0.00186486448036582,-0.0012210840946949,-4.4511581628548e-05,0.438894462957949,-0.00432718583595193,-2.8167956529046e-05,-0.000876412691965811,-0.00343164505562665,-0.00440159622405822,-0.000158724152298007,-0.00331568871769328,-0.000374331237317449,-0.000354365773399756,-2.8167956529046e-05,-0.00111161679226424,-0.00263010434604727,-0.000722332914354418,-0.000390521932918553,-0.00554902101096655,-0.000876412691965811,-0.00129674512462241
"12:32769165:G:A",-0.00604373779116152,-8.13291309587072e-06,-0.00460873626817104,-0.00617806157756906,-8.13291309587072e-06,-0.00361741142029759,-0.00369448451052001,-0.000154193188587115,-2.67029232361438e-05,-0.0133453961763275,-0.00375764864057526,-0.00483609244361372,-0.00356446318864467,-0.00314936002323396,-8.13291309587072e-06,-0.00242350537699654,-0.00231762790683643,-0.00560345218331815,-1.6227227409793e-05,-0.00451396161092532,1.59623615481053e-05,-0.0128036986010427,-0.00201430942192982,-0.00232641662960376,-0.00445499560627027,-0.00560345218331815,-0.00375454501763173,-0.00196916981001927,-0.00249102338690754,-0.000492961114046508,-0.00312730344755341,-0.000135170356694303,-0.00552862597098169,-0.00137678959786047,0,-0.00456141646079367,-0.00670184399432205,-0.0105044183891865,-1.6227227409793e-05,-0.00431365812472873,-0.00285540187680589,-1.70215453838551e-05,-8.13291309587072e-06,0,-0.000214887915142903,-0.00174168058525703,1.72017876058916e-05,-0.00302636953159752,-3.00004072029125e-05,-0.00145446657396686,-3.1528779139478e-05,-0.00116938469112871,-1.94901843206807e-05,-0.000547311840604969,1.05171214981326e-05,-0.00162490013902516,2.03790253561209e-06,-0.00477324884637342,3.97955873632228e-05,-0.00122631441991139,-9.53982515916607e-06,-0.00626519874933162,-0.00160486813889893,1.59623615481053e-05,-0.00177313038011029,-0.00353564231083592,-2.85814542655416e-05,-0.00432349997409132,-2.45144442612144e-06,-0.000717135057739071,3.59235004738778e-05,3.6287215923636e-05,-2.00294773007315e-05,-0.00162330800727872,-0.000481718842040735,3.11732346922611e-05,-0.00111518175724701,-2.45144442612144e-06,3.67407901791239e-06,-0.00508362959404751,-2.67029232361438e-05,-0.0034564539455797,-0.00443772950494381,6.3902641498359e-06,3.6287215923636e-05,-0.010008033017705,-0.0025325525389146,-0.00137962552773008,1.32058991031414e-06,-0.00177534603174756,2.14699228804349e-05,-3.79335131288627e-05,-0.00104499860076857,-2.45144442612144e-06,-0.00329399872013525,-3.09164916867388e-06,-4.63888611541563e-05,1.76005598708784e-05,-8.63504677210969e-05,-0.00158146119091285,-0.0031651538141686,1.09977524953564e-05,-0.000472748201445938,-0.00346124555977489,1.79924237286855e-05,-8.13291309587072e-06,3.92235719184342e-05,1.67959435009024e-05,4.61191735521282e-05,-0.00439372333537413,5.33224939047727e-06,-0.0013747703922018,-0.000154114012584028,2.17500434676055e-05,-9.53982515916607e-06,3.92235719184342e-05,2.5033902224969e-05,-5.10514595664091e-05,-8.13291309587072e-06,-0.00119741605433354,-1.94901843206807e-05,1.63828592594228e-05,-0.00010379067454247,-1.8737414286818e-06,-8.13291309587072e-06,-2.57883528016478e-05,-0.00160012400544041,-0.000816839080726162,-0.0041416892898356,-1.20435531059115e-06,-7.11486803979255e-05,-2.28336256080652e-05,-3.05285086188434e-05,-0.00432718583595193,0.25469781056606,3.10147169280128e-06,4.25475406098386e-05,2.51852280008791e-06,2.71319102296275e-05,-1.85422981227035e-05,-0.00127470939714636,-0.00412350726754429,-0.00409327562176909,3.10147169280128e-06,-2.67029232361438e-05,-3.68156460774927e-05,9.52984933366707e-06,-0.0013747703922018,1.05171214981326e-05,4.25475406098386e-05,-0.00386316873550818
"12:32772290:C:T",-0.00614381129332298,3.98706449278308e-06,-3.51968355705168e-06,-0.00602749139595371,3.98706449278308e-06,-0.000856124110028222,-0.00267964124285758,8.24549596334379e-06,1.09988435017527e-05,1.07604747334733e-06,-0.00235408849640262,-0.00585508028667903,-0.000838097865186072,-1.1002487908307e-05,3.98706449278308e-06,6.11257052351988e-06,-0.00180875643016254,1.60680417131687e-05,7.36748835006296e-06,1.0177609173212e-05,-1.03841247405256e-05,-0.000576886116810726,-2.53417192466188e-05,2.57112980239782e-06,-0.0039939606241024,1.60680417131687e-05,-4.01214433116692e-05,-0.0086341708481088,-0.00917119713259407,-0.00553712464923439,-0.000279983583641119,6.42012174889572e-06,-1.74753887893786e-05,-0.00351220092906601,0,-0.00679547800795266,2.32607996943912e-05,-0.00280505213128901,7.36748835006296e-06,-0.00430221276050968,-0.0139604901181185,7.65952824099969e-06,3.98706449278308e-06,0,2.29491235312906e-05,-0.00134719064129918,-1.13083587693907e-05,-0.00133488687519545,-2.61716750946661e-05,-0.00864588195715221,1.23975781338714e-05,-0.000609177395730853,8.5393471334072e-06,-0.00209735162440516,-0.00152573260869104,-0.000720104307962544,-0.00103568875122484,1.31467385031669e-05,1.6381189574588e-05,-0.000223208979925893,4.58918955814624e-06,-7.9468692075757e-05,1.1278676173454e-05,-1.03841247405256e-05,5.50025320933401e-06,-0.00228587181779982,1.155852592305e-05,-0.00167816874463966,1.22360203391736e-06,-0.00234445507416936,-0.000575044588258855,1.43252314046549e-05,-0.000738664232151187,9.1285766519178e-06,-5.90526541310865e-05,-2.51733401315235e-05,2.19713509626018e-05,1.22360203391736e-06,-2.12905908547611e-06,-0.00189427460843561,-0.00344860595075236,-0.00238784884826071,6.42012174889572e-06,-3.67711621596101e-06,1.43252314046549e-05,-0.000182917176489994,-0.00415435826637101,-0.000611273659342437,-8.59287480281523e-07,-1.24701958341689e-05,-1.49875581829662e-05,-0.000506536070719044,2.04418738558587e-05,1.22360203391736e-06,-5.61482137309e-05,1.53309880968067e-06,-3.39365487453946e-05,-1.16120418667265e-05,1.99443581623271e-05,-0.00127436623663879,-0.00291937514066909,-6.72451358596504e-06,-0.00526921703592897,-0.00689657453670911,-1.19135520062486e-05,3.98706449278308e-06,-3.69423842698779e-05,-1.1002487908307e-05,2.78506739803674e-06,2.22222296715202e-05,-3.06313312758988e-06,-1.1002487908307e-05,-0.000152836325183259,7.04082916147541e-06,4.58918955814624e-06,-3.69423842698779e-05,1.53309880968067e-06,-0.0029527634244122,3.98706449278308e-06,-0.00307587292433098,8.5393471334072e-06,-1.06944146915922e-05,-0.00120108600963942,7.66507217697665e-07,3.98706449278308e-06,1.07190837406179e-05,-6.72451358596504e-06,-0.006610187328004,2.15669879608527e-05,6.08901212117985e-07,-0.0036730622629344,-0.000273959887135078,1.21180397192333e-05,-2.8167956529046e-05,3.10147169280128e-06,0.168063798656122,-4.3412084275829e-05,-1.49763637669054e-06,-2.05000418365131e-05,-4.82595785644691e-06,-0.00153870143551549,4.7029293259726e-06,-0.000630667687156361,2.32651052298749e-05,-0.00344860595075236,1.37902907120235e-05,-5.78432080278191e-06,-1.1002487908307e-05,-6.41312562876806e-06,-4.3412084275829e-05,-0.0034189359967165
"12:32774077:G:C",-0.00348625331602648,7.43333380670563e-05,-8.66237716348195e-05,-0.00335228839138857,7.43333380670563e-05,-0.000324874438908385,-0.0124834791072539,0.000159479039041344,0.000225676439403522,-0.0015135750604669,-0.000266504163836778,-0.00307553845785069,-0.000261150905051188,-0.00212178525673856,7.43333380670563e-05,-0.00467016180039703,-4.73181747873141e-05,-0.00405828190605551,0.00014467451692024,-0.00587928797161652,-0.00018550031226372,0.000584425090010221,-0.000644339483311995,0.000320027403237333,-0.00267938667912659,-0.00405828190605551,-0.00710719144848948,-0.00305939975277347,-0.000588329024191481,-4.39787797903435e-05,-0.000392593736554758,-0.000834609214081183,-0.000307153985491304,-0.001700720120688,0,-0.00202129120083949,-0.00326867789446084,0.000250367614738956,0.00014467451692024,-0.000988529021051399,-0.0018466045390948,0.000149554147822251,7.43333380670563e-05,0,-0.00229742261711063,-0.00419800775489421,-0.000359171826959326,-0.000188606143874281,-0.00156962581889708,-0.00798743475510744,-0.00132343360521414,-0.00552652702872525,0.000164526183374925,-0.00855977916836004,-0.000119525864697323,-0.00049080543227209,-0.00228425764319962,-0.000580844724607843,-0.000549528415975331,-0.000951145118411212,8.3350078670108e-05,0.00014842056877562,0.00023107276234402,-0.00018550031226372,-0.00242868572419663,-0.00148738348984168,0.000236530517194744,-0.00416254101020286,1.64420362969153e-05,-0.0019813581780177,-0.000475411873376075,-0.000478273664746176,-0.0013541494444187,-0.00104672695961572,-0.00543216820068526,-0.000398451610602812,0.000620313225983438,1.64420362969153e-05,-4.73181747873141e-05,-0.00410994995039182,0.000225676439403522,-0.00150179871641143,0.000111659428590372,-6.61980238332305e-05,-0.000478273664746176,-0.00316329745693,-0.00137978216746681,-0.00561960442141629,-0.00065076650996776,-0.00108617056807692,-0.00025571610828834,-0.00203419213932587,0.00053219875942645,1.64420362969153e-05,-0.000546970014454473,2.06693347308828e-05,-0.000704261832019881,-0.000197713625111895,0.000484272320347756,-0.00976185472370616,0.000314519190981244,-0.000301815094172042,-0.00702392605472024,-0.013326293004007,-0.000200681409062931,7.43333380670563e-05,0.0031718994758636,-0.000191676574232247,3.8070129522616e-05,-0.00182004339896391,-5.87732829027132e-05,-0.000191676574232247,-0.00193197386245725,-0.00029119873889627,8.3350078670108e-05,0.0031718994758636,2.06693347308828e-05,0.000393459926596229,7.43333380670563e-05,0.000887951786889829,-0.00123946452533108,-0.000188606143874281,-8.6341494137443e-05,-0.00503633511159407,7.43333380670563e-05,0.000220340517423701,-0.000301815094172042,-0.00112893105379452,-0.00202748194195124,8.12915251913182e-06,0.000525013317233203,0.000163505372061223,0.000247634565031518,-0.000876412691965811,4.25475406098386e-05,-4.3412084275829e-05,0.178235524616365,-3.94608664606722e-05,-0.000331300962627346,-0.000101676328373657,-0.00104610043433695,-0.000685284713592083,-0.000303857544087016,-4.3412084275829e-05,0.000225676439403522,-0.000944583494214335,-0.000112509667212102,-0.000191676574232247,-0.000119525864697323,0.00732601078736206,-0.000922838597086084
"12:32776639:G:T",-0.00135877845692978,3.21421246596287e-06,-2.92344569086112e-06,-0.0013947052218235,3.21421246596287e-06,-0.00022464286044821,-0.00342797884599921,6.47481704074693e-06,8.44982146830375e-06,-0.00422571136909866,-0.00788889613439991,-0.00144741152459016,-0.00022797655042206,-9.39881963457623e-06,3.21421246596287e-06,-0.0022289147631751,-1.76140565955052e-06,-0.00130497559174003,5.81894965989704e-06,-0.00437464431520773,-0.00307640388467956,-0.00435206576331471,-0.0018416780071302,-0.00209365628178926,-0.00595152556642375,-0.00130497559174003,-0.00221910380324264,-0.003380903243559,-0.00224365360627665,-0.00351434415888452,-2.14375466009997e-05,5.10728277358652e-06,-0.00146021941172325,-0.00191514058193842,0,-0.000222948981804194,-0.00139211277393603,-0.000138110676710212,5.81894965989704e-06,-0.00348625799411817,-5.08119252797812e-05,6.03825401057634e-06,3.21421246596287e-06,0,-1.2664937171003e-05,-0.000238919185620912,-9.66942585378661e-06,-9.12664691909981e-06,-0.0020081772206364,-0.000541213950675967,9.40320402786909e-06,-0.000316673248677013,6.69193568292314e-06,-0.00508064810954156,-0.00300398486706754,-0.00176299030276983,-5.47002861530643e-05,-0.00840087503209297,5.45526036432875e-06,-0.00133126062672595,3.68850979270974e-06,-0.000430728790631107,8.64377961917739e-06,-8.85290870833444e-06,4.39908741256545e-06,-2.25727899572092e-06,8.83619548819325e-06,-0.00366333274930142,1.00286335324995e-06,-0.00141838498732128,-2.81787502167674e-05,-2.86571279382031e-05,-0.00209837306396299,7.12347407549885e-06,-0.0100873328246163,-2.22300795336139e-05,1.3447151579804e-05,1.00286335324995e-06,-1.76140565955052e-06,-0.00173687644337672,-0.0013722701825607,-7.70441463870952e-06,5.10728277358652e-06,-3.06732684940414e-06,-2.86571279382031e-05,-0.00516517430984553,-0.00227021197625366,-0.00482274883969946,-7.01615461728977e-07,-1.06881479720045e-05,-0.00165907470452442,-0.0018569140596707,1.34497807469103e-05,1.00286335324995e-06,-5.18053736611179e-05,1.25468695788555e-06,-0.0022888391273348,-9.93846523655861e-06,-0.00364068065409384,-0.000901283607487535,-0.00150758206537649,-5.66792108003256e-06,-0.00179496920346622,-7.19142417464624e-05,-1.02059380893138e-05,3.21421246596287e-06,-3.32782212808524e-05,-9.39881963457623e-06,2.26527047697545e-06,-0.000911483852273243,-2.54763451312812e-06,-9.39881963457623e-06,-0.000914400191509124,-6.63986197331212e-05,3.68850979270974e-06,-3.32782212808524e-05,1.25468695788555e-06,-0.00145603281596696,3.21421246596287e-06,-0.0031053955027005,6.69193568292314e-06,-0.00134819433539324,-0.00092907708014156,6.38919960493922e-07,3.21421246596287e-06,8.25441374896485e-06,-5.66792108003256e-06,-8.43416862768009e-05,1.35207440434826e-05,5.00475974440917e-07,-0.00111896139048362,-0.000276065284213978,9.21601027936703e-06,-0.00343164505562665,2.51852280008791e-06,-1.49763637669054e-06,-3.94608664606722e-05,0.167485628183138,-1.7932573602053e-05,-4.03535237847308e-06,-0.00481205857552069,-0.00215918269744453,-0.0031244122973737,-1.49763637669054e-06,-0.0013722701825607,-0.00174383397507327,-4.85710285147434e-06,-9.39881963457623e-06,-0.00153963649188604,-3.94608664606722e-05,-0.0025177549904436
"12:32777035:T:A",0.000683089638707557,4.0434221880048e-05,-4.01713521407387e-05,0.000640478910127307,4.0434221880048e-05,-0.00390502812761273,-0.00267986084143779,8.74030730084741e-05,0.000122490115131768,-0.00178006006911158,-0.00108187057288944,0.000604461100669695,-0.00405770808585437,-0.000101074350635777,4.0434221880048e-05,6.08043497907218e-05,-2.3038723662161e-05,0.000655084526485439,7.82434420667499e-05,-0.000927742657157893,-0.0033614611193391,-0.00163322590380144,-0.000931449009061502,-0.000406943330536258,-0.000173736816678982,0.000655084526485439,-0.000804519929477721,-0.0006057585335002,-0.00069482448699798,-0.00240990094935434,-0.000206439940002134,6.38468856850594e-05,-0.000158036043909071,-0.000716079895386024,0,-0.00233805616784188,0.000437970523083919,-0.000537397583350696,7.82434420667499e-05,-0.00370061680555889,-0.00106811281010177,8.12632523077284e-05,4.0434221880048e-05,0,0.000377227220162091,-0.000841636413087876,-0.000103151079966501,-9.89741747838835e-05,-0.00103140035408433,-1.86336759426808e-05,0.000139342205190296,-0.000521263565467223,9.05241956070668e-05,-0.00375775099653719,-6.20356787965903e-05,-0.000493332790258094,-5.89297290218838e-05,-0.00733065647259146,-0.000294821632439657,-0.00165775772756582,4.60940729460901e-05,-0.000543153466824542,0.000125786061535571,-9.68501533629151e-05,5.48214426769889e-05,-0.000472130210166455,-0.00183909112367608,-0.00691479081897572,1.04920334713654e-05,-0.0017742630397013,-0.000253913495348534,-0.000256388604635838,-0.00108382604509316,9.68717390499307e-05,-0.000640955992921022,-0.000434603449948945,-0.00201042828951703,1.04920334713654e-05,-2.3038723662161e-05,-0.00777819785579492,-0.00241964941647854,-0.000430681423289947,6.38468856850594e-05,-3.53168015703176e-05,-0.000256388604635838,-0.000446354750418543,-0.000344236237980411,-0.00692899373691347,-1.27092993214006e-05,-0.000118234136979645,-0.000134448045062463,0.000160865144890998,-0.00224686539748564,1.04920334713654e-05,-0.00051462899312682,1.31881037317427e-05,-0.00117593980314634,-0.000105204752975929,-0.00135025565173397,-0.000694922647178409,-0.00184455521270621,-6.43295265687627e-05,0.00170652552298911,-0.000651789540945025,-0.000107235751260149,4.0434221880048e-05,-0.000290680721243497,-0.000101074350635777,2.42795971558962e-05,0.00052275427602666,-3.04868067004804e-05,-0.000101074350635777,-0.0025055436176542,-0.000146225490340157,4.60940729460901e-05,-0.000290680721243497,1.31881037317427e-05,0.000213780974754663,4.0434221880048e-05,-0.000595713460068481,9.05241956070668e-05,-9.89741747838835e-05,-0.0026231994200776,8.88497110551612e-07,4.0434221880048e-05,0.000119230186765407,-6.43295265687627e-05,-0.000936323602425126,0.000321260263454803,5.18852672204417e-06,0.000282950881117294,9.62919276901175e-05,0.000135896063783392,-0.00440159622405822,2.71319102296275e-05,-2.05000418365131e-05,-0.000331300962627346,-1.7932573602053e-05,0.109033261208104,-5.01692517218544e-05,-0.00534850712275414,4.18981854251044e-05,-0.00467148194652989,-2.05000418365131e-05,0.000122490115131768,-0.00139483690169406,-5.73698964601022e-05,-0.000101074350635777,-6.20356787965903e-05,-0.000331300962627346,0.000675560573495382
"12:32778830:G:T",-0.00014531602409118,1.05363070046494e-05,-5.23652701325261e-05,-0.000154351022398025,1.05363070046494e-05,-0.00126324331999683,-0.00078115675178303,2.22899680863975e-05,-0.00143415786196233,-4.16652075720947e-05,-0.00104317481716265,-0.000161451829288062,-0.0012950698853964,-0.0011238963323299,1.05363070046494e-05,-2.06088594731924e-05,-0.00265468377778344,-0.00168702549804323,-0.00616584334914894,-0.000168080694713524,-2.61897591249394e-05,-3.91393849739075e-05,-0.00241318853949579,-0.00253356996917198,-0.00496673989072383,-0.00168702549804323,-1.51568819859449e-05,-0.00320593792412538,-0.00382811849059461,-0.000313818161691515,-5.91617511931375e-05,-0.000720640424310304,-0.00136824541609304,-9.38073781462379e-05,0,-0.00250351707434104,-0.00274555864789239,-0.00138816138599207,1.9851576788632e-05,-0.0108555874330172,-0.00347504342642946,2.06590215627855e-05,1.05363070046494e-05,0,-0.00458749055182484,-0.000134598262547136,-2.83513882273212e-05,-0.000787770402014942,3.69925451879638e-05,-0.000243166294076058,3.45084288673192e-05,-0.000624901413107892,-9.66304907219495e-05,-0.000105278931789243,-1.63970465871799e-05,-0.00262363084055917,-0.00516361134309395,-0.00365757625340724,-8.9411255536298e-05,-0.00283806512690443,1.21319449224444e-05,-0.000203172094865423,-0.00155523268821778,-2.61897591249394e-05,-0.00207481403378829,-0.00310774279707715,3.19934320227588e-05,-0.00331363653618988,-0.00203280555846064,-0.00268836472636735,-7.5367791820824e-05,-7.64371916197604e-05,2.30766275901573e-05,-0.00232289132939112,-0.00100678272376786,-6.10195786299172e-05,7.10757902320225e-05,-0.00203280555846064,-5.6101275642817e-06,-0.00320947866734889,3.03410641135926e-05,-0.00304608266197182,-1.73997416998972e-05,-9.43661260155437e-06,-7.64371916197604e-05,-0.000109492679121637,-0.00537905479897427,-0.00124410534743014,-0.00176076037699247,-0.00152876659316359,-3.72627440379247e-05,-0.00191184296013436,6.32775083566628e-05,3.11899136562488e-06,-0.00104728500147822,3.91380037356726e-06,-0.000530624821308834,-2.90591168488064e-05,-0.00237501104807336,-0.00281668429095294,4.12124735067465e-05,-1.71458392408397e-05,-0.00850130093858859,-0.00223466801457439,-2.976056691395e-05,1.05363070046494e-05,-8.74812172906303e-05,-2.76373043606171e-05,-1.94252568350706e-05,9.30302390100834e-05,-7.92464440024787e-06,-0.00375590585390118,-7.09944162271547e-05,-0.00266820020484815,1.21319449224444e-05,-8.74812172906303e-05,-0.00235767557328526,-0.00336472569289459,1.05363070046494e-05,-0.000138201634907631,-0.00251845099742098,-2.69167875597276e-05,-0.000742951483155174,-0.00178530798501519,1.05363070046494e-05,2.95221756481112e-05,-1.71458392408397e-05,-0.000579901798819726,6.8814082092139e-05,1.54754776371391e-06,-0.00266060916352906,-0.00212474524204342,3.3665243858394e-05,-0.000158724152298007,-1.85422981227035e-05,-4.82595785644691e-06,-0.000101676328373657,-4.03535237847308e-06,-5.01692517218544e-05,0.177747425672914,-0.00317331115840025,-0.00187984225903381,-0.000109174221726072,-4.82595785644691e-06,-0.00143415786196233,3.87966926744809e-05,-0.00281145781206327,-0.00375590585390118,-0.0014312387458526,-0.000101676328373657,-0.00250977502050542
"12:32783637:A:C",-0.00281206248018151,-0.00133832700515946,-0.00350223012213968,-0.00313063101765021,-0.00133832700515946,-0.00319717343528048,-0.00735893344986049,-0.00231930901736632,-0.00142526754960759,-0.00869010015092231,-0.00469544118891196,-0.00218430087292809,-0.00285003810110052,-0.000401395217679124,-0.00133832700515946,-0.00992363008919739,-0.00613194819176055,-0.00163752036539444,-0.00112319574105513,-0.00664717229576128,-0.00416539954127249,-0.006023058039756,-0.00410281894902598,-0.00531038445959053,-0.00989203285163409,-0.00163752036539444,-0.00831280604513918,-0.00600317317001808,-0.0070501728410397,-0.00859474128172977,0.000159534111665138,-0.000658390613760496,-0.00460223997092735,-0.00597479114846378,0,-0.0156666972574371,-0.00261275907214431,-0.00384029392233121,-0.00222988529641199,-0.0207282024718887,-0.00755835803864979,-0.00659360769199502,5.02191598927837e-05,0,-0.00328125715783756,-0.0041122791412187,-0.000948941702537454,-0.0008923735713946,-0.00287935834303887,-0.00190857516006115,-0.00159878311399853,-0.0113086781981675,-0.00165627525246403,-0.000860742053909291,-0.00118519918032423,-0.00223402030844655,-0.00436400133085169,-0.00381709680859954,-0.000410392254656777,-0.000450468435806872,-2.91977868638327e-06,-0.00257810944987646,-0.00398938653236502,-0.00082082921314619,-0.00146720491691932,-0.0232854836047687,-0.00348044269970016,-0.00107261887270305,-0.00329938330435198,-0.00452446115518601,-0.00349486965289447,-0.000304985132707714,-0.000526014821178755,-0.00443232566913698,-0.00696235338145978,-0.000886994693420462,-0.00389400336239021,-0.00329938330435198,3.78870885642257e-05,-0.00135401609266239,-0.00354178142163608,-0.0221882254743107,-0.003013153795004,-6.61480006485249e-05,-0.000304985132707714,-0.0140973642472835,-0.00985814856444067,-0.00792969795856413,-0.00028732099816553,-0.00373165408799858,-0.00725032407075954,-0.000699174457949869,-0.000553211673124387,-0.00220924344041329,0.000682184745115055,-0.00346500035649822,-0.000491400463566549,-0.00026287691103466,-0.000429597741859133,-0.0056018874509931,-0.00778681620413479,-0.00978741447199472,0.000742700922778727,-0.00645630555607335,9.56019497611038e-05,-0.00133832700515946,-0.000964537263087095,-0.000567375573671036,-0.00147285273317976,-0.000695475122393763,-0.00382088684390336,-0.000808425363532095,-0.00474153054344173,-0.00689133666174779,-0.00160329611731935,-0.00133380630942082,-0.00570807941835927,-0.00539474490788949,-0.00133832700515946,-0.00350725021402365,-0.00203809582497172,-0.000268777368871653,-0.00589589822922409,-0.00218264740360841,-0.00133832700515946,-0.00247582212249853,-0.00978741447199472,-0.00390817334960136,-0.00220598558775187,-0.00235846009376672,0.000412610981664674,-0.00385551415166985,-8.7976911344434e-05,-0.00331568871769328,-0.00127470939714636,-0.00153870143551549,-0.00104610043433695,-0.00481205857552069,-0.00534850712275414,-0.00317331115840025,0.528567483542686,-0.00203063941161297,-0.00213495284232401,-0.0015387014355146,0.000214327093119415,-0.000246278186772475,-0.000191985050788546,-0.000808425363532095,-0.000163385982749453,-0.00104610043433695,-0.000505036982232365
"12:32784462:G:A",-0.00264692741631745,-0.00138266449121005,-0.00194454072623085,-0.00269759692730442,-0.00138266449121005,-0.00174203078115598,-0.00168882775874923,-2.89319458355308e-05,-4.13754196531002e-05,-0.00471932880816528,-0.00214447439088516,-0.0027852646241433,-0.0018028715516909,-0.00134351404742095,-0.00138266449121005,-2.06925591959006e-05,-0.0022866464033271,-0.00252501159698149,-2.51204853638498e-05,-0.00727983907963559,2.46057497044205e-05,-0.00342816582789318,-0.00429645902603326,-0.00233129709945068,-7.89424657421378e-05,-0.00252501159698149,-0.0061937718788716,-0.00356841727977564,-0.00250356045880107,-0.00304221713062702,-0.00285838331731192,-0.00178476028349728,-8.19971402155062e-05,-0.00323519783280624,0,-0.00434511096264645,-0.000197181344828046,-0.00387195250177541,-0.00648459775107213,-0.000458527989386504,-0.00291510299343489,-0.0038898781436032,-1.25960436019312e-05,0,-0.00168814460565692,-0.00208083881533749,-0.00115470824686792,2.52669896587676e-05,-0.00033484909366166,-0.0050325818725927,-0.00011834171014069,-0.000419142955122354,-3.02487898746762e-05,-0.00252584472894357,1.61973585317554e-05,-0.000166511994010854,-0.000101288742429873,-0.000243869297903654,6.1496646612369e-05,-0.000496493994795344,-0.00287946487328394,7.9187030173955e-05,-0.00127101163280141,-0.00155555787877315,-0.00174996732842825,-0.00258565850844583,-0.00674082126662867,-0.000787039658532329,-3.8505890938012e-06,-0.000625182144858627,5.55005918965179e-05,5.60722757718679e-05,-0.00476483547703932,-0.000590496128521245,-0.00192271169039948,-0.000331957082966738,-0.0074015024085643,-3.8505890938012e-06,-1.73078048586461e-05,-0.000967583517102799,-4.13754196531002e-05,-0.002663305605906,-0.00178476028349728,9.87101069593876e-06,5.60722757718679e-05,-0.00380647321044592,-0.00476978916055204,-0.000762393140999684,-0.00208988668690235,-2.15769127569487e-05,-0.00298594355490067,-0.00165043152701561,-0.00373794271294869,-3.8505890938012e-06,-0.00162412838268811,-4.85690133089633e-06,-7.24134047880298e-05,2.71807297478333e-05,-0.000378859597268466,-0.000951029794092229,-6.10622350629697e-05,-0.00157225573823361,-0.00195292719343998,-0.000112868101121322,2.77962280472721e-05,-0.00138266449121005,-0.000885141307825243,-0.00334636444487391,-0.00416305418601226,-0.000885414983204491,-0.00181192410140429,2.59163799061213e-05,-0.00974277645578736,-0.00471084935644139,-1.48062593607889e-05,-0.000885141307825243,-0.00452010080789389,-7.91990598560943e-05,-0.00138266449121005,-0.00022182026655404,-3.02487898746762e-05,-0.00146755315095781,-0.0100074461604933,-0.0019459444577965,-0.00138266449121005,-0.00437849782447941,1.69528307996103e-05,-0.000232579840250935,-0.000906077017592821,-0.00232701691363513,-0.000110283467084749,-0.0038034908240423,-0.00147355337973387,-0.000374331237317449,-0.00412350726754429,4.7029293259726e-06,-0.000685284713592083,-0.00215918269744453,4.18981854251044e-05,-0.00187984225903381,-0.00203063941161297,0.255868358160583,-0.000250778426468479,4.7029293259726e-06,-4.13754196531002e-05,-0.00153558832636058,-0.00178881594668834,2.59163799061213e-05,1.61973585317554e-05,-0.000685284713592083,-0.0011780731410278
"12:32785186:A:G",-0.00897735455386961,-3.47945296361729e-05,-0.00270756661504379,-0.00860954507686751,-3.47945296361729e-05,-0.00203894442200747,-0.00521452233483899,-0.00266167300329023,-0.000239799148039843,-0.00213639235361462,-0.00623251569227934,-0.00796075319573131,-0.00183968188812411,-0.000585543584262105,-3.47945296361729e-05,-0.00381986294622383,-0.00384844177544341,-0.0073461511971411,-0.000916118099067553,-0.00944896422202479,-0.00206896833996595,-0.00191421060966901,-5.17134172310918e-05,-0.00370053607462584,-0.00146536353114168,-0.0073461511971411,-0.00947732217694552,-0.00319515241364288,-0.00623303574837042,-0.00779869954885459,-0.000492301410467633,-0.00442839331037703,-0.00468145707259904,-0.00552540332851859,0,-0.0061346304112333,-0.00285527430552346,-0.00261513915130385,-0.000916118099067553,-0.00360224892880812,-0.00480549515289219,-0.00298892168104992,-0.00454652376734455,0,-0.00880257395225481,-0.00753806207632257,-0.00237204506352473,-0.000530105853055574,-0.00675872206372041,-0.000391950642881778,-0.000391665464698931,-0.00865857517910529,-0.0015441346902989,-0.00371928407755062,-0.0110440467278092,-0.00556110376839491,-0.00992720215182619,-0.00487828849162097,-0.000198182808594183,-0.00634615520992377,-0.000300380390555688,-0.00559360567517597,-0.00291138605034202,-0.000330726701006867,-0.000827849029914063,-0.0021611191242763,3.30216844774966e-05,-0.00436620809109511,-0.000837944427559911,-0.00802802875788489,-0.00145337617214558,-0.000156617741323473,-0.00298420005064148,-0.000950219315125622,-0.000194129607300475,-0.0026185571634274,-0.00353471119524684,-0.000837944427559911,-3.28524417962939e-05,-0.00314309835965476,-0.00366896363417357,-0.00224902746092681,-0.00442839331037703,9.21046863577857e-06,-0.000156617741323473,-0.005112616281155,-0.0130717993002265,-0.0121589207040715,-0.00187237240321014,-0.000972997013028554,-0.00435145355018829,-0.00154101836920528,-0.00202199819756199,-0.00167876555360191,-0.00382988219158786,1.1478685931543e-05,-0.00168036825054596,-0.00090440496427302,-0.00158008313118696,-0.011471660153342,-0.00530279384440746,-0.00145121648627899,-0.0203326412371787,-0.00924992214940223,-7.75240423163126e-05,-0.00465616362387067,-0.000358923545056733,-0.00369928832216182,-0.0019411957715274,-0.0014915011591361,-4.24688114906147e-05,-0.000436396683676676,-0.00399978771399301,-0.00200641978236948,-2.67581483965884e-05,-0.00447950179722678,-0.00202531358219549,0.000174358640530947,-0.00465616362387067,-0.00163476499065585,-0.00106240764950272,-0.00251400192546214,-0.00347262045274155,-0.000580799869934978,-0.00465616362387067,-0.000939223910664921,-0.00145121648627899,-0.00351674726936047,0.00024836178197063,-0.00711735613577869,0.000237833164462131,-0.00234894933531926,5.54562713919182e-05,-0.000354365773399756,-0.00409327562176909,-0.000630667687156361,-0.000303857544087016,-0.0031244122973737,-0.00467148194652989,-0.000109174221726072,-0.00213495284232401,-0.000250778426468479,0.473704309652437,-0.000630667687156361,-0.000288497362864959,-0.00230439168276586,-0.000866728229130587,-0.000436396683676676,-0.00451472374691342,-0.000303857544087016,0.00028009944887053
"12:32785943:A:G",-0.00614381129332298,3.98706449278308e-06,-3.51968355705168e-06,-0.00602749139595371,3.98706449278308e-06,-0.000856124110028222,-0.00267964124285758,8.24549596334379e-06,1.09988435017527e-05,1.07604747334733e-06,-0.00235408849640262,-0.00585508028667903,-0.000838097865186072,-1.1002487908307e-05,3.98706449278308e-06,6.11257052351988e-06,-0.00180875643016254,1.60680417131687e-05,7.36748835006296e-06,1.0177609173212e-05,-1.03841247405256e-05,-0.000576886116810726,-2.53417192466188e-05,2.57112980239782e-06,-0.0039939606241024,1.60680417131687e-05,-4.01214433116692e-05,-0.0086341708481088,-0.00917119713259407,-0.00553712464923439,-0.000279983583641119,6.42012174889572e-06,-1.74753887893786e-05,-0.00351220092906601,0,-0.00679547800795266,2.32607996943912e-05,-0.00280505213128901,7.36748835006296e-06,-0.00430221276050968,-0.0139604901181185,7.65952824099969e-06,3.98706449278308e-06,0,2.29491235312906e-05,-0.00134719064129918,-1.13083587693907e-05,-0.00133488687519545,-2.61716750946661e-05,-0.00864588195715221,1.23975781338714e-05,-0.000609177395730853,8.5393471334072e-06,-0.00209735162440516,-0.00152573260869104,-0.000720104307962544,-0.00103568875122484,1.31467385031669e-05,1.6381189574588e-05,-0.000223208979925893,4.58918955814624e-06,-7.9468692075757e-05,1.1278676173454e-05,-1.03841247405256e-05,5.50025320933401e-06,-0.00228587181779982,1.155852592305e-05,-0.00167816874463966,1.22360203391736e-06,-0.00234445507416936,-0.000575044588258855,1.43252314046549e-05,-0.000738664232151187,9.1285766519178e-06,-5.90526541310865e-05,-2.51733401315235e-05,2.19713509626018e-05,1.22360203391736e-06,-2.12905908547611e-06,-0.00189427460843561,-0.00344860595075236,-0.00238784884826071,6.42012174889572e-06,-3.67711621596101e-06,1.43252314046549e-05,-0.000182917176489994,-0.00415435826637101,-0.000611273659342437,-8.59287480281523e-07,-1.24701958341689e-05,-1.49875581829662e-05,-0.000506536070719044,2.04418738558587e-05,1.22360203391736e-06,-5.61482137309e-05,1.53309880968067e-06,-3.39365487453946e-05,-1.16120418667265e-05,1.99443581623271e-05,-0.00127436623663879,-0.00291937514066909,-6.72451358596504e-06,-0.00526921703592897,-0.00689657453670911,-1.19135520062486e-05,3.98706449278308e-06,-3.69423842698779e-05,-1.1002487908307e-05,2.78506739803674e-06,2.22222296715202e-05,-3.06313312758988e-06,-1.1002487908307e-05,-0.000152836325183259,7.04082916147541e-06,4.58918955814624e-06,-3.69423842698779e-05,1.53309880968067e-06,-0.0029527634244122,3.98706449278308e-06,-0.00307587292433098,8.5393471334072e-06,-1.06944146915922e-05,-0.00120108600963942,7.66507217697665e-07,3.98706449278308e-06,1.07190837406179e-05,-6.72451358596504e-06,-0.006610187328004,2.15669879608527e-05,6.08901212117985e-07,-0.0036730622629344,-0.000273959887135078,1.21180397192333e-05,-2.8167956529046e-05,3.10147169280128e-06,2.32651052298749e-05,-4.3412084275829e-05,-1.49763637669054e-06,-2.05000418365131e-05,-4.82595785644691e-06,-0.0015387014355146,4.7029293259726e-06,-0.000630667687156361,0.168063798656121,-0.00344860595075236,1.37902907120235e-05,-5.78432080278191e-06,-1.1002487908307e-05,-6.41312562876806e-06,-4.3412084275829e-05,-0.0034189359967165
"12:32786039:G:A",-0.00118624539999956,-3.10912649359452e-05,2.02592952085467e-05,-0.00112798794112567,-3.10912649359452e-05,-0.00116932222443289,0.000132596077724756,-0.000713740860848411,-9.57544379360797e-05,-0.00630215570150128,-0.00337063471421395,-0.00106817093917755,-0.00117523683234566,7.05732136170312e-05,-3.10912649359452e-05,-5.10618376754479e-05,1.35163238939029e-05,-0.00120041456338793,-6.00539304391745e-05,-0.00119361467241763,-0.00194627869532749,-0.006070131656573,-0.00345343354319638,-0.000152748020744831,-0.0019509272509719,-0.00120041456338793,-0.00121603390717873,-0.00167725254264095,-0.000190999673836956,-0.00178497781366271,-0.00198024726084967,-5.40605681589312e-05,0.000103338926888519,-0.0063958697831259,0,-0.00296578387494328,-0.000978368059743495,-0.00392326644262475,-6.00539304391745e-05,-0.000212648849837294,-0.00098015141679042,-6.29995425933672e-05,-3.10912649359452e-05,0,-0.000759602549003091,-0.0016801981268264,7.26791276983718e-05,6.84414173433012e-05,-0.00055279543008524,-0.00132021852510977,-0.000112305507709465,-0.00303149964085669,-7.20580045667774e-05,-0.00064486586139445,4.22461828621934e-05,-0.00429556457442359,-0.0012746227051279,-0.00435779575407214,0.000203858506962362,-0.00121379144462619,-3.66216099534356e-05,0.000346936895585515,-9.89816368361929e-05,6.62832597573271e-05,-4.51771362808273e-05,-0.00522873323314776,-0.000102249560550938,-0.00474965532242511,-1.02869572842224e-05,-0.00169185018063978,0.000175666832331167,0.000178555733660879,-7.61742229311579e-05,-7.82886785835046e-05,0.000215783238657785,0.000145052277434665,-0.000273366013875176,-1.02869572842224e-05,1.35163238939029e-05,-0.00451640726737867,-9.57544379360797e-05,-0.00518917835104382,-5.40605681589312e-05,2.56504295226279e-05,0.000178555733660879,-0.00255263716274978,-0.00122416605601927,-0.000976526429973035,3.25475764473282e-06,7.57012777707899e-05,-0.000611714707652311,-0.00408110487711966,-0.00023160598597638,-1.02869572842224e-05,0.000272532906137712,-1.2938289682296e-05,-0.000966693915171568,7.47596271972739e-05,-0.000831226773247096,-0.00193974122598384,-0.000136399828016387,4.45399261010948e-05,-1.81861797887706e-05,0.000144281035045601,7.68151685335283e-05,-3.10912649359452e-05,0.000198635751262444,-0.00276315363558854,-2.38801242673503e-05,-0.000440618618021915,2.08852489622657e-05,7.05732136170312e-05,-0.00055134092140996,-0.000374422158427201,-3.66216099534356e-05,0.000198635751262444,-1.2938289682296e-05,0.00171017049686029,-3.10912649359452e-05,-0.00064892793325555,-7.20580045667774e-05,6.84414173433012e-05,-0.00046416492566248,-1.03284292416461e-05,-3.10912649359452e-05,-9.25672100295927e-05,4.45399261010948e-05,-0.000207646477423218,-0.000259796070612772,-5.0809618699077e-06,0.0016380166273553,-0.000508091265532862,-0.000108910693413122,-0.00111161679226424,-2.67029232361438e-05,-0.00344860595075236,0.000225676439403522,-0.0013722701825607,0.000122490115131768,-0.00143415786196233,0.000214327093119415,-4.13754196531002e-05,-0.000288497362864959,-0.00344860595075236,0.120463694639074,-0.000827867144016281,3.75730417028208e-05,7.05732136170312e-05,4.22461828621934e-05,0.000225676439403522,0.00181699577826411
"12:32789866:G:A",-0.00429202022227759,-4.16044141582361e-05,-0.00240455950208407,-0.00439924035659356,-4.16044141582361e-05,-0.00169743872566031,-0.00221655669933796,-9.3349427864986e-05,-0.000129956066228232,-0.00103477189531542,-0.00503337199612286,-0.00457707779595484,-0.0017430167928465,9.15062665773902e-05,-4.16044141582361e-05,-0.00495769044225547,1.72244752452144e-05,-0.00405518322984744,-8.07612837778748e-05,-0.0092194568360906,-0.00196967381389701,-0.00297830679179079,-0.00292073780839619,-0.00309362545162806,-0.01217614697486,-0.00405518322984744,-0.00485019088377125,-0.000240732586444636,-0.00285101890708894,0.000103527582848706,0.000178434567551733,-7.36676246564372e-05,-0.00194390281982404,-0.000153973692532894,0,0.000309396148195251,-0.004295212054922,-0.00191326550110027,-8.07612837778748e-05,-0.000734605830536417,-0.000125034742696428,-0.0044227335658551,-0.00100376929281154,0,-0.000423192672917239,-0.00161755185419743,-0.00156183929840648,8.86741238286248e-05,-0.00325614665126484,-0.00432283929979649,-0.000281622426558492,-0.00341802305877392,-9.76650638193632e-05,-0.00147201360689353,-0.00226332543429475,-0.00272356160034715,-0.005661295968304,-0.00442431657730236,0.000256801710107446,0.00213238491271284,-0.00128299603395021,-0.00105033644439523,-0.000134558685629393,8.58026959100755e-05,-0.00138413901534662,-0.0061260805583947,-0.000139227445584922,-0.00129363657655901,-0.00165574246983002,-0.00229834636934445,0.000222731024908995,0.000226365693221986,-0.00479302873143972,-0.00268819239565232,-0.00555363870942305,0.000185028503855378,-0.000384521710811825,-0.00165574246983002,1.72244752452144e-05,-0.0018328215339829,-0.000610198997141431,-0.00611609914586886,-7.36676246564372e-05,3.37006677861851e-05,0.000226365693221986,0.000120435588520706,-0.0124588334140281,-0.00492894894572204,-5.90671145372923e-05,-0.00215147652830527,-0.00568317783575178,-0.00136521286613611,-0.000322993951694883,-0.00165574246983002,-0.00256876295030128,-1.77641455856303e-05,-0.00178980524416161,-0.0021790460274147,0.00189404140532812,-0.00722848470402671,-0.000441761068727509,5.79599709418233e-05,-8.70102814012341e-05,9.51092202563508e-05,9.97747772064628e-05,-4.16044141582361e-05,-0.00117148912119092,-0.0017529445891098,-3.289581572119e-05,-0.0014730523766433,2.72454000151967e-05,9.15062665773902e-05,-0.00239828395962416,-0.00602595987398402,0.000339759052750743,-0.00117148912119092,-1.77641455856303e-05,-0.00101936858170859,-4.16044141582361e-05,-0.000582122175288191,-9.76650638193632e-05,-0.00251725009516512,-0.00235333789374392,-1.55210555163876e-05,-4.16044141582361e-05,-0.00012541822183465,5.79599709418233e-05,-0.0014647006881825,-0.000731049737675349,-6.95949290019371e-06,-0.000762682512230661,-0.00477227408558711,-0.00241122516248371,-0.00263010434604727,-3.68156460774927e-05,1.37902907120235e-05,-0.000944583494214335,-0.00174383397507327,-0.00139483690169406,3.87966926744809e-05,-0.000246278186772475,-0.00153558832636058,-0.00230439168276586,1.37902907120235e-05,-0.000827867144016281,0.248380707802129,-0.00223016626713335,9.15062665773902e-05,5.48763835466204e-05,-0.000944583494214335,-0.000208848094566783
"12:32789868:G:A",-0.00772144386855178,1.27179012840983e-05,-9.03227828574771e-05,-0.00782309155249461,1.27179012840983e-05,-0.00688896732498812,-4.04206215636194e-05,2.72830538206037e-05,3.75730417028208e-05,-0.0055847433840146,-0.000244450201207336,-0.00795275115164706,-0.00699545441212734,-3.21812803498744e-05,1.27179012840983e-05,-0.00228590886166202,-6.70263166657747e-06,-0.00984482963578603,2.42431183865577e-05,-0.00222180548154594,-3.05491772314426e-05,-0.00588648752526932,-6.33676836248043e-06,-0.00226752905171246,-0.00217969764018555,-0.00984482963578603,-0.00223858527081688,-0.00165813500975709,-0.00211256889964329,-0.00446694497637523,-0.00113569258328994,2.06894392018597e-05,-0.000237310051057094,-0.00218231478167485,0,-0.0011612483062633,-0.00485074717751832,-0.00327377630820891,2.42431183865577e-05,-0.00227595994395724,-0.00179779343446018,2.52474957518345e-05,-0.00512978397460451,0,-0.00260372602723091,-0.00699908532404425,-3.29851721811991e-05,-0.00116296221684831,-0.00400616280390143,-0.0055141302493924,4.29565517121588e-05,-0.000244046875319093,2.83144501054267e-05,-0.0107950653425766,-0.00311614498486978,-0.00449880410427728,-0.000943205830171046,-8.9929266433586e-06,-9.96221144093923e-05,0.000122885736002942,1.46565699239432e-05,-0.00772849407305287,3.86312174853742e-05,-0.00124933080341449,-0.00226410706075519,-0.00425640397575844,3.96985523414273e-05,2.01042825986875e-05,3.70528725834873e-06,-0.00343408391324385,-8.47052313197594e-05,-8.58398434147034e-05,-0.001868884645436,3.04050263650879e-05,0.00013423373043242,-6.92494083871509e-05,9.55175593331248e-05,3.70528725834873e-06,-6.70263166657747e-06,7.82840423987352e-05,3.75730417028208e-05,-0.00434749957666991,2.06894392018597e-05,-1.11647665104186e-05,-8.58398434147034e-05,-6.2874658891765e-05,-0.000255608131459972,-0.010681835419728,-0.000330279070067441,-0.00292661571259867,-4.30521477250423e-05,-0.00209477612088804,8.32971294757456e-05,3.70528725834873e-06,-0.000972242081104469,-0.00189902098022898,5.81090494060632e-05,-3.37811134523136e-05,-0.00226667823765414,-0.00673963435346714,-0.00268961631385611,-2.0160145389525e-05,-0.00113883614996535,-0.000639504447275563,-3.4569218419378e-05,1.27179012840983e-05,-9.75989987708203e-05,-0.00395210808446045,8.53597609928869e-06,0.000138077804444414,-9.40532796178672e-06,-3.21812803498744e-05,-2.34978789634965e-05,-0.00286592138725972,1.46565699239432e-05,-9.75989987708203e-05,4.65333963894921e-06,6.3825884529578e-05,1.27179012840983e-05,-0.00277729205420219,2.83144501054267e-05,-3.13693215634459e-05,-1.94104608306489e-05,-0.00169668107198628,1.27179012840983e-05,3.65239225184055e-05,-2.0160145389525e-05,-0.00719831588592257,9.19126316940577e-05,1.83548645527054e-06,8.21182879739979e-05,-0.0023117207987795,4.18611143828684e-05,-0.000722332914354418,9.52984933366707e-06,-5.78432080278191e-06,-0.000112509667212102,-4.85710285147434e-06,-5.73698964601022e-05,-0.00281145781206327,-0.000191985050788546,-0.00178881594668834,-0.000866728229130587,-5.78432080278191e-06,3.75730417028208e-05,-0.00223016626713335,0.237092664200031,-3.21812803498744e-05,-1.93016816636415e-05,-0.000112509667212102,0.000166592132393006
"12:32790588:G:A",-0.00449082346015661,2.33753456129193e-05,-2.13339894648001e-05,-0.00440062805351182,2.33753456129193e-05,-0.00679920616555929,-0.00105798249289979,-0.0021392345143445,-0.00642083637808888,-0.00279780972825883,-0.00676485367044055,-0.00424952530004052,-0.00676747752879692,-5.77566093182824e-05,2.33753456129193e-05,3.5878259107669e-05,-1.25886104234141e-05,-0.00104786638812193,4.50599635222204e-05,5.81110692596809e-05,-5.50563173922214e-05,-0.00299138281212841,-1.30336739783132e-05,0.000105232431326208,-0.00283526593051953,-0.00104786638812193,-0.000187859744885444,0.000142136341991339,0.000131379554408895,-0.00108819553452211,-0.00450170147845874,-0.00152507031212146,-8.92844946349669e-05,-0.00448739790008812,0,-0.000935150461853773,0.000249083648424353,-0.00398831418623669,4.50599635222204e-05,-0.00194159166567598,0.000261103752491998,4.69005421033231e-05,2.33753456129193e-05,0,0.000216864105379244,-0.00090774784119052,-5.90845986927491e-05,-0.00454972573585177,-0.00312332096584544,-0.000869752164048165,8.07540931146988e-05,-0.0012779109562242,5.25413771201855e-05,-0.00406737495417087,-0.00229252346915665,-0.00279101562930695,-0.00698322459690548,9.70246624145688e-05,0.000508855764802085,0.000255209492800113,2.68520252788562e-05,-0.000314082729288678,-0.00240451993423374,-5.50563173922214e-05,3.22088654485242e-05,-0.0028736871685231,7.4579933646568e-05,-0.00116158928956178,6.50084938680351e-06,-0.00212965458455727,-0.00014657236503357,0.000523418232702966,5.13995298971892e-05,5.64044088431359e-05,0.000574670300518498,-0.000121205764973986,0.000191042437013955,6.50084938680351e-06,-1.25886104234141e-05,0.000216383091167671,7.05732136170312e-05,-0.00280147682008458,-0.00152507031212146,-2.02658133652278e-05,0.000523418232702966,-0.00131815398295387,-0.00426007409901707,-0.000941360822089621,-6.13767266255394e-06,-0.00104199590832188,-7.67748250760647e-05,9.37294768998953e-05,0.000164172764343995,6.50084938680351e-06,-0.000237209278860284,8.17015595711013e-06,-0.000337709824873578,-6.03981377258478e-05,0.000155016251176754,-0.00103846653251249,9.86662086441825e-05,-3.65765168774956e-05,-0.00302332445754061,-0.00169563237733428,-6.16974604792375e-05,2.33753456129193e-05,-0.000167761134979294,-5.77566093182824e-05,-0.00138456049228441,0.000295150183252879,-1.724452661378e-05,0.0011197493059063,-0.00150846427738571,-8.15162069596198e-05,2.68520252788562e-05,-0.000167761134979294,-0.00146214738793393,0.000122896580636578,2.33753456129193e-05,-0.00224334730507181,5.25413771201855e-05,-5.64139303884659e-05,-0.00149231147120066,-0.00348229452348381,2.33753456129193e-05,6.86016358910635e-05,-3.65765168774956e-05,-0.00455260767092014,0.000183196059664326,3.21571201933324e-06,0.000161692263343838,5.75943288874115e-05,7.86736910578512e-05,-0.000390521932918553,-0.0013747703922018,-1.1002487908307e-05,-0.000191676574232247,-9.39881963457623e-06,-0.000101074350635777,-0.00375590585390118,-0.000808425363532095,2.59163799061213e-05,-0.000436396683676676,-1.1002487908307e-05,7.05732136170312e-05,9.15062665773902e-05,-3.21812803498744e-05,0.143285947110268,-3.51275126790895e-05,-0.000191676574232247,0.000378843559001751
"12:32790990:T:C",-8.50166989527779e-05,1.41281955743366e-05,-0.00297562165066978,-7.98542420881176e-05,1.41281955743366e-05,-0.00259768780570635,-2.86559863331703e-05,3.05066046335511e-05,4.22461828621934e-05,-0.00063705578072959,-0.00643775048115103,-6.35258632328828e-05,-0.0026043659550341,-3.51275126790895e-05,1.41281955743366e-05,-0.0016686717105685,-0.00150659868976,-0.00166233715786568,2.70831327391363e-05,-0.00231908969674599,-3.33777968668514e-05,-0.000551539578842686,-0.00152401494914844,-0.00171796435593308,-0.00707861485443839,-0.00166233715786568,-0.00191671837757745,-0.000110424881243354,-0.00185398864559438,-0.00609131544293451,-0.00102640887362337,2.30235870510853e-05,-0.00347154299243613,-0.0017271108653274,0,-0.00613842248622021,-0.00182579587975606,-0.000307678239385822,2.70831327391363e-05,-6.012684491008e-05,-0.00206363734440806,2.8213105354169e-05,1.41281955743366e-05,0,-0.0014870865651444,-0.00906287308705522,-3.59886593708225e-05,-3.42572729321589e-05,-0.00137078191881379,-0.00176544043997406,-0.00219816972588482,-0.00818219029337097,3.16704549589986e-05,-5.91790337001186e-06,-2.11877264923999e-05,-0.00206346543967761,5.58795219784969e-06,-0.000779011463293955,-0.000106234984703413,0.00014641922244607,-0.00237104081209338,0.000343985531286783,4.34537633378085e-05,-3.33777968668514e-05,1.96035795143601e-05,-2.75081919554054e-05,4.46731990750848e-05,-0.00354159456831304,4.07925330581094e-06,-8.62951614344354e-06,-0.000327084288290536,-9.192956060744e-05,-0.0017503094002258,3.40331887223044e-05,-0.000106811810898222,-7.45821459009477e-05,-0.00172588970728871,4.07925330581094e-06,-7.41690773242709e-06,-0.00322189854004051,4.22461828621934e-05,-1.80248405365901e-05,2.30235870510853e-05,-1.22843831880104e-05,-9.192956060744e-05,-7.76414404750625e-05,-0.00274170987496092,-0.00271595223545962,-3.33838332267078e-06,-3.99348015234224e-05,-0.0010083905687166,5.62104897756655e-05,-0.00168570837664461,-0.00182852564080171,-0.000148745413178553,5.12498737847977e-06,-0.00191042981808476,-3.68408533502063e-05,-0.000120146511479291,-0.0015473204505243,5.87759087489204e-05,-2.21160985738322e-05,-0.00390043514399352,-0.00028824690930751,-3.76842321330173e-05,1.41281955743366e-05,-0.000104152561140047,-3.51275126790895e-05,9.41634673079506e-06,-0.00131682960440216,-1.03670743758499e-05,-3.51275126790895e-05,0.000123059245498602,-0.0013700366452829,1.62856359535724e-05,-0.000104152561140047,5.12498737847977e-06,7.28045729321281e-05,1.41281955743366e-05,0.000154758458969617,3.16704549589986e-05,-0.00105109562422534,0.000101087519220222,-0.00158149323697643,1.41281955743366e-05,4.10502918004596e-05,-2.21160985738322e-05,-0.00117564811206705,0.000106832595291095,2.01919550146812e-06,9.47946696241431e-05,-0.00172783203573346,4.71483146062823e-05,-0.00554902101096655,1.05171214981326e-05,-6.41312562876806e-06,-0.000119525864697323,-0.00153963649188604,-6.20356787965903e-05,-0.0014312387458526,-0.000163385982749453,1.61973585317554e-05,-0.00451472374691342,-6.41312562876806e-06,4.22461828621934e-05,5.48763835466204e-05,-1.93016816636415e-05,-3.51275126790895e-05,0.140319517710335,-0.000119525864697323,0.000209363759159586
"12:32791278:A:G",-0.00348625331602648,7.43333380670563e-05,-8.66237716348195e-05,-0.00335228839138857,7.43333380670563e-05,-0.000324874438908385,-0.0124834791072539,0.000159479039041344,0.000225676439403522,-0.0015135750604669,-0.000266504163836778,-0.00307553845785069,-0.000261150905051188,-0.00212178525673856,7.43333380670563e-05,-0.00467016180039703,-4.73181747873141e-05,-0.00405828190605551,0.00014467451692024,-0.00587928797161652,-0.00018550031226372,0.000584425090010221,-0.000644339483311995,0.000320027403237333,-0.00267938667912659,-0.00405828190605551,-0.00710719144848948,-0.00305939975277347,-0.000588329024191481,-4.39787797903435e-05,-0.000392593736554758,-0.000834609214081183,-0.000307153985491304,-0.001700720120688,0,-0.00202129120083949,-0.00326867789446084,0.000250367614738956,0.00014467451692024,-0.000988529021051399,-0.0018466045390948,0.000149554147822251,7.43333380670563e-05,0,-0.00229742261711063,-0.00419800775489421,-0.000359171826959326,-0.000188606143874281,-0.00156962581889708,-0.00798743475510744,-0.00132343360521414,-0.00552652702872525,0.000164526183374925,-0.00855977916836004,-0.000119525864697323,-0.00049080543227209,-0.00228425764319962,-0.000580844724607843,-0.000549528415975331,-0.000951145118411212,8.3350078670108e-05,0.00014842056877562,0.00023107276234402,-0.00018550031226372,-0.00242868572419663,-0.00148738348984168,0.000236530517194744,-0.00416254101020286,1.64420362969153e-05,-0.0019813581780177,-0.000475411873376075,-0.000478273664746176,-0.0013541494444187,-0.00104672695961572,-0.00543216820068526,-0.000398451610602812,0.000620313225983438,1.64420362969153e-05,-4.73181747873141e-05,-0.00410994995039182,0.000225676439403522,-0.00150179871641143,0.000111659428590372,-6.61980238332305e-05,-0.000478273664746176,-0.00316329745693,-0.00137978216746681,-0.00561960442141629,-0.00065076650996776,-0.00108617056807692,-0.00025571610828834,-0.00203419213932587,0.00053219875942645,1.64420362969153e-05,-0.000546970014454473,2.06693347308828e-05,-0.000704261832019881,-0.000197713625111895,0.000484272320347756,-0.00976185472370616,0.000314519190981244,-0.000301815094172042,-0.00702392605472024,-0.013326293004007,-0.000200681409062931,7.43333380670563e-05,0.0031718994758636,-0.000191676574232247,3.8070129522616e-05,-0.00182004339896391,-5.87732829027132e-05,-0.000191676574232247,-0.00193197386245725,-0.00029119873889627,8.3350078670108e-05,0.0031718994758636,2.06693347308828e-05,0.000393459926596229,7.43333380670563e-05,0.000887951786889829,-0.00123946452533108,-0.000188606143874281,-8.6341494137443e-05,-0.00503633511159407,7.43333380670563e-05,0.000220340517423701,-0.000301815094172042,-0.00112893105379452,-0.00202748194195124,8.12915251913182e-06,0.000525013317233203,0.000163505372061223,0.000247634565031518,-0.000876412691965811,4.25475406098386e-05,-4.3412084275829e-05,0.00732601078736206,-3.94608664606722e-05,-0.000331300962627346,-0.000101676328373657,-0.00104610043433695,-0.000685284713592083,-0.000303857544087016,-4.3412084275829e-05,0.000225676439403522,-0.000944583494214335,-0.000112509667212102,-0.000191676574232247,-0.000119525864697323,0.178235524616365,-0.000922838597086084
"12:32793164:A:G",0.00120870972307863,-0.000192198928693266,7.29816808142658e-06,0.00112111457386366,-0.000192198928693266,-0.00152661224451123,-0.000316372233429618,-0.000801843674479663,-0.00059235563105986,-0.000947115190733427,9.36040293728624e-05,0.000888435914759178,-0.00170590152870087,-0.00193473860732052,-0.000192198928693266,-0.000364277958757597,-0.000876922261030089,0.000704276534110093,-0.000364678357939852,-0.000117348804184125,-0.00139617098157885,-0.0023655247283596,-1.96176330495845e-05,0.00043550618658017,-0.000899338587248444,0.000704276534110093,-0.0014231089399388,-0.00155493561494247,-0.00111209355436337,-0.000745160848204751,-0.00325874322608222,-0.00124074765784155,-0.00102880612366363,-0.000129309946636624,0,0.000573798088519872,0.0027813962098131,-0.0043423998728036,-0.000364678357939852,-0.00318216807751792,-0.000419021525766006,-0.000389584881858696,-0.000192198928693266,0,0.000252161028349462,-0.000307623748736052,0.000398552546481135,-0.00159557876348693,7.84547405441316e-05,-0.00142914331993715,-0.00112536501418692,-0.00119234638426846,0.000428416492852968,-0.00399039352568087,-0.00145699455982307,-0.00341008173653368,-0.00729651148342558,0.000128824481304246,0.00116368346213935,-0.00186217415956769,-0.000239722964717082,0.000705301819177606,-0.00532958537299155,-0.00139617098157885,-0.00334848384277997,-0.00327420360241426,0.000706347866092472,-0.000941896530914921,-8.99398165215004e-05,-0.00175831989862818,-0.00187932532745094,0.00101863719881212,-0.000582503962410108,-0.000519274899214217,0.00416703473186608,-0.00195976172442691,0.00022707534085864,-8.99398165215004e-05,3.75165798054411e-05,0.000450434286856982,-0.00158339804982166,-0.00325810875083032,-0.000789236762356538,0.000145826418573414,0.00101863719881212,0.000509911946447339,-0.00637647111083162,-0.00192213020501031,-5.45264440461324e-05,0.000325198743239774,-0.000190279224517198,-0.00431633670465725,-0.00226294997129184,-8.99398165215004e-05,-0.00113543620226153,-0.00105567912858806,-0.00377355388001632,0.000418002719167809,-0.000759238006760476,0.00150772166012691,-0.00191530984095856,0.000230323071104266,0.00254295908337143,-0.000602904585653707,-0.00114890926509492,-0.000192198928693266,-0.00128072724080663,-0.0024265859866075,-0.0038451432042601,0.00255311108432998,-0.000486210151591671,0.000378843559001751,-0.000471771689523059,-0.000573395601121796,-0.000239722964717082,-0.00128072724080663,-0.00381515649994846,-0.000739157264496804,-0.000192198928693266,-0.0028032321395397,-0.000950665729586575,0.000358870562952696,-0.00121209527651622,-0.000176999452231819,-0.000192198928693266,-0.000422675013012075,0.000230323071104266,-0.000822384778166985,0.00419226983092624,-4.43767881286306e-05,0.00523204917393638,7.54637829203375e-06,-0.000702431651227187,-0.00129674512462241,-0.00386316873550818,-0.0034189359967165,-0.000922838597086084,-0.0025177549904436,0.000675560573495382,-0.00250977502050542,-0.000505036982232365,-0.0011780731410278,0.00028009944887053,-0.0034189359967165,0.00181699577826411,-0.000208848094566783,0.000166592132393006,0.000378843559001751,0.000209363759159586,-0.000922838597086084,0.11267122259503
