"","5:39110463:C:T","5:39110675:C:T","5:39112667:G:A","5:39113637:T:G","5:39115018:A:G","5:39115267:G:A","5:39115667:A:G","5:39116242:C:A","5:39116451:A:C","5:39116820:C:T","5:39118441:G:C","5:39118543:T:C","5:39121001:C:T","5:39123605:T:C","5:39128437:A:T","5:39129364:A:G","5:39133708:A:G","5:39133805:G:T","5:39135868:T:G","5:39139135:T:A","5:39139235:A:T","5:39140207:T:C","5:39141573:G:T","5:39141808:C:T","5:39142008:C:A","5:39147144:T:A","5:39150591:C:T","5:39152188:T:A","5:39153529:G:A","5:39154747:T:G","5:39155102:C:A","5:39157055:T:C","5:39157700:A:G","5:39159436:G:C","5:39160992:T:C","5:39162624:T:C","5:39166061:T:C","5:39166545:A:C","5:39168827:G:A","5:39170760:G:A","5:39172923:T:G","5:39173229:T:G","5:39175369:C:T","5:39181448:T:C","5:39182631:C:T","5:39184968:C:G","5:39186094:G:A","5:39186351:C:T","5:39186462:G:C","5:39188770:G:A","5:39191206:C:T","5:39191294:C:T","5:39191908:C:T","5:39194551:G:C","5:39195872:A:G","5:39199345:T:C","5:39200154:C:T","5:39200689:T:C","5:39202689:G:T","5:39205970:C:T","5:39206491:G:A","5:39214915:A:G","5:39215655:C:G","5:39216065:C:G","5:39216949:A:G","5:39220411:G:A","5:39222036:G:A","5:39226164:C:T","5:39227376:T:G","5:39227432:T:C","5:39227786:A:G","5:39228629:G:A","5:39229290:G:A","5:39231954:C:T","5:39233123:G:T","5:39234066:G:A","5:39237490:A:G","5:39249517:T:C","5:39250293:T:C","5:39254498:T:C","5:39263311:C:G","5:39263661:C:T","5:39263828:T:C","5:39263944:C:T","5:39264152:T:C","5:39265511:G:A","5:39270795:C:T"
"5:39110463:C:T",0.112116735330831,-5.29531495097046e-07,-2.39789923650591e-06,-0.000746117821879722,-2.71477233759754e-05,-0.000395188092489285,6.71639979188399e-08,-0.00822928292785541,-0.00277951494670514,-0.0033853958794321,3.89097377428982e-07,7.93555753553221e-07,-4.640526176658e-06,-0.00137988363669628,-9.6882486655403e-07,-2.42909434522431e-06,5.88438081372544e-07,-0.00937322276047148,-0.00481748298123286,-2.84736098521421e-06,-2.29178807753527e-06,-1.24729644914723e-05,-0.00124851344313104,-8.58130926317813e-07,-8.98904945243473e-05,-3.36819513524489e-06,-1.19543099152963e-06,-0.00181481481999768,-0.000260174762888532,-0.00397562013022057,-2.84736098521421e-06,8.77504030327714e-07,-0.00430570311473311,-0.00347144516141729,-1.3591933054613e-05,5.88438081372544e-07,-1.887182286886e-06,8.2981820526129e-08,-2.84736098521421e-06,-0.00124851344313104,-0.00167709720753706,8.94359482472851e-07,-0.000122911919412161,-1.37879306318922e-05,-4.80184867690525e-06,-0.00136566243525227,1.02189094253191e-06,-3.11480947257081e-06,-8.58130926317813e-07,-0.00124851344313104,-0.00164754303286685,-0.00779759361690591,-0.00188953213973431,-3.52495149247289e-06,8.2981820526129e-08,7.35304539922765e-07,-0.000367424164288366,-0.00203374828655267,-9.6882486655403e-07,-0.00192176009806388,-2.62639147763366e-07,-4.96351267198492e-06,-0.00267930870569355,-0.00174911275264655,-0.00249328530969262,-0.00218122909256468,-8.58130926317813e-07,-1.08128589548784e-06,-0.00248411469666632,-5.41258794051203e-06,-0.00334103941095076,-9.67085951142366e-06,-0.00264618966834362,-0.0013739461765061,-0.0018801692190511,-0.00147400254619168,-0.00262517310943178,-0.00215214661863161,-3.92230993462306e-07,8.37264395592285e-07,9.14143099883802e-07,-0.00219648105729053,4.58622523069607e-07,-0.00763972511073963,-0.00158375050520299,-0.00589380538422812,-7.01790182677797e-06
"5:39110675:C:T",-5.29531495097046e-07,0.0695343813851164,-0.000457036967357105,-0.000912822325043194,0.000301023283677537,-0.00252532392291727,-0.00083929045327924,0.000182735220295882,0.000319853242716661,-0.00427097173545921,-1.80281564770013e-05,-3.82299555399257e-05,9.73450110954843e-05,-0.0026894726147253,2.77901167908823e-05,5.94281785497586e-05,-0.00115419310861764,3.79584530163513e-05,-0.00467325455128886,6.88250829199433e-05,5.62183040102582e-05,-0.00112516049907541,9.43906748096524e-05,-0.00176732716604544,-0.000275097760236598,-0.00296813539927232,3.44421869211686e-05,-0.00110462952440571,-0.000492102562993146,-0.00292054508189565,6.88250829199433e-05,-4.58287991929041e-05,0.000314686927345598,-0.00441424847468763,0.000198877613260429,-2.93946847609305e-05,4.63457092596542e-05,-3.51791426389525e-06,6.88250829199433e-05,9.43906748096524e-05,-0.000793416650365586,-0.00226444386314739,0.000171468030585764,0.000201186838539869,0.000100263443318482,0.00018440366536332,-6.56707388619893e-05,-0.000668776544920924,-0.00176732716604544,9.43906748096524e-05,-0.00043386901210507,-0.00384505569062465,-5.75846067132346e-05,-0.00292445250535245,-3.51791426389525e-06,-0.000120599481260086,-0.00264231843591833,-2.67056272740263e-06,2.77901167908823e-05,-6.56707388619893e-05,-0.000101146804513341,0.000103146620740624,-0.0011069382109401,-0.000106361811721634,-0.00100021422207952,-1.80281564778895e-05,-0.00176732716604544,3.11363763598749e-05,-0.00307505645293649,-0.0028954749804484,8.53055057730145e-05,0.000158976259102772,0.000213479621118395,-0.000445621400660734,-9.77048331671782e-05,-0.00461113450510187,-0.00395661877996112,-2.17694778026356e-05,-0.000170077245169153,-4.20061229453594e-05,-0.000877614486889833,-4.3856555126176e-05,-2.1769477804412e-05,-0.000675156622214956,-0.00130028078200883,-0.0023925041226569,0.000129287933932076
"5:39112667:G:A",-2.39789923650591e-06,-0.000457036967357105,0.0629464688584562,-0.000149202745583388,0.000378400260586886,-0.00391633503722932,-0.00020000145612542,-0.00125946625110185,-0.0023289248943712,-0.000117279762476663,-2.35383157720648e-05,-4.82917200610444e-05,0.000122231990253852,0.00022053447892123,3.46587494464146e-05,-0.00283502862576412,-3.83842104083598e-05,-0.00122973857432651,-0.000276394676561154,8.66448087570859e-05,7.01197275816412e-05,-0.000965285985283337,-0.00257178337024744,3.02276544053015e-05,-0.000348779029937241,8.97673542707977e-05,4.33591226158825e-05,-0.000526517244512803,-0.000512146773458788,-0.00118715285822102,8.66448087570859e-05,-5.81960345540367e-05,-0.00389683682033404,-0.00110986524345424,0.000249919594196513,-3.83842104083598e-05,-0.00346712846076169,-4.59232918803565e-06,8.66448087570859e-05,-0.00257178337024744,-0.00047912211799872,2.90925539392362e-05,-0.00344809313266747,0.000252983764942982,0.000126066553775672,-0.0025715569013407,-8.40660078127442e-05,-0.000301217828098999,3.02276544053015e-05,-0.00257178337024744,-0.000149494944450268,-0.00150014414637578,-7.35218847287555e-05,9.40082087241834e-05,-4.59232918803565e-06,-0.000152505714796192,-0.00520133913091492,-0.000396616281556739,3.46587494464146e-05,-8.40660078127442e-05,-0.000209234402862357,0.000129854462191048,-8.14785711140686e-05,-0.00188713178878253,-0.00133815713291252,-0.000395974219696171,3.02276544053015e-05,3.9035576069324e-05,-0.000538053298587471,-0.000646276320316552,0.000106409549403885,0.000199351185711905,-0.000232805777605094,-0.000269309852420463,-0.000124220571088962,-0.000486605185709088,-0.00338145973399051,-2.8424428643703e-05,-0.000215347203382343,-5.32133543904578e-05,-6.32408997072176e-05,-0.00413702118509285,-2.84244286463675e-05,-0.00034828083447902,-0.000384278770317437,-0.00114596167765946,-0.00236404582764393
"5:39113637:T:G",-0.000746117821879722,-0.000912822325043194,-0.000149202745583388,0.27246202407906,-0.00138380020648787,-0.011695218508371,-0.00447814152257875,-0.00250233118104992,-0.00102448742567374,-0.00242766048597876,-0.00072609743098262,0.000680353945965884,0.000430903147115025,-0.00381841782247516,-0.00172196715131712,-0.00544861986589229,-0.00222137420919388,-4.48161015720316e-05,-0.00719596474317674,0.000343028093216624,9.57696389942697e-05,-0.00876855278783761,-0.000962902617212436,-0.00310672353926211,-0.00533762142457972,-0.00367362703221064,0.00021853754497414,-0.00757320680326856,-0.00856474960441256,-0.000389345211630143,0.000431543618526042,-0.00410604023117767,-0.0014936064845652,-0.00238006775668698,-0.0103480820090098,-0.00333146248665006,-0.0029735103898858,-0.00297043346961878,0.000431543618526042,-0.000962902617212436,-0.00149329548001287,-0.0104017627193871,-0.00387782694377758,-0.00729130025688995,-0.00547993863903429,-0.000302936883390448,-0.00433101620976384,-0.0034454024939512,-0.00310672353926211,-0.000962902617212436,-0.00958659768379411,-0.00291053209439385,-0.000317094417335184,-0.00374359550564707,0.00089111071177328,-0.00193754267531077,-0.00131546780773606,-0.0102454856148344,-0.00572237550017629,-0.000343169792807796,-0.00099445707697754,0.000638867754172878,-0.00800096422584273,-0.00312929842085019,-0.00564403117898715,-0.000524407541042216,-0.00310672353926211,-0.00538283520553318,-0.00390148344209784,-0.00216367552865115,-0.00259549506526335,-0.00366385895183452,0.000197333133205913,-0.00147209406351578,-0.00225655078392073,-0.00331426412664459,-0.00621770355281459,-3.62222350425156e-05,-0.000409012245233598,-0.00457966003512045,-0.00210684096500025,-0.0060681159876248,-0.00309612338591947,-0.00715949828650242,-0.00441991015112642,-0.0026301250654055,-0.00369282333812304
"5:39115018:A:G",-2.71477233759754e-05,0.000301023283677537,0.000378400260586886,-0.00138380020648787,0.0825520693828965,-0.00883471648988632,-0.001119917235477,-0.00311054942500899,-0.000691369365969585,-0.00473535409965908,2.0617356364383e-05,6.95850426195577e-05,-0.00019408178429714,-0.000589680996678332,-5.85304175997337e-05,-0.000122518932268889,3.35590053772705e-05,-0.00273258219425365,-0.002149871065253,-0.000132619434213943,-0.000119075323654627,-0.00613759576046391,-0.000277842259619021,-5.47624458464568e-05,-0.00140134232975875,-0.000553192181196316,-6.59409800283228e-05,6.25616959570863e-06,-0.00157332758358031,-0.00301954629310064,-0.000132619434213943,7.84740016843699e-05,-0.000459921481757775,-0.00272555725496559,-0.000401391787053562,-0.000887931082043991,-0.000108504823517208,4.03196175913223e-06,-0.000132619434213943,-0.000277842259619021,-0.00208909055827977,-0.000932695944036332,-0.000269091976984548,-0.000403255508275357,0.000227471779192356,-0.000389741974048619,-0.00104151873661262,-0.00134591267111706,-5.47624458464568e-05,-0.000277842259619021,-5.29133791618008e-05,-0.000997467501798965,9.21858079188098e-05,-0.000516661857789202,4.03196175913223e-06,0.000213940807083368,-0.00744578882768243,-0.0023513174642007,-5.85304175997337e-05,0.000101589388814105,0.000289543275907356,-0.000200045793455672,-0.00367907292871994,-0.000774098000956513,-0.00145393387272552,2.06173563652712e-05,-5.47624458464568e-05,-6.22563626251349e-05,-0.000682962925261599,-0.000872010907774445,-0.000181739008013437,-0.000360096525701792,-0.000459232610789506,0.00113989401869219,0.000163751027081993,1.01807458152692e-05,-0.00259901065980284,-0.000929819918978225,-0.00237041756906109,7.40048573337759e-05,8.29933057930887e-05,-0.00354503557477237,-0.00123711911027335,0.000417323554500193,-0.00319124314400199,-0.000929980091200378,-0.000260363292742483
"5:39115267:G:A",-0.000395188092489285,-0.00252532392291727,-0.00391633503722932,-0.011695218508371,-0.00883471648988632,0.245521617229335,-0.000712169091587,-0.00483555663364843,-0.00600879145543898,-0.00145072315141803,-0.000143957596362654,-7.79575853471215e-05,-0.000969936407667404,-0.00355369516761961,-0.00173104496117649,-0.00571842755832197,-0.0013307511526186,-0.00499843618761364,-0.00301494154642423,0.000118482726819913,-0.0065391449725043,-0.00325201113495543,-0.000268738337664054,-0.000350451244312211,4.34794206078948e-05,-0.00801273199956132,-6.39538372073645e-05,-0.000311853788946159,-0.00969422983613955,-0.0016862342474826,0.000118482726819913,-0.0033646098702107,-0.00029120923765813,-0.00510295960916674,-0.00284841090814236,-0.000319965312974624,-0.00247960127734981,-0.00401123638311507,0.000118482726819913,-0.000268738337664054,-0.00237848232017512,-0.00127621732801142,-0.00025876003700942,-0.00128624210078243,-0.00179607052551223,-0.00155510757146438,-0.00136659332741562,-0.00292356924543657,-0.000350451244312211,-0.000268738337664054,-0.00600291744503734,-0.00680325689882411,-0.00287903760135411,-0.00742816240999922,-7.65290477744429e-06,-0.00722636221158002,-0.00648082317302379,-0.0124396951122763,-0.00173104496117649,-0.00115602461473951,-0.00332592420717326,6.89784101766122e-05,-0.00149861393607997,-0.00273339788961202,-0.000621384437407002,-0.000863442952396376,-0.00197000611545572,-0.00515949743179611,-0.00416174079937903,1.65115267862781e-05,-0.00129924461050113,-0.00148705175492658,0.000194041688929669,-0.00281330708095195,-0.00677535157953901,-0.000322964736420683,-0.00457737170707162,-0.00221236682500248,-0.0090866479190268,-0.00539296360736152,-0.00198267246273343,-0.00264094746726595,-0.00139741837843754,-0.00356881542164178,-0.000198470553399499,-0.00342232426511613,-0.00229369006583635
"5:39115667:A:G",6.71639979188399e-08,-0.00083929045327924,-0.00020000145612542,-0.00447814152257875,-0.001119917235477,-0.000712169091587,0.090643727737219,-0.0017751370498198,-0.00162855196673739,0.000270856768605832,-1.57290472388993e-05,-3.39174769816708e-05,8.53608332462841e-05,-8.52045783501509e-05,2.46261213581178e-05,5.24232238001687e-05,-0.00204476865376435,3.46448203698557e-05,-0.000453308477680103,6.04611679557721e-05,4.96729166741261e-05,-0.000152346148836635,-0.00289788943934699,2.16979051756994e-05,-0.00205550131206333,-9.60858562999434e-05,3.03689041727395e-05,-0.00315457915584183,-0.000436997052396748,-9.6147760356935e-05,6.04611679557721e-05,-4.06027049146829e-05,-0.00162095289139241,-0.000464239365493668,0.00017235101951929,-0.00157403675180667,4.11990463522471e-05,-3.0637157522051e-06,6.04611679557721e-05,-0.00289788943934699,-0.00143341118975826,-0.00594514471684526,-0.00196778008303866,0.000174241081615456,8.78318925767729e-05,-0.0018162376295292,-0.00141200849002132,-0.00209127047792457,2.16979051756994e-05,-0.00289788943934699,-0.000146430635054706,-0.00120205132056217,-5.09692564163444e-05,-0.00011687757428458,-3.0637157522051e-06,-0.000107861315452595,-0.00411025179416358,-0.00167246950592936,2.46261213581178e-05,-0.00141200849002132,-0.000148540491836435,9.02711301602466e-05,-0.0011499297398867,-9.47284740178134e-05,-0.00182459421500081,-1.57290472380112e-05,2.16979051756994e-05,-0.00483113874088392,-0.000484596296328021,-0.00233106309008679,7.51457093617347e-05,0.000138562008684673,-0.00189461559156712,-0.00353645360227617,-8.7002996896679e-05,-0.0012376508051517,-0.00559165306698439,-1.90020991963635e-05,-0.000152803049980221,-3.72380970485864e-05,-4.40121692228956e-05,-0.00371447739977171,-1.90020991981399e-05,-0.0014452149833355,-0.00203633897143352,-0.00639746860860768,0.000112994155052171
"5:39116242:C:A",-0.00822928292785541,0.000182735220295882,-0.00125946625110185,-0.00250233118104992,-0.00311054942500899,-0.00483555663364843,-0.0017751370498198,0.212295331296192,-0.00145351397349103,-0.000201002628884783,1.50571263928256e-05,4.39877112654585e-05,0.000503086524052954,-0.00345393460596721,-0.000279099195108934,-0.00124052223341042,2.44600323213717e-05,-0.0033916862202803,-0.00259770084029043,0.000179350524132538,-7.58740431745508e-05,-0.00145707636545112,-0.00227040786999932,-0.00150941911193669,2.81506780552832e-06,-0.00307776228132806,0.000214603406454295,-0.00398244201250719,-0.000139743896451883,-0.00315629738709333,0.000179350524132538,-0.00281951272623981,-0.00177207565877424,-0.00309560783535412,-0.000815233079118016,2.44600323213717e-05,-6.76218074602275e-05,-0.00361073384283905,0.000179350524132538,-0.00227040786999932,-0.00174860511647168,-0.0046111281649539,-0.00658180675844022,-0.000633312343147452,-0.00128274242132864,-0.00130800536902687,6.65176166307901e-05,-0.00144513376370803,-0.00150941911193669,-0.00227040786999932,-0.00125903162000807,-0.00769925277079464,-0.00460841423125391,-0.000109459030979586,0.000250810338553009,-0.000902364485294349,-0.00506726380189981,-0.0119862722894784,-0.00143101798188372,-0.00366794587741381,0.000175487808069086,0.000142573925880463,-0.00776399277266826,-0.00208714456893855,-0.00476108599635872,1.50571263937138e-05,-3.399189323261e-05,-0.00489675394176281,-0.0046332096139734,-0.00869250122834409,-0.00866869622614974,-0.000218351825287399,-0.00176659572587212,-0.00991074642419321,-0.000754958525267746,-0.00469746884250632,-0.00466218365583737,1.81598255082349e-05,-0.00281476557553972,-0.00176031583587655,-0.00202649498922991,-0.00389784022357542,-0.00214303974360153,-0.00715146812127276,-0.00340016679894539,-0.00502709088807318,-0.000172749252364213
"5:39116451:A:C",-0.00277951494670514,0.000319853242716661,-0.0023289248943712,-0.00102448742567374,-0.000691369365969585,-0.00600879145543898,-0.00162855196673739,-0.00145351397349103,0.10618944974564,-0.00108858151916458,2.15456767795885e-05,7.48980326745752e-05,-0.000212545151554444,-0.000426523362936138,-6.38665655596782e-05,-0.000133985347131826,-0.00140946539730002,-0.00131002431290472,-0.0010534856083213,-0.000144510049366886,0.000281868077940395,-0.00538782951507688,-0.000209401184145364,-5.99308920916641e-05,-0.001653408670653,-0.000186349584905265,-7.16076662490295e-05,-0.00147415000836837,-0.00263950858165884,-0.00230032537916536,-0.000144510049366886,-0.00245143305475626,-0.00139419069807989,-0.00537020879963013,-0.000444038082869191,-0.000175645618261555,-0.000119384315387272,4.21433680397598e-06,-0.000144510049366886,-0.000209401184145364,-0.0018422315655906,6.35433491646964e-05,-0.00127137538648991,-0.000445872818046311,-0.000215653727186904,0.00155819781439526,-0.000116408839144988,3.15436150764015e-05,-5.99308920916641e-05,-0.000209401184145364,-0.00202283567487793,-0.00470699823626664,-0.00169521572312448,-0.000189759121481003,4.21433680397598e-06,-0.00618585936472371,-0.00156239684015747,-0.00443223592357,-6.38665655596782e-05,-0.00147182355198439,-0.0036807564653234,0.000388357172875331,-0.00218935073093629,-0.000528323648905982,-0.000263229843435298,2.15456767804767e-05,-5.99308920916641e-05,-6.77585831931893e-05,-0.00111026518329993,-0.00141755306351499,-0.000199750784340758,-0.00035974935192673,-0.000349779500053771,-0.00587755040593896,-0.00390970311815853,-0.00160533285058673,-0.00112924070156328,-0.00290636673667777,-0.00158319101931959,-0.00466695811771523,8.88970026444724e-05,5.27935721672534e-05,2.60010206787342e-05,-0.000946088875947382,-2.05367590240257e-05,-0.00284040926720763,-0.000729256682736157
"5:39116820:C:T",-0.0033853958794321,-0.00427097173545921,-0.000117279762476663,-0.00242766048597876,-0.00473535409965908,-0.00145072315141803,0.000270856768605832,-0.000201002628884783,-0.00108858151916458,0.185571962424799,2.45515535466367e-05,-6.63302879564398e-05,-0.0045144022199084,-0.000647420890941941,-0.000329971918074712,0.000249316013136713,1.80542066274825e-05,-0.000132663221431351,-0.0112307139386298,0.000601766023961225,-0.00330397399291105,-0.00120918320248808,-0.00424752457910582,-0.000213941848078214,0.00055112137592328,-0.00104853420432915,4.87587844633097e-05,-0.000967133850139579,-0.000608427354041208,-0.00370697498807981,0.000196651795368652,-0.00366706711408415,-0.00115298457085444,0.00148443824367339,-0.00303779864013443,-0.00632562972352968,-0.00209243352355237,-6.00827078933719e-06,0.000196651795368652,-0.00424752457910582,-0.00214791318164087,-0.000400777914534078,-0.00352861497884227,-0.00632536208139634,-0.00305534937236462,-0.000734107171259879,-0.0070723513780786,0.000216136428048408,-0.000213941848078214,-0.00424752457910582,-0.00161037636011097,-0.00341748388698226,-0.0043477901453528,-0.000268175394823267,0.000172054505934049,-0.00164137837617861,-0.0050586882452972,-0.00747279101594334,-0.0015931379057621,-0.00295636901176533,-0.000330534795746296,-3.26483349049056e-05,-0.000747846505995131,-0.00267459653462065,-0.00158844323282059,-0.00286310546320667,-0.000213941848078214,-0.00482365413197172,-0.000341366045827129,-0.00230092648527513,-0.00088398378185417,8.56357556564546e-05,-0.00519895813116156,-0.00283419623896464,-0.00345286279163393,-0.00239795723582459,-0.00131912723588723,-0.000439685242602295,-0.00407312832777063,-0.00151833723062378,-0.000336787471995059,-0.00684790797226942,-0.00198922880387808,-0.00915828038227451,-0.00242414141194658,-0.00194099599098907,-0.00242956901883584
"5:39118441:G:C",3.89097377428982e-07,-1.80281564770013e-05,-2.35383157720648e-05,-0.00072609743098262,2.0617356364383e-05,-0.000143957596362654,-1.57290472388993e-05,1.50571263928256e-05,2.15456767795885e-05,2.45515535466367e-05,0.0550773098283486,-3.61447029550988e-06,8.36414689686649e-06,1.42806039429288e-05,2.59922868472984e-06,5.35469331097715e-06,-2.42909641290368e-06,4.27744505149263e-06,2.28279026845968e-05,6.02044650488409e-06,5.12498737670342e-06,-8.48222470306581e-06,8.17015595622195e-06,-0.0058733389864809,-3.01457346143508e-05,6.71215514813639e-06,3.10528250846431e-06,-0.00591684558551364,-6.84917555027198e-06,-0.00153029865220766,6.02044650488409e-06,-4.27576135475505e-06,2.14092887400597e-05,2.33690193782721e-05,1.53833604183973e-05,-2.42909641290368e-06,0.000460543661046309,-2.85601567284743e-07,6.02044650488409e-06,8.17015595622195e-06,-0.00133676651670367,-4.71460677458069e-05,1.40099180443443e-05,1.54953118078893e-05,8.55480876893466e-06,1.46683114827795e-05,-6.03279096900167e-06,-2.53080314154275e-05,-0.0058733389864809,8.17015595622195e-06,-0.00574982883259878,5.27931535643233e-06,-5.31148931059988e-06,6.93176754484881e-06,-2.85601567284743e-07,-1.20715226286094e-05,-0.000133982362140905,-0.0035893161742715,2.59922868472984e-06,-6.03279096900167e-06,-1.70365526521721e-05,8.74221733049296e-06,-0.00177468436793493,-0.00138842581255005,9.35705797999731e-06,-1.47833374875006e-06,-0.0058733389864809,2.8544210826098e-06,7.01970248950801e-06,-0.00196216245636016,7.56741735408184e-06,-0.00301621568782462,1.64854422548544e-05,-0.00174762516429094,-9.42896301925344e-06,-4.39612726088612e-05,-0.00393248534310509,-1.78969144482011e-06,-0.000764912395029071,-3.94228513211914e-06,-0.00336205965264913,-2.60717526856524e-06,0.00208259530466481,-2.87800544658268e-05,-0.00212484311394689,-0.000860793524418035,1.07824854511662e-05
"5:39118543:T:C",7.93555753553221e-07,-3.82299555399257e-05,-4.82917200610444e-05,0.000680353945965884,6.95850426195577e-05,-7.79575853471215e-05,-3.39174769816708e-05,4.39877112654585e-05,7.48980326745752e-05,-6.63302879564398e-05,-3.61447029550988e-06,0.00442025975376481,2.22523354205251e-05,4.13713606377542e-05,6.44794018178629e-06,1.37058518845379e-05,-5.88686617675194e-06,1.05070531288831e-05,-0.00012356914192857,1.55833532957672e-05,1.30653618430898e-05,-1.95284754740399e-05,2.16644779129638e-05,5.7699000644007e-06,-5.96777383670144e-05,1.73494283854936e-05,7.78077916763209e-06,-1.0379905897473e-05,-1.66123822715747e-05,-5.37245486658122e-05,1.55833532957672e-05,0.00040355674951531,7.39698656930798e-05,-0.00010508773209672,4.5677706259184e-05,-5.88686617675194e-06,1.10980885876799e-05,-0.0018076542485721,1.55833532957672e-05,2.16644779129638e-05,-7.9473198247193e-05,-1.06852740273666e-05,4.03485348421384e-05,4.61283434463056e-05,-0.0049155031526702,4.28590600547452e-05,-1.40079136015103e-05,-5.14365567569897e-05,5.7699000644007e-06,2.16644779129638e-05,3.1718074078313e-05,7.04394888053628e-05,-1.23904191751123e-05,1.79882039663681e-05,-7.06302828668015e-07,0.00135006948932137,-6.34289737044824e-05,3.9003341401056e-06,6.44794018178629e-06,-1.40079136015103e-05,-3.63348407663722e-05,2.34078448215769e-05,-0.000796944974848834,-2.29760244234711e-05,2.50677653346187e-05,-3.61447029373352e-06,5.7699000644007e-06,7.11818869802983e-06,1.79875912404981e-05,2.44637672519588e-05,1.98590555458011e-05,3.66393698119083e-05,4.98637985533179e-05,-0.000249959793186427,0.00205388993281996,-8.16285752121004e-05,-0.000835523120398918,-4.36298639083788e-06,-3.72767989436085e-05,-9.26729003491999e-06,-1.08106461826907e-05,-6.69254189578083e-06,-4.36298639261423e-06,-5.75567266736243e-05,-0.000306416964214407,0.000118161398708239,2.9645908089293e-05
"5:39121001:C:T",-4.640526176658e-06,9.73450110954843e-05,0.000122231990253852,0.000430903147115025,-0.00019408178429714,-0.000969936407667404,8.53608332462841e-05,0.000503086524052954,-0.000212545151554444,-0.0045144022199084,8.36414689686649e-06,2.22523354205251e-05,0.0626960569580497,-0.000116057991544238,-1.76853896363127e-05,-3.74655423343029e-05,1.36073731766828e-05,-3.35939502837945e-05,-0.00496856028391246,-4.17999831130444e-05,-3.59886593708225e-05,4.48368808489974e-05,-5.90845986927491e-05,-1.61173503041567e-05,0.000149836642947321,-4.91949713250506e-05,-2.0770725516428e-05,-0.00257137456689982,2.72713840772099e-05,-0.00279465601487683,-4.17999831130444e-05,2.57817811100125e-05,-0.000210824429757395,-0.00491254266087715,-0.000125606580088089,1.36073731766828e-05,-3.14580076610227e-05,1.63678255571398e-06,-4.17999831130444e-05,-5.90845986927491e-05,0.00019387498927248,2.46403960151298e-05,-0.00011379509811249,-0.000126607779138865,-6.17705022021298e-05,-0.000119352825953101,3.49487771691415e-05,0.000129351285817592,-1.61173503041567e-05,-5.90845986927491e-05,-0.00241966575297425,-0.00420148308839163,3.12214990252357e-05,-5.06564813855803e-05,1.63678255571398e-06,6.86333032513531e-05,-0.00373025979220643,-0.00429288651298787,-1.76853896363127e-05,3.49487771691415e-05,9.30153837357395e-05,-6.30914406318794e-05,-0.00239114379954852,5.80158827503396e-05,-0.00207176823888222,8.36414689864284e-06,-1.61173503041567e-05,-1.92364231388353e-05,-0.00454985298495725,-6.91893582498437e-05,-0.00071754562843207,-0.000100871405251723,-0.000139967571882949,-0.00549175764906629,-0.00152351463431621,0.000200530517625808,-0.00241034410875507,1.00925400818852e-05,9.5168476258678e-05,2.40075632964576e-05,2.75752979668198e-05,-0.00100059849673428,1.0092540080997e-05,-0.00131072059385051,-0.000890542309950781,-0.00515061935162997,-8.09784447097783e-05
"5:39123605:T:C",-0.00137988363669628,-0.0026894726147253,0.00022053447892123,-0.00381841782247516,-0.000589680996678332,-0.00355369516761961,-8.52045783501509e-05,-0.00345393460596721,-0.000426523362936138,-0.000647420890941941,1.42806039429288e-05,4.13713606377542e-05,-0.000116057991544238,0.0770640797189235,-3.40199395996166e-05,-7.20899261450469e-05,-0.000154511092388177,-0.00305107385059245,-0.000216742619063126,-7.94660455749607e-05,-6.95776119092884e-05,-0.00160332791260132,-0.000113773660451955,-3.13443603250363e-05,-0.000129706075934877,0.00218134378916268,-3.92865595202352e-05,-0.000119683143360305,-0.000453453723166852,-0.000863750389438422,-7.94660455749607e-05,4.73915786614043e-05,-0.00335081287690464,-0.000844996471903059,-0.00024460742170973,2.32203338619286e-05,-6.18736561088795e-05,2.79645986456245e-06,-7.94660455749607e-05,-0.000113773660451955,-0.00134362640084174,-0.00140595545426159,-0.00574954017759399,-0.000246223219573238,-0.000118317510153787,-0.000234513432587846,6.30045878642349e-05,-0.000122176686762288,-3.13443603250363e-05,-0.000113773660451955,-7.01265383113991e-05,-0.000560409819812424,-0.00182651478213547,0.000721813642189595,2.79645986456245e-06,0.000125920357270104,-0.0036017372309165,-0.00224837767601116,-3.40199395996166e-05,-0.00254096191702313,0.000169466603815671,-0.000120552616248659,-0.00179701445945035,-0.00184606947960475,-0.000138961883383359,-0.00158114494629569,-3.13443603250363e-05,-3.6667191565698e-05,6.87006577493321e-05,-0.00281367884051953,-0.000417423575814091,-0.00084240229933652,-0.000579035646784298,-0.00866623609692496,9.84878664986866e-05,-0.00183640260074025,-0.000249696093311158,-0.0015504220051783,0.000173086502263331,4.43658902229416e-05,5.04489070491942e-05,-0.00601016038601632,1.72285844319831e-05,-0.00113074643381772,-0.00157580112839018,-0.000935454013103687,-0.000156410763789694
"5:39128437:A:T",-9.6882486655403e-07,2.77901167908823e-05,3.46587494464146e-05,-0.00172196715131712,-5.85304175997337e-05,-0.00173104496117649,2.46261213581178e-05,-0.000279099195108934,-6.38665655596782e-05,-0.000329971918074712,2.59922868472984e-06,6.44794018178629e-06,-1.76853896363127e-05,-3.40199395996166e-05,0.0557512575664596,-1.08405650447452e-05,4.22234668118193e-06,-0.000214058210643131,-0.000357152723546861,-1.22323874816033e-05,-1.03670743758499e-05,1.37885912572244e-05,-1.724452661378e-05,-4.5784345807931e-06,4.21866659063852e-05,-1.40255526739352e-05,-6.04854356645035e-06,-0.00300719019695173,-0.00169035540330142,-0.00191846906687498,-1.22323874816033e-05,7.52894712441332e-06,-0.0040702940556514,-0.00352935959677048,-3.73296645106436e-05,4.22234668118193e-06,-8.91692026439017e-06,5.09606246090755e-07,-1.22323874816033e-05,-1.724452661378e-05,-0.00215463277260053,7.62190934544549e-06,-0.00371951629022327,-3.76776652037947e-05,-1.81217220038832e-05,-3.51601049954908e-05,1.03263747321947e-05,3.66904600364037e-05,-4.5784345807931e-06,-1.724452661378e-05,-0.00938580889460816,-0.00309118256369878,9.19074014404941e-06,-1.45001761993058e-05,0.000168663489377607,1.96856973246895e-05,-0.00156340288998447,-0.00230995525903754,-1.85833492007959e-05,1.03263747321947e-05,2.65280829996328e-05,-1.85535924330793e-05,-1.46752478720202e-05,1.68866624763453e-05,-2.03377751528677e-05,2.59922868650619e-06,-4.5784345807931e-06,-5.56340535684541e-06,-0.00144147594321886,-1.98844849306212e-05,-0.00380903151112122,-2.9713368863149e-05,-4.13371336076551e-05,-0.00208691891619406,1.56942931415216e-05,-0.00245459924408831,-1.88805790717339e-05,-0.00188948398182731,2.71561104359108e-05,6.98580913827129e-06,8.07742992314786e-06,3.91241970731926e-06,3.13481282443462e-06,-0.00270584471921964,-4.41080901207869e-05,-0.000106847933313503,-2.3792524552313e-05
"5:39129364:A:G",-2.42909434522431e-06,5.94281785497586e-05,-0.00283502862576412,-0.00544861986589229,-0.000122518932268889,-0.00571842755832197,5.24232238001687e-05,-0.00124052223341042,-0.000133985347131826,0.000249316013136713,5.35469331097715e-06,1.37058518845379e-05,-3.74655423343029e-05,-7.20899261450469e-05,-1.08405650447452e-05,0.0404857848883813,8.7044661425395e-06,-1.98585171675703e-05,0.00015974023546228,-2.59054052635932e-05,-2.21160985738322e-05,2.85440054943464e-05,-3.65765168774956e-05,-9.82775557378801e-06,9.07413107933408e-05,-3.0075946105157e-05,-1.28347736954026e-05,-0.000226019486778917,1.95532231961337e-05,7.88769305390957e-05,-2.59054052635932e-05,1.59467735638685e-05,-0.000948804046458029,0.000286009209413685,-7.85923227599739e-05,8.7044661425395e-06,-1.91662664814629e-05,1.04892504904086e-06,-2.59054052635932e-05,-3.65765168774956e-05,0.000117132154846544,-0.0016876300572326,-0.00111413013662354,-7.92750719398327e-05,-3.83451313625827e-05,-7.43317787241793e-05,2.17556337283042e-05,7.86714206055805e-05,-9.82775557378801e-06,-3.65765168774956e-05,-0.00244371755512685,0.000132815562854383,1.93957690086677e-05,-3.10354654562417e-05,1.04892504904086e-06,4.2017981439102e-05,-0.00325572784451023,-1.20371426044485e-05,-1.08405650447452e-05,-0.0018287325424593,5.67551347145923e-05,-3.92154326043226e-05,-9.37342138191966e-05,3.58115270779891e-05,-4.34052555480235e-05,5.35469331097715e-06,-9.82775557378801e-06,-1.1842850468291e-05,-0.00122750625845391,-0.00139095733030814,-3.38512875357466e-05,-6.27957874677065e-05,-0.00109388544114619,3.28885016642744e-05,-0.00195172495999429,0.000120721455531658,-0.00106268938244991,6.45951399569356e-06,5.80849096598612e-05,1.48205897207987e-05,1.70845784310814e-05,-0.00313890379394177,6.4595139939172e-06,-0.000692560751459403,-0.00124185242819763,-0.00242378204454141,-5.03255696484572e-05
"5:39133708:A:G",5.88438081372544e-07,-0.00115419310861764,-3.83842104083598e-05,-0.00222137420919388,3.35590053772705e-05,-0.0013307511526186,-0.00204476865376435,2.44600323213717e-05,-0.00140946539730002,1.80542066274825e-05,-2.42909641290368e-06,-5.88686617675194e-06,1.36073731766828e-05,-0.000154511092388177,4.22234668118193e-06,8.7044661425395e-06,0.0593772757603812,6.88050040054122e-06,3.03647965438358e-07,9.79837140135942e-06,8.3269150197296e-06,-0.0017453981204687,1.32885510426561e-05,3.79572225472913e-06,-0.00284190248756566,-8.83987849560341e-05,5.05372057624243e-06,-0.00192119367434795,-0.000389351905734081,-3.7769909419616e-05,9.79837140135942e-06,-6.97328232757144e-06,-0.00139751760789952,-0.000179602498898923,2.50346950210201e-05,-0.00199445789715735,7.15333470768797e-06,-4.69131523850308e-07,9.79837140135942e-06,1.32885510426561e-05,-6.95196596884884e-05,-0.00499437619888354,-0.00163707632886201,2.5218728681331e-05,1.39206742035825e-05,-0.00149600767422964,-0.00180599579285712,-0.00420676023537681,3.79572225472913e-06,1.32885510426561e-05,5.80175720799048e-07,-0.000473674472559971,-8.67552465599886e-06,-0.000111547818969271,-4.69131523850308e-07,-1.96684701361249e-05,-0.00245666696098912,2.86612965183508e-06,4.22234668118193e-06,-0.00180599579285712,-2.77646739732518e-05,1.42285809161535e-05,1.13483392611968e-05,-1.67370553070256e-05,-0.00234506222087383,-2.4290964120155e-06,3.79572225472913e-06,4.64162350954922e-06,-0.00096629323738906,-0.00194977716700162,1.22976329786084e-05,2.09969694076051e-05,-0.00159566731732674,-0.00197370688660126,-1.53858464493339e-05,-7.18356542712684e-05,-0.00202801920987294,-2.94094014119395e-06,-2.85724891133654e-05,-6.42538153794447e-06,-7.53078802873119e-06,-0.00181037647855486,-2.94094014208213e-06,-0.00169278936196182,-0.00173795747619021,-0.00540829042767843,1.75422200081599e-05
"5:39133805:G:T",-0.00937322276047148,3.79584530163513e-05,-0.00122973857432651,-4.48161015720316e-05,-0.00273258219425365,-0.00499843618761364,3.46448203698557e-05,-0.0033916862202803,-0.00131002431290472,-0.000132663221431351,4.27744505149263e-06,1.05070531288831e-05,-3.35939502837945e-05,-0.00305107385059245,-0.000214058210643131,-1.98585171675703e-05,6.88050040054122e-06,0.188068512442213,-0.000360017178417049,5.26992737936993e-05,-1.8970044003197e-05,-0.000261787515057677,-0.00258182986862732,-0.00167418563965427,-0.000180703936639048,-0.00278283802449319,-1.07201588699368e-05,-0.00293928073560412,-3.17641048637185e-05,-0.000390632839650351,-2.24913735573651e-05,-0.00304720365452482,-0.00559000398349685,-0.00559023268248326,-0.000813023676644598,6.8805004014294e-06,-1.627205300192e-05,8.49035721728342e-07,-2.24913735573651e-05,-0.00258182986862732,-0.000865870868628882,-0.00057369200426205,-0.0118160898327631,-0.000629934930482356,-3.44659728037655e-05,-0.00131313544391443,1.62959321725609e-05,4.5685101150994e-05,-0.00167418563965427,-0.00258182986862732,-0.000579022598427237,-0.0122467434631863,-0.00424154172635838,-2.73140356208401e-05,5.89505248260735e-05,-0.000794134611044939,-0.00483440744378028,-0.0105455099460903,-0.00159362906910854,-0.00581645914141049,3.66743478101839e-05,-3.5331814794759e-05,-0.00520099157856979,2.53796260194505e-05,-0.00161379073089396,4.27744505415717e-06,-8.10734964851179e-06,-0.00526754114211325,-0.00432654249870357,-0.00797160346403647,-0.00496008988724839,-6.01453875637148e-05,-0.00146750365875636,-0.0108398535080156,-0.00190587448797785,-0.0053927362311823,-0.00418689330149125,5.14224641623429e-06,-0.00254618961587827,-0.00158487715774491,-0.00185534071441218,-0.00404411644996205,-0.00194363289347255,-0.00214833518926838,-0.003545828385497,-0.00184759141554558,-4.66984752929278e-05
"5:39135868:T:G",-0.00481748298123286,-0.00467325455128886,-0.000276394676561154,-0.00719596474317674,-0.002149871065253,-0.00301494154642423,-0.000453308477680103,-0.00259770084029043,-0.0010534856083213,-0.0112307139386298,2.28279026845968e-05,-0.00012356914192857,-0.00496856028391246,-0.000216742619063126,-0.000357152723546861,0.00015974023546228,3.03647965438358e-07,-0.000360017178417049,0.207757031121581,0.000249784064464187,-0.00721777974691928,-0.00289064744632039,-0.00409577636704928,-0.000241721065224354,-0.000126565615872209,-0.000357265067335799,9.86698136191677e-05,-0.000198533095925768,-0.0004745888999107,-0.00495942628997215,5.57959646485529e-07,-0.00388416357876498,-0.00135080308090396,-0.00339834631216229,-0.00354419621661073,-0.000321740357187572,-0.00206582275002187,-1.37308775087774e-05,5.57959646485529e-07,-0.00409577636704928,-0.00808864274750709,-0.000442936294152929,-0.00383868208194826,-0.00706679183413161,-0.00154932896933246,-0.000341308329726786,-0.000455845448665393,-0.00098160522820967,-0.000241721065224354,-0.00409577636704928,-0.00226462251204484,-0.0125446868439645,-0.00170190942556658,-1.6271691666514e-05,0.000239432838532672,-0.0017388897077808,-0.00883252902592924,-0.0060739281978015,-0.00154389001428168,-0.00208422190573998,-0.00552240918630975,4.92958204896254e-05,-0.00170362881755626,-0.00359803613459952,-0.00223556787305768,-0.00405231497101166,-0.000241721065224354,-0.00493349456832881,-0.000330133009918132,-0.00285573673720041,-0.000222213757051115,4.56653048699351e-05,-0.00394866706866859,-0.000104203340206777,-0.00219823623228077,-0.00216174505331512,-0.000753973316711232,-0.000379873635021788,-0.00178083777505655,-0.00157590348653969,-0.000403207117911641,-0.0061308812574854,-1.88989129421557e-05,-0.0089348507227851,-0.0032291953794048,-0.00112055443370451,-0.00355795161548045
"5:39139135:T:A",-2.84736098521421e-06,6.88250829199433e-05,8.66448087570859e-05,0.000343028093216624,-0.000132619434213943,0.000118482726819913,6.04611679557721e-05,0.000179350524132538,-0.000144510049366886,0.000601766023961225,6.02044650488409e-06,1.55833532957672e-05,-4.17999831130444e-05,-7.94660455749607e-05,-1.22323874816033e-05,-2.59054052635932e-05,9.79837140135942e-06,5.26992737936993e-05,0.000249784064464187,-0.00868922855555887,-2.48443839110379e-05,3.23635161807445e-05,-4.08301794738719e-05,-1.110521117198e-05,0.00010655151716854,-3.37225135407238e-05,-1.4449520564952e-05,1.37005329854389e-05,2.15518317698837e-05,9.16186331334501e-05,0.00181307517290286,-0.00127123400945273,0.00102854368810767,0.000434127067443946,-8.63684702521184e-05,9.79837140135942e-06,-2.15881318048616e-05,1.17754508988099e-06,0.00181307517290286,-4.08301794738719e-05,0.00013899964110653,1.77579326017252e-05,0.000617453969702808,-8.70918315216684e-05,0.00110243423545597,-8.18485373166311e-05,2.47431945741283e-05,9.18476711611049e-05,-1.110521117198e-05,-4.08301794738719e-05,-4.72430472839847e-05,0.000240656074811163,2.20522446729987e-05,-3.47734748782358e-05,1.17754508988099e-06,4.83234858474901e-05,-0.000140089273679145,5.41817460764094e-05,-1.22323874816033e-05,2.47431945741283e-05,6.56761595578814e-05,-4.37073043082492e-05,-4.80481480007455e-05,4.1009035243178e-05,-4.83886926669896e-05,6.02044650488409e-06,-1.110521117198e-05,0.00036338394363522,-3.68436134055017e-05,-4.74018061327186e-05,-3.78539724747995e-05,0.000614461760334528,-9.57155772907115e-05,0.000404249273089796,3.81303109779907e-05,0.000143635620635685,-6.22058776293954e-05,7.26548056384502e-06,6.72417956355531e-05,1.68485690217324e-05,1.94213660176246e-05,1.78066194367332e-05,7.26548056206866e-06,0.00010072143565143,-0.000102665587134787,0.000263077503053211,-5.58811676780735e-05
"5:39139235:A:T",-2.29178807753527e-06,5.62183040102582e-05,7.01197275816412e-05,9.57696389942697e-05,-0.000119075323654627,-0.0065391449725043,4.96729166741261e-05,-7.58740431745508e-05,0.000281868077940395,-0.00330397399291105,5.12498737670342e-06,1.30653618430898e-05,-3.59886593708225e-05,-6.95776119092884e-05,-1.03670743758499e-05,-2.21160985738322e-05,8.3269150197296e-06,-1.8970044003197e-05,-0.00721777974691928,-2.48443839110379e-05,0.0622466662226051,-0.00249238765889004,-3.51275126790895e-05,-9.39372846175957e-06,8.53375517095856e-05,-2.88366443967902e-05,-1.22843831880104e-05,-0.00360686663944243,-8.05406737738323e-05,7.44826679497379e-05,-2.48443839110379e-05,-0.00280167980329704,-0.00012912390497366,-0.000294134977525395,-7.59417564006881e-05,8.3269150197296e-06,-1.83437032577061e-05,1.00456487217571e-06,-2.48443839110379e-05,-3.51275126790895e-05,0.000109631019014067,1.50371860501153e-05,-6.80730240771865e-05,-7.66104851024352e-05,-3.68408533502063e-05,-7.17708279509566e-05,2.07320173277736e-05,-0.00201068196436438,-9.39372846175957e-06,-3.51275126790895e-05,-0.00572401904847908,-3.35764053076559e-05,1.8486480030333e-05,-2.97645581470718e-05,1.00456487217571e-06,-0.00665403479119586,-0.000907899481319419,-0.000163882595699327,-1.03670743758499e-05,-0.00192880982313248,5.37095389434583e-05,-3.76842321339055e-05,-0.000286212478497028,-0.00237562315061002,-4.17098641847247e-05,5.12498737847977e-06,-9.39372846175957e-06,-1.13305771956007e-05,-0.00132506218064332,-4.08272881449179e-05,-3.24889382410376e-05,-6.05392276789019e-05,-8.44619318431938e-05,-0.00406830057562946,-0.00205245720021097,0.000112872977912737,0.00018447692521395,6.18140114383436e-06,-0.00172369006884221,-0.00501331473726729,1.62856359535724e-05,-1.44458366060363e-05,6.18140114383436e-06,8.11701561902467e-05,-0.000581917863685,-0.0002190483544533,-0.000778036328626719
"5:39140207:T:C",-1.24729644914723e-05,-0.00112516049907541,-0.000965285985283337,-0.00876855278783761,-0.00613759576046391,-0.00325201113495543,-0.000152346148836635,-0.00145707636545112,-0.00538782951507688,-0.00120918320248808,-8.48222470306581e-06,-1.95284754740399e-05,4.48368808489974e-05,-0.00160332791260132,1.37885912572244e-05,2.85440054943464e-05,-0.0017453981204687,-0.000261787515057677,-0.00289064744632039,3.23635161807445e-05,-0.00249238765889004,0.0891963953804846,4.37220971214458e-05,1.22982433454766e-05,-0.000387650788933769,-0.00182238472644336,1.66887168608909e-05,-0.00167896276024404,-0.000132493062892536,-0.000417583678343547,3.23635161807445e-05,-2.33184944287146e-05,-0.000661528221069574,-1.25999805522525e-05,8.26485180613901e-05,-1.97858953479013e-05,2.31092961442414e-05,-1.63498890604075e-06,3.23635161807445e-05,4.37220971214458e-05,-0.00035278906744729,-4.66780155372604e-05,-0.000329403572132847,8.32929173357755e-05,4.59312950873425e-05,-0.00251986752499711,-5.26407384660033e-05,-0.000318569381849265,1.22982433454766e-05,4.37220971214458e-05,-0.0022687971774431,-5.14872865631233e-06,-0.00182834271324417,-0.00178068374376394,-1.63498890604075e-06,-6.53982832732325e-05,-0.00624371514231159,-0.000590332067742949,1.37885912572244e-05,-0.0026498248725817,-4.1655853548761e-06,4.70058340500401e-05,0.000160514816745838,-0.00155610253094896,-0.000515311637921734,-0.0018049286188031,-0.00207680404723654,1.52518647071886e-05,-0.00402014207182955,-9.58376220072665e-06,4.02503509526753e-05,-0.00143476852780111,-4.4487434669449e-05,-0.00813375608911127,-5.16157474512724e-05,-0.000319114337166582,-6.60509292726985e-05,-0.00177749958102069,0.00039546722130801,-2.14062142207538e-05,-0.00307829078488808,-0.000150137315320542,-4.45698087787605e-05,-8.63559111268231e-05,-0.000594489376075202,-0.00379572337152201,0.000825778408517053
"5:39141573:G:T",-0.00124851344313104,9.43906748096524e-05,-0.00257178337024744,-0.000962902617212436,-0.000277842259619021,-0.000268738337664054,-0.00289788943934699,-0.00227040786999932,-0.000209401184145364,-0.00424752457910582,8.17015595622195e-06,2.16644779129638e-05,-5.90845986927491e-05,-0.000113773660451955,-1.724452661378e-05,-3.65765168774956e-05,1.32885510426561e-05,-0.00258182986862732,-0.00409577636704928,-4.08301794738719e-05,-3.51275126790895e-05,4.37220971214458e-05,0.0714402539224981,-0.00112261126668045,0.000144844580705517,-4.80352940153139e-05,-2.02658133652278e-05,-0.00132078821088744,2.68581189768469e-05,-0.000304875581605302,-4.08301794738719e-05,2.51044310441983e-05,-0.00166102104670962,-0.00415440901095021,-0.000123221609847235,-0.0034082118526424,-0.00143883860781546,1.59931555643311e-06,-4.08301794738719e-05,0.0011197493059063,-0.000271917420648471,2.40506998894219e-05,-0.000934930804383782,-0.000124212599936335,-6.03981377258478e-05,-0.000117033096265651,-0.00319331306539627,-0.00260540196203962,-0.00112261126668045,0.0011197493059063,-0.00125580173803996,-0.00281502622087704,3.04039355851771e-05,-4.94714408745267e-05,1.59931555643311e-06,6.66508036379909e-05,-0.00032940094613032,-0.00656886979231608,-1.724452661378e-05,3.4033532039679e-05,9.02052480338256e-05,-6.16974604801257e-05,-0.00274027831466928,5.64044088431359e-05,-6.8991204272173e-05,-0.00146214738793393,-0.00112261126668045,-1.87632592947296e-05,-5.32184598265317e-05,-6.76409552848867e-05,-0.000904261232594905,-9.88229680656261e-05,-0.000137390017633798,-0.00301423405216994,5.25413771184091e-05,-0.000346251519130369,-0.00129229879126314,-0.00143276102756396,9.22868755122153e-05,2.33753456129193e-05,-0.00204221167248253,-0.00118887092238662,9.85767508954183e-06,-0.00030619979970048,-0.00226087630253424,-0.000345935815651899,-0.000490523722404212
"5:39141808:C:T",-8.58130926317813e-07,-0.00176732716604544,3.02276544053015e-05,-0.00310672353926211,-5.47624458464568e-05,-0.000350451244312211,2.16979051756994e-05,-0.00150941911193669,-5.99308920916641e-05,-0.000213941848078214,-0.0058733389864809,5.7699000644007e-06,-1.61173503041567e-05,-3.13443603250363e-05,-4.5784345807931e-06,-9.82775557378801e-06,3.79572225472913e-06,-0.00167418563965427,-0.000241721065224354,-1.110521117198e-05,-9.39372846175957e-06,1.22982433454766e-05,-0.00112261126668045,0.071936641628823,3.6505345218707e-05,-1.27374412173253e-05,-5.46561927272649e-06,-0.000120268154287118,9.25607060064948e-06,-0.00238587912218335,-1.110521117198e-05,6.73373931014964e-06,-0.00118868658797577,-0.0021676626453484,-3.44783442711716e-05,3.79572225472913e-06,-0.00462767031256028,4.59453442402946e-07,-1.110521117198e-05,-0.00112261126668045,-0.00216178679933954,6.83307470872307e-06,-0.00138703904077087,-3.4808508051043e-05,-1.65213818501542e-05,-3.24227301442548e-05,9.21980922008458e-06,3.19373051151928e-05,0.00010221267999011,-0.00112261126668045,-4.5620694218762e-05,-0.00171151240751399,8.21200237233199e-06,-1.31748459129e-05,4.59453442402946e-07,1.74152814880202e-05,-0.00222474135102146,-0.00701631045161566,-4.5784345807931e-06,9.21980922008458e-06,2.33200585215698e-05,-1.69215039722559e-05,-0.00176687709952805,1.49854661630755e-05,-1.85591546433272e-05,2.33960501017094e-06,-0.00345470682293847,-5.02408655478348e-06,-1.36718508407796e-05,-1.81380556778521e-05,-0.00341705655500757,-2.73041637930405e-05,-3.82689858984264e-05,-0.000470592651518054,1.39398687055703e-05,-0.00195627740986914,-0.00177516347968254,2.82050184186033e-06,2.38591575163483e-05,6.24968793694336e-06,-0.00360701134780861,-0.00172844095690472,-0.00547229648544079,-0.00487229103366005,-4.08915516372232e-05,-0.00010249962318909,-2.17763227858825e-05
"5:39142008:C:A",-8.98904945243473e-05,-0.000275097760236598,-0.000348779029937241,-0.00533762142457972,-0.00140134232975875,4.34794206078948e-05,-0.00205550131206333,2.81506780552832e-06,-0.001653408670653,0.00055112137592328,-3.01457346143508e-05,-5.96777383670144e-05,0.000149836642947321,-0.000129706075934877,4.21866659063852e-05,9.07413107933408e-05,-0.00284190248756566,-0.000180703936639048,-0.000126565615872209,0.00010655151716854,8.53375517095856e-05,-0.000387650788933769,0.000144844580705517,3.6505345218707e-05,0.0622334280140824,-0.000210569504082159,5.33383864054215e-05,-0.00324744763604379,-0.00269777833789409,-9.44041760968517e-05,0.00010655151716854,-7.23487512956922e-05,-0.00190133165448625,0.000621973373281293,0.000306316818391217,-4.91752770184206e-05,6.87071110077042e-05,-5.87894952008838e-06,0.00010655151716854,0.000144844580705517,-0.000839564301481133,-8.95543147807487e-05,0.000259129321481311,0.000310284848063169,0.000154766592406652,-0.00181567333444033,-0.000105470441906341,-0.00165714196210054,3.6505345218707e-05,0.000144844580705517,-0.00314415463249418,-0.00401503030908046,-9.19662706406754e-05,-0.000228682810456959,-5.87894952097656e-06,-0.000188849854766637,-0.00269402039516464,-0.000456380050922078,4.21866659063852e-05,-0.00351455674462375,-0.000259372117593415,0.00015963557813059,8.52085214724241e-05,-0.00016915329515399,-0.0014450818004752,-0.000243280897280762,3.6505345218707e-05,4.77972433410301e-05,-0.00266278568396405,-0.00130718232541582,0.000129483786345475,-0.00205810546222018,-0.00156923683875032,-0.00326646847075462,-0.00015472453198484,-0.0011797571316956,0.000113667303791587,-3.6407391016624e-05,-0.000267184046071733,-6.59735287271701e-05,-7.88049126851931e-05,-0.00138856607052418,-0.00356358119005229,-0.000437502046588989,0.000324143784812492,-0.00175394244432336,-0.0027883274701157
"5:39147144:T:A",-3.36819513524489e-06,-0.00296813539927232,8.97673542707977e-05,-0.00367362703221064,-0.000553192181196316,-0.00801273199956132,-9.60858562999434e-05,-0.00307776228132806,-0.000186349584905265,-0.00104853420432915,6.71215514813639e-06,1.73494283854936e-05,-4.91949713250506e-05,0.00218134378916268,-1.40255526739352e-05,-3.0075946105157e-05,-8.83987849560341e-05,-0.00278283802449319,-0.000357265067335799,-3.37225135407238e-05,-2.88366443967902e-05,-0.00182238472644336,-4.80352940153139e-05,-1.27374412173253e-05,-0.000210569504082159,0.111731349450075,-1.65656722508345e-05,-0.000226671172081971,-0.000343402077687571,-0.00580902035314246,-3.37225135407238e-05,2.01170582672106e-05,-0.00228336376052951,-0.00366363765286071,-0.000105741979274043,1.08907319669171e-05,-2.50450348042719e-05,1.31796042079912e-06,-3.37225135407238e-05,-4.80352940153139e-05,-0.00661205100387452,-0.00517151555220874,-0.0045609365093453,-0.000106656146940054,-5.03431803595689e-05,-0.00010004518265827,2.72562487557693e-05,-0.000180723940850669,-1.27374412173253e-05,-4.80352940153139e-05,-0.000158761891802861,-0.00334212180111049,2.43620746260831e-05,-0.000572698176889652,1.31796042079912e-06,5.20849899317e-05,-0.00294185385036272,-0.00641244383568651,-1.40255526739352e-05,2.72562487557693e-05,6.95465298683473e-05,-5.14800851272312e-05,-0.00139667001644472,-0.00208210582383206,-5.75291244793164e-05,-0.00176415265560514,-1.27374412173253e-05,-1.53015763082465e-05,-0.00658423199820657,-5.63373269386602e-05,-0.000277139776091673,-0.000907032419241283,-0.000342968889429862,-0.0203924874646653,4.15027831524029e-05,-0.00222470147613674,-0.000291308029039428,-0.00173512412183108,7.10905655108007e-05,1.87271051395044e-05,2.1519436685935e-05,-0.00559443066346788,8.09208269547668e-06,-1.19852675597443e-05,-0.00118253023492976,-0.00140297523439159,-6.66257397492487e-05
"5:39150591:C:T",-1.19543099152963e-06,3.44421869211686e-05,4.33591226158825e-05,0.00021853754497414,-6.59409800283228e-05,-6.39538372073645e-05,3.03689041727395e-05,0.000214603406454295,-7.16076662490295e-05,4.87587844633097e-05,3.10528250846431e-06,7.78077916763209e-06,-2.0770725516428e-05,-3.92865595202352e-05,-6.04854356645035e-06,-1.28347736954026e-05,5.05372057624243e-06,-1.07201588699368e-05,9.86698136191677e-05,-1.4449520564952e-05,-1.22843831880104e-05,1.66887168608909e-05,-2.02658133652278e-05,-5.46561927272649e-06,5.33383864054215e-05,-1.65656722508345e-05,-0.000576514842935083,7.70182162490585e-06,1.2188477014341e-05,-0.000256618194272029,-1.4449520564952e-05,9.09020117845216e-06,0.000531576855774318,8.10263342136963e-05,-4.29384135793853e-05,5.05372057624243e-06,-1.05953242179879e-05,-0.00204121466972396,-1.4449520564952e-05,-2.02658133652278e-05,-0.000486447939045398,9.15836505921419e-06,0.00033760920938164,-4.33211669559341e-05,0.0011165090681704,-4.05469708395501e-05,1.24942922008486e-05,4.60179489651935e-05,-5.46561927272649e-06,-2.02658133652278e-05,2.66132207205061e-06,-7.9338140555052e-05,1.1109647894969e-05,-1.7112748019521e-05,6.07392329321499e-07,2.41471140718374e-05,8.01502075402638e-05,-5.88430501302639e-06,-6.04854356645035e-06,-0.000416818605046387,3.28305482382163e-05,0.00182032951166811,-3.77459335387798e-05,-0.000602657427842601,-2.38421687068779e-05,3.10528250935249e-06,-5.46561927272649e-06,-6.62502903825413e-06,0.00020729933902075,-2.33262388169564e-05,-1.87163716427463e-05,-3.4453830054737e-05,-4.73746678517628e-05,-0.000101339522973198,1.91370806774671e-05,7.20678725230073e-05,-4.70162827008735e-05,3.7474149809924e-06,3.36318596998453e-05,8.43188385601934e-06,9.75585167406479e-06,4.57911140117062e-06,3.74741497921605e-06,5.07628298720419e-05,0.0002201728700717,-0.000115399022443619,-2.77595479065695e-05
"5:39152188:T:A",-0.00181481481999768,-0.00110462952440571,-0.000526517244512803,-0.00757320680326856,6.25616959570863e-06,-0.000311853788946159,-0.00315457915584183,-0.00398244201250719,-0.00147415000836837,-0.000967133850139579,-0.00591684558551364,-1.0379905897473e-05,-0.00257137456689982,-0.000119683143360305,-0.00300719019695173,-0.000226019486778917,-0.00192119367434795,-0.00293928073560412,-0.000198533095925768,1.37005329854389e-05,-0.00360686663944243,-0.00167896276024404,-0.00132078821088744,-0.000120268154287118,-0.00324744763604379,-0.000226671172081971,7.70182162490585e-06,0.159455203172263,-0.000736568429106299,-0.00252912291615726,-0.000116333775229016,-0.00154818123811751,-0.00068770606008961,-0.000419075800402791,-0.000917485811736007,-0.00218571242546961,-0.00750084139464846,-7.86915808959066e-07,-0.000116333775229016,-0.00132078821088744,-0.00291541604751977,-0.000821351417347849,-0.000913929053877105,-0.000733563940189086,-0.000807840195023779,-9.72360573214814e-05,-0.00241961374162791,-0.00266493112939958,-0.000120268154287118,-0.00132078821088744,-0.00740146975022249,4.72504751938274e-05,-0.00170222716754154,-0.00133300377970169,0.000102250684956395,-0.000607812700918586,-0.0038240670426557,-0.00894752519520026,-0.00300719019695173,-0.00284035895760493,-0.00171057299256638,-0.000275961112489398,-0.00417143935144004,-0.000126764804712742,-0.00252393835831111,-0.00224220936009178,-0.00171041501005309,7.11486935500716e-06,-0.000881509774968592,-0.000417660571028655,-0.00697051315904407,-0.00126320009541203,-0.000405408742944147,-0.000925599177055147,-0.000920044140858778,-0.00183744954894838,-0.00124053178505168,-0.00195506337497076,-6.06402046017251e-05,-0.00135526669127284,-0.00250925230015397,-0.00432168663759835,-0.00551774098777624,-0.00368016613351418,-0.00256529427363894,-0.000320469313927596,-0.00115231816012962
"5:39153529:G:A",-0.000260174762888532,-0.000492102562993146,-0.000512146773458788,-0.00856474960441256,-0.00157332758358031,-0.00969422983613955,-0.000436997052396748,-0.000139743896451883,-0.00263950858165884,-0.000608427354041208,-6.84917555027198e-06,-1.66123822715747e-05,2.72713840772099e-05,-0.000453453723166852,-0.00169035540330142,1.95532231961337e-05,-0.000389351905734081,-3.17641048637185e-05,-0.0004745888999107,2.15518317698837e-05,-8.05406737738323e-05,-0.000132493062892536,2.68581189768469e-05,9.25607060064948e-06,-0.00269777833789409,-0.000343402077687571,1.2188477014341e-05,-0.000736568429106299,0.119649908506358,-0.000154857159019084,2.15518317698837e-05,-0.00319931974701237,-0.00033912018422555,-0.000146277001591422,-0.00428268114855701,-0.000472435432288698,1.64691166233411e-05,-1.28106693342289e-06,2.15518317698837e-05,2.68581189768469e-05,-0.000374698471119039,-0.000406729379522908,-7.65015166583893e-05,-0.00520831332362626,2.76629412452323e-05,-0.000714454142284104,-0.000839774397065618,-0.000592772498455574,9.25607060064948e-06,2.68581189768469e-05,-5.11544226666771e-06,-0.00352262828039773,-0.00246541072858086,-0.00299258931932656,-1.28106693431107e-06,-0.0031643197582909,-0.00341202680705877,-0.00319983110811117,-0.00169035540330142,-4.78635669241001e-05,-0.00534689434230273,-1.94293478195107e-07,-0.00248550883018472,-0.00120926842594216,-0.0023472585130202,-0.00412437036621771,9.25607060064948e-06,-0.00144400399238265,-0.000577772450650826,-0.00130459936117511,-0.000105274477551376,2.30113591026537e-05,-0.00196248885282646,-0.00956263506872945,-0.00117588609238872,-0.000238526913827641,-0.0046924475677117,-4.63293025632083e-06,-0.00108359549100445,-0.00147149115651057,-2.1890556086035e-05,-7.53580540351351e-05,-0.00243785621113979,-5.95979644373301e-05,-0.000176492647158355,-0.00111599723241707,-0.00763921814649837
"5:39154747:T:G",-0.00397562013022057,-0.00292054508189565,-0.00118715285822102,-0.000389345211630143,-0.00301954629310064,-0.0016862342474826,-9.6147760356935e-05,-0.00315629738709333,-0.00230032537916536,-0.00370697498807981,-0.00153029865220766,-5.37245486658122e-05,-0.00279465601487683,-0.000863750389438422,-0.00191846906687498,7.88769305390957e-05,-3.7769909419616e-05,-0.000390632839650351,-0.00495942628997215,9.16186331334501e-05,7.44826679497379e-05,-0.000417583678343547,-0.000304875581605302,-0.00238587912218335,-9.44041760968517e-05,-0.00580902035314246,-0.000256618194272029,-0.00252912291615726,-0.000154857159019084,0.133599638442289,9.16186331334501e-05,-6.52048641232028e-05,-0.000874722980772624,-0.00128144164503352,-0.00211054053374582,-0.000942955170298632,-0.0017233397128642,-0.0041796677035002,9.16186331334501e-05,-0.000304875581605302,-0.00276803692057292,-0.00385037268701005,-0.00157609292224947,-0.00066902974327121,-0.000859078248993228,-0.00238922902902594,-0.000103146711811775,-0.0025961922274842,-0.00238587912218335,-0.000304875581605302,-5.62095588492184e-05,-1.20837776580451e-05,-0.0016038854908853,-0.00359610553185163,-5.10439591838718e-06,-0.000176080517400479,-0.00508393924492667,-0.00496520632025987,-0.00191846906687498,-0.000116321353068827,-0.00513483313615204,-0.000150550040576292,4.00028513993789e-05,-0.00292043629143013,-0.00269998314706754,-2.64176082360734e-05,-4.45828240396295e-05,4.19617347748868e-05,-0.0020871734915513,-0.0016979663759038,-0.00166874165469366,-0.000180471943249216,-8.79695856070839e-05,-0.000637223347373705,-0.00284565010160165,-0.0040092717544109,-3.88665394432941e-05,-0.00340721706294378,0.000226123108840959,-5.941555970157e-05,-0.000145695578670946,-0.00177684220395857,-0.00342562950443881,-0.00315733853550793,-0.003035939542678,-0.000469109201302942,-0.00117125173163846
"5:39155102:C:A",-2.84736098521421e-06,6.88250829199433e-05,8.66448087570859e-05,0.000431543618526042,-0.000132619434213943,0.000118482726819913,6.04611679557721e-05,0.000179350524132538,-0.000144510049366886,0.000196651795368652,6.02044650488409e-06,1.55833532957672e-05,-4.17999831130444e-05,-7.94660455749607e-05,-1.22323874816033e-05,-2.59054052635932e-05,9.79837140135942e-06,-2.24913735573651e-05,5.57959646485529e-07,0.00181307517290286,-2.48443839110379e-05,3.23635161807445e-05,-4.08301794738719e-05,-1.110521117198e-05,0.00010655151716854,-3.37225135407238e-05,-1.4449520564952e-05,-0.000116333775229016,2.15518317698837e-05,9.16186331334501e-05,-0.0111942204378286,1.81278282092023e-05,0.00102854368810767,0.000434127067443946,-8.63684702521184e-05,9.79837140135942e-06,-2.15881318048616e-05,1.17754508988099e-06,0.00364785420513503,-4.08301794738719e-05,0.00013899964110653,1.77579326017252e-05,0.000617453969702808,-8.70918315216684e-05,0.00199752102182948,-8.18485373166311e-05,2.47431945741283e-05,9.18476711611049e-05,-1.110521117198e-05,-4.08301794738719e-05,-4.72430472839847e-05,0.000240656074811163,2.20522446729987e-05,-3.47734748782358e-05,1.17754508988099e-06,4.83234858474901e-05,-0.000140089273679145,5.41817460764094e-05,-1.22323874816033e-05,2.47431945741283e-05,6.56761595578814e-05,-4.37073043082492e-05,-4.80481480007455e-05,4.1009035243178e-05,-4.83886926669896e-05,6.02044650488409e-06,-1.110521117198e-05,-1.33470886165554e-05,-3.68436134055017e-05,-4.74018061327186e-05,0.00032005751588482,0.000614461760334528,-9.57155772907115e-05,0.000110529703684747,3.81303109779907e-05,0.000143635620635685,-6.22058776293954e-05,7.26548056384502e-06,6.72417956355531e-05,1.68485690217324e-05,1.94213660176246e-05,1.78066194367332e-05,7.26548056206866e-06,-0.000329925461382885,-0.000102665587134787,0.000263077503053211,-5.58811676780735e-05
"5:39157055:T:C",8.77504030327714e-07,-4.58287991929041e-05,-5.81960345540367e-05,-0.00410604023117767,7.84740016843699e-05,-0.0033646098702107,-4.06027049146829e-05,-0.00281951272623981,-0.00245143305475626,-0.00366706711408415,-4.27576135475505e-06,0.00040355674951531,2.57817811100125e-05,4.73915786614043e-05,7.52894712441332e-06,1.59467735638685e-05,-6.97328232757144e-06,-0.00304720365452482,-0.00388416357876498,-0.00127123400945273,-0.00280167980329704,-2.33184944287146e-05,2.51044310441983e-05,6.73373931014964e-06,-7.23487512956922e-05,2.01170582672106e-05,9.09020117845216e-06,-0.00154818123811751,-0.00319931974701237,-6.52048641232028e-05,1.81278282092023e-05,0.0838638068776261,-0.00244036197331887,-5.21221919607129e-05,5.22326731040579e-05,-6.97328232757144e-06,1.29089756901735e-05,-0.00345667800986593,1.81278282092023e-05,2.51044310441983e-05,-9.74627547867257e-05,-0.00147594795531969,-0.00270335058392224,5.27376277981162e-05,-0.00656104998361595,4.90672249000568e-05,-1.66067126903258e-05,-6.21074987527948e-05,6.73373931014964e-06,2.51044310441983e-05,-0.00490810029673838,-0.000175953800921391,-1.46692046607555e-05,2.08570710871214e-05,0.00040486617152613,-0.00124276371181153,-0.00174789288909327,-0.00306605550656425,-0.00270184713912336,-1.66067126903258e-05,-4.35017984647956e-05,2.71117295005396e-05,-0.00180586275167283,-2.73478735834942e-05,2.89608908703443e-05,-4.27576135386687e-06,6.73373931014964e-06,-0.00274647658991789,2.07891165358021e-05,-0.00181030271471094,2.3021008878743e-05,4.21039571296689e-05,5.68546989194729e-05,-0.00371782105213381,0.000379807583782643,-0.000100145249087191,-0.00570643110890856,-5.1635129310057e-06,-4.46578230306471e-05,-0.00165476689172461,-1.27803761511558e-05,-0.00313421751487741,-5.16351293189388e-06,-0.0013391427837357,-0.000557419353490296,0.00012935474883502,3.42054778990075e-05
"5:39157700:A:G",-0.00430570311473311,0.000314686927345598,-0.00389683682033404,-0.0014936064845652,-0.000459921481757775,-0.00029120923765813,-0.00162095289139241,-0.00177207565877424,-0.00139419069807989,-0.00115298457085444,2.14092887400597e-05,7.39698656930798e-05,-0.000210824429757395,-0.00335081287690464,-0.0040702940556514,-0.000948804046458029,-0.00139751760789952,-0.00559000398349685,-0.00135080308090396,0.00102854368810767,-0.00012912390497366,-0.000661528221069574,-0.00166102104670962,-0.00118868658797577,-0.00190133165448625,-0.00228336376052951,0.000531576855774318,-0.00068770606008961,-0.00033912018422555,-0.000874722980772624,0.00102854368810767,-0.00244036197331887,0.139542872156234,-8.34552082014106e-05,-0.000442060981967529,3.48397850853388e-05,-0.000118142705476387,-0.00326377823909141,0.00102854368810767,-0.00166102104671051,-0.000917826365848917,-0.00152216902617663,-0.00075877765143062,-0.000443894561649394,-0.00161727122377453,-0.00112912820226185,0.000107091330620257,0.000412767153767035,-0.00118868658797577,-0.00166102104671051,-0.000206940293160152,-0.00368158058247214,-0.00140569692602099,-0.000188071756784147,4.18809198610148e-06,0.000225096771356625,-0.00261325443416505,-0.008091579065586,-6.3165213215477e-05,-0.00142447824669834,0.000303003366807886,0.000402829406390026,-0.00326679229766125,-0.00166676521390396,-0.00026126150729322,2.1409288741836e-05,-5.92471555993512e-05,-0.00423212970167963,-0.00180887379323824,-0.0105710621950266,-0.0050474866267578,-0.000898899775605422,-0.00473007914879986,-0.00778956495452965,-0.00161827170957807,-0.00371507843124341,-0.00309770924233899,2.58357378806195e-05,-0.00160198140398649,7.85468795765354e-05,-0.00252402034037846,-0.00193852796844318,-0.00266739366729141,-0.00353428158048796,-0.00493038341558094,-0.000986215030298609,-0.000284222031850412
"5:39159436:G:C",-0.00347144516141729,-0.00441424847468763,-0.00110986524345424,-0.00238006775668698,-0.00272555725496559,-0.00510295960916674,-0.000464239365493668,-0.00309560783535412,-0.00537020879963013,0.00148443824367339,2.33690193782721e-05,-0.00010508773209672,-0.00491254266087715,-0.000844996471903059,-0.00352935959677048,0.000286009209413685,-0.000179602498898923,-0.00559023268248326,-0.00339834631216229,0.000434127067443946,-0.000294134977525395,-1.25999805522525e-05,-0.00415440901095021,-0.0021676626453484,0.000621973373281293,-0.00366363765286071,8.10263342136963e-05,-0.000419075800402791,-0.000146277001591422,-0.00128144164503352,0.000434127067443946,-5.21221919607129e-05,-8.34552082014106e-05,0.17178719614411,0.000950218913758683,-0.00382580251936293,-0.0020761303159631,-1.08982554998249e-05,0.000434127067443946,-0.0041544090109511,-0.00178164281444282,-0.000468906685634263,0.000220094552704886,-0.00203177155822143,-0.00135939494153359,-0.00330314666516962,-0.00419157212047505,0.000295601093396769,-0.0021676626453484,-0.0041544090109511,-0.00014536656190467,-0.00837540541317638,-0.00110501089807613,-0.000277666468917026,4.57582976931548e-06,-0.000500267520891384,-0.000486533054683935,-0.00503553849289951,-0.000140685562424636,-0.00234907735488576,-0.000447984930607603,1.75645136852864e-05,-0.000826538781328434,-0.00265359142636878,-0.000405517803776512,-0.00297641799898418,-0.0021676626453484,-0.00503838178569183,-0.000342669158272635,-0.00232602107852697,-0.000797297893303295,0.000103560798335067,-0.0112670391976768,-0.00157264848505356,-0.00440484122123319,-0.00215078416443903,-0.00115374320250927,-0.000397771563815041,-0.00323878269761035,0.000150823873110717,-0.00213374513361408,-0.00473137440384575,-0.00204316224197498,-0.00896483672450543,-0.00492341234229343,-0.0018434807202925,-0.0036106460582026
"5:39160992:T:C",-1.3591933054613e-05,0.000198877613260429,0.000249919594196513,-0.0103480820090098,-0.000401391787053562,-0.00284841090814236,0.00017235101951929,-0.000815233079118016,-0.000444038082869191,-0.00303779864013443,1.53833604183973e-05,4.5677706259184e-05,-0.000125606580088089,-0.00024460742170973,-3.73296645106436e-05,-7.85923227599739e-05,2.50346950210201e-05,-0.000813023676644598,-0.00354419621661073,-8.63684702521184e-05,-7.59417564006881e-05,8.26485180613901e-05,-0.000123221609847235,-3.44783442711716e-05,0.000306316818391217,-0.000105741979274043,-4.29384135793853e-05,-0.000917485811736007,-0.00428268114855701,-0.00211054053374582,-8.63684702521184e-05,5.22326731040579e-05,-0.000442060981967529,0.000950218913758683,0.0672566544156608,2.50346950210201e-05,-6.78074545046314e-05,3.00914703288413e-06,-8.63684702521184e-05,-0.000123221609847235,-0.00250680055443819,4.53636637418597e-05,-0.000240890894096957,0.00382267806311276,-0.000127964927813196,-0.000250016573749789,6.92706929790177e-05,0.000263570633222798,-3.44783442711716e-05,-0.000123221609847235,-0.000225335522384462,-0.000467970563333253,-0.00130007232221363,-0.000108326596639507,3.00914703288413e-06,0.000140727167953436,-0.00105067612097454,-0.000166717471003608,-3.73296645106436e-05,-0.00402583366799991,0.000190637464942078,-0.000130297096156085,-0.00218982967326298,-0.00380619348986322,-0.000770087824599308,1.53833604183973e-05,-3.44783442711716e-05,-4.01495150139652e-05,-0.00477870887847498,-0.000879451991491642,-0.000115902380217747,-0.00158856707384558,-0.000293850796866835,0.000109400525851733,0.000109275324925662,-0.00313862052282854,-0.00344451875150753,-0.001028738687471,0.000194734722806622,4.89372121492693e-05,5.55646867175241e-05,-0.00780053348284149,1.85641747147969e-05,-0.000960768953537361,-0.00152009021336497,0.000221447498219618,-0.000168373623409934
"5:39162624:T:C",5.88438081372544e-07,-2.93946847609305e-05,-3.83842104083598e-05,-0.00333146248665006,-0.000887931082043991,-0.000319965312974624,-0.00157403675180667,2.44600323213717e-05,-0.000175645618261555,-0.00632562972352968,-2.42909641290368e-06,-5.88686617675194e-06,1.36073731766828e-05,2.32203338619286e-05,4.22234668118193e-06,8.7044661425395e-06,-0.00199445789715735,6.8805004014294e-06,-0.000321740357187572,9.79837140135942e-06,8.3269150197296e-06,-1.97858953479013e-05,-0.0034082118526424,3.79572225472913e-06,-4.91752770184206e-05,1.08907319669171e-05,5.05372057624243e-06,-0.00218571242546961,-0.000472435432288698,-0.000942955170298632,9.79837140135942e-06,-6.97328232757144e-06,3.48397850853388e-05,-0.00382580251936293,2.50346950210201e-05,0.115047973713319,-0.00201537619405556,-4.69131523850308e-07,9.79837140135942e-06,-0.0034082118526424,-9.39132591657454e-05,-7.38475507944258e-06,2.27745486345299e-05,2.5218728681331e-05,1.39206742035825e-05,-0.00282803139943777,-0.00176707966136647,-0.00133892810841729,3.79572225472913e-06,-0.0034082118526424,-0.000549954664347929,-0.00445876191704464,-8.67552465599886e-06,1.12520846577979e-05,-4.69131523850308e-07,-1.96684701361249e-05,-0.00710477343656768,-4.8918044566193e-06,4.22234668118193e-06,-0.00180599579285712,-0.00082840711024712,1.42285809161535e-05,-0.0129629320121474,-1.67370553070256e-05,-0.00183739184482512,-0.0020573668656052,3.79572225472913e-06,4.64162350954922e-06,-0.00234120021711259,1.48797042189841e-05,-0.00167339651795828,2.09969694076051e-05,-9.3382100226691e-05,-0.00867768044784967,-1.53858464493339e-05,-0.00140603846392029,-0.00941687267108104,-2.94094014119395e-06,-2.85724891133654e-05,-6.42538153794447e-06,-7.53078802873119e-06,-0.0133714785336307,-2.94094014208213e-06,-0.00474148391874873,2.78475301396242e-05,4.07555581007912e-05,-0.0012283466396541
"5:39166061:T:C",-1.887182286886e-06,4.63457092596542e-05,-0.00346712846076169,-0.0029735103898858,-0.000108504823517208,-0.00247960127734981,4.11990463522471e-05,-6.76218074602275e-05,-0.000119384315387272,-0.00209243352355237,0.000460543661046309,1.10980885876799e-05,-3.14580076610227e-05,-6.18736561088795e-05,-8.91692026439017e-06,-1.91662664814629e-05,7.15333470768797e-06,-1.627205300192e-05,-0.00206582275002187,-2.15881318048616e-05,-1.83437032577061e-05,2.31092961442414e-05,-0.00143883860781546,-0.00462767031256028,6.87071110077042e-05,-2.50450348042719e-05,-1.05953242179879e-05,-0.00750084139464846,1.64691166233411e-05,-0.0017233397128642,-2.15881318048616e-05,1.29089756901735e-05,-0.000118142705476387,-0.0020761303159631,-6.78074545046314e-05,-0.00201537619405556,0.0886169755842805,8.66778448127548e-07,-2.15881318048616e-05,-0.00143883860781546,-0.0014863623913044,-0.000879250316327074,-6.04749581523123e-05,-6.84325903250738e-05,-3.22250680149239e-05,-6.39153782886481e-05,-0.00181062443363089,6.02974780301579e-05,-0.00462767031256028,-0.00143883860781546,-0.0072472248182498,-0.00212122236370149,1.56838552287653e-05,-2.58745591015241e-05,8.66778448127548e-07,3.32526949327061e-05,-0.0002823407753616,-0.00681604919920353,-8.91692026439017e-06,1.75738344232457e-05,4.4347696555036e-05,-3.29847990414578e-05,-2.80434560817611e-05,-0.00162713115010504,-3.65172755962817e-05,-0.00332112163510967,-0.00462767031256028,-9.75992493312816e-06,-2.72482315279987e-05,-5.13711956102725e-05,-2.8314404035612e-05,-0.00336097284207515,-7.56886660173706e-05,-0.00715424534725173,2.66034949394367e-05,8.86654712193291e-05,-0.000658636611012398,5.31710545459418e-06,-0.000979093494881234,1.1999686678088e-05,-0.00288856496569778,6.12304422809018e-06,0.000433414501375573,6.57337901506239e-05,-0.00250451089751902,0.000191997371375763,-0.00128664040669069
"5:39166545:A:C",8.2981820526129e-08,-3.51791426389525e-06,-4.59232918803565e-06,-0.00297043346961878,4.03196175913223e-06,-0.00401123638311507,-3.0637157522051e-06,-0.00361073384283905,4.21433680397598e-06,-6.00827078933719e-06,-2.85601567284743e-07,-0.0018076542485721,1.63678255571398e-06,2.79645986456245e-06,5.09606246090755e-07,1.04892504904086e-06,-4.69131523850308e-07,8.49035721728342e-07,-1.37308775087774e-05,1.17754508988099e-06,1.00456487217571e-06,-1.63498890604075e-06,1.59931555643311e-06,4.59453442402946e-07,-5.87894952008838e-06,1.31796042079912e-06,-0.00204121466972396,-7.86915808959066e-07,-1.28106693342289e-06,-0.0041796677035002,1.17754508988099e-06,-0.00345667800986593,-0.00326377823909141,-1.08982554998249e-05,3.00914703288413e-06,-4.69131523850308e-07,8.66778448127548e-07,0.0765607252155016,1.17754508988099e-06,1.59931555643311e-06,-0.00443524609785317,-8.66719698677798e-07,-0.00349136721633414,3.03076270835589e-06,-0.00310295442016972,2.87118873476544e-06,-1.17335314442357e-06,-4.93375073418179e-06,4.59453442402946e-07,1.59931555643311e-06,-0.00383494556440933,4.26449063350987e-06,-1.03411766527728e-06,1.36031300623785e-06,-5.51981402807655e-08,-0.0024951083571656,-0.00385260372672303,4.01386837545203e-07,5.09606246090755e-07,-0.00430015147920759,-3.32644566825024e-06,-0.00202558760407001,-0.00470401586894642,-0.00449495841282577,1.83493653338473e-06,-2.85601567284743e-07,4.59453442402946e-07,5.58912898185326e-07,-0.00364403803029933,1.79771770270065e-06,1.48295216018113e-06,2.52580801429758e-06,3.22676028652324e-06,-0.00422062427671932,-0.00179629794706226,-8.55435270707972e-06,-0.00475186436365949,-3.4571705587183e-07,-3.42135302666691e-06,-7.69652941379206e-07,-8.99621857897159e-07,-4.83667027317836e-07,-3.45717057648187e-07,-5.58912709447412e-06,-4.68104885094078e-05,4.89448392837488e-06,2.10994640070794e-06
"5:39168827:G:A",-2.84736098521421e-06,6.88250829199433e-05,8.66448087570859e-05,0.000431543618526042,-0.000132619434213943,0.000118482726819913,6.04611679557721e-05,0.000179350524132538,-0.000144510049366886,0.000196651795368652,6.02044650488409e-06,1.55833532957672e-05,-4.17999831130444e-05,-7.94660455749607e-05,-1.22323874816033e-05,-2.59054052635932e-05,9.79837140135942e-06,-2.24913735573651e-05,5.57959646485529e-07,0.00181307517290286,-2.48443839110379e-05,3.23635161807445e-05,-4.08301794738719e-05,-1.110521117198e-05,0.00010655151716854,-3.37225135407238e-05,-1.4449520564952e-05,-0.000116333775229016,2.15518317698837e-05,9.16186331334501e-05,0.00364785420513503,1.81278282092023e-05,0.00102854368810767,0.000434127067443946,-8.63684702521184e-05,9.79837140135942e-06,-2.15881318048616e-05,1.17754508988099e-06,-0.0111942204378286,-4.08301794738719e-05,0.00013899964110653,1.77579326017252e-05,0.000617453969702808,-8.70918315216684e-05,0.00199752102182948,-8.18485373166311e-05,2.47431945741283e-05,9.18476711611049e-05,-1.110521117198e-05,-4.08301794738719e-05,-4.72430472839847e-05,0.000240656074811163,2.20522446729987e-05,-3.47734748782358e-05,1.17754508988099e-06,4.83234858474901e-05,-0.000140089273679145,5.41817460764094e-05,-1.22323874816033e-05,2.47431945741283e-05,6.56761595578814e-05,-4.37073043082492e-05,-4.80481480007455e-05,4.1009035243178e-05,-4.83886926669896e-05,6.02044650488409e-06,-1.110521117198e-05,-1.33470886165554e-05,-3.68436134055017e-05,-4.74018061327186e-05,0.00032005751588482,0.000614461760334528,-9.57155772907115e-05,0.000110529703684747,3.81303109779907e-05,0.000143635620635685,-6.22058776293954e-05,7.26548056384502e-06,6.72417956355531e-05,1.68485690217324e-05,1.94213660176246e-05,1.78066194367332e-05,7.26548056206866e-06,-0.000329925461382885,-0.000102665587134787,0.000263077503053211,-5.58811676780735e-05
"5:39170760:G:A",-0.00124851344313104,9.43906748096524e-05,-0.00257178337024744,-0.000962902617212436,-0.000277842259619021,-0.000268738337664054,-0.00289788943934699,-0.00227040786999932,-0.000209401184145364,-0.00424752457910582,8.17015595622195e-06,2.16644779129638e-05,-5.90845986927491e-05,-0.000113773660451955,-1.724452661378e-05,-3.65765168774956e-05,1.32885510426561e-05,-0.00258182986862732,-0.00409577636704928,-4.08301794738719e-05,-3.51275126790895e-05,4.37220971214458e-05,0.0011197493059063,-0.00112261126668045,0.000144844580705517,-4.80352940153139e-05,-2.02658133652278e-05,-0.00132078821088744,2.68581189768469e-05,-0.000304875581605302,-4.08301794738719e-05,2.51044310441983e-05,-0.00166102104671051,-0.0041544090109511,-0.000123221609847235,-0.0034082118526424,-0.00143883860781546,1.59931555643311e-06,-4.08301794738719e-05,0.0714402539224999,-0.000271917420648471,2.40506998894219e-05,-0.000934930804383782,-0.000124212599936335,-6.03981377258478e-05,-0.000117033096265651,-0.00319331306539627,-0.00260540196203962,-0.00112261126668045,0.0011197493059063,-0.00125580173803996,-0.00281502622087704,3.04039355851771e-05,-4.94714408745267e-05,1.59931555643311e-06,6.66508036379909e-05,-0.00032940094613032,-0.00656886979231608,-1.724452661378e-05,3.4033532039679e-05,9.02052480338256e-05,-6.16974604801257e-05,-0.00274027831466928,5.64044088431359e-05,-6.8991204272173e-05,-0.00146214738793393,-0.00112261126668045,-1.87632592947296e-05,-5.32184598265317e-05,-6.76409552848867e-05,-0.000904261232594905,-9.88229680656261e-05,-0.000137390017633798,-0.00301423405216994,5.25413771184091e-05,-0.000346251519130369,-0.00129229879126314,-0.00143276102756396,9.22868755122153e-05,2.33753456129193e-05,-0.00204221167248253,-0.00118887092238662,9.85767508954183e-06,-0.00030619979970048,-0.00226087630253424,-0.000345935815651899,-0.000490523722404212
"5:39172923:T:G",-0.00167709720753706,-0.000793416650365586,-0.00047912211799872,-0.00149329548001287,-0.00208909055827977,-0.00237848232017512,-0.00143341118975826,-0.00174860511647168,-0.0018422315655906,-0.00214791318164087,-0.00133676651670367,-7.9473198247193e-05,0.00019387498927248,-0.00134362640084174,-0.00215463277260053,0.000117132154846544,-6.95196596884884e-05,-0.000865870868628882,-0.00808864274750709,0.00013899964110653,0.000109631019014067,-0.00035278906744729,-0.000271917420648471,-0.00216178679933954,-0.000839564301481133,-0.00661205100387452,-0.000486447939045398,-0.00291541604751977,-0.000374698471119039,-0.00276803692057292,0.00013899964110653,-9.74627547867257e-05,-0.000917826365848917,-0.00178164281444282,-0.00250680055443819,-9.39132591657454e-05,-0.0014863623913044,-0.00443524609785317,0.00013899964110653,-0.000271917420648471,0.119930862468517,-0.00671476757525458,-0.00155704115175492,-0.000779921930461391,-0.00104453690625572,-0.00204724786241695,-0.00148744515501953,-0.00135448223269918,-0.00216178679933954,-0.000271917420648471,-0.000165852037238068,-0.000472422457094446,-0.000125447557842939,-0.00408734982885051,-8.2556649170229e-06,-0.00025482925842546,-0.00567952132247562,-0.00143454901021123,-0.00215463277260053,-0.000228329011599193,-0.000352464477687775,-0.000332998777375693,-0.000125419336071353,-0.00324639879380495,0.000129325312727246,-4.24922639146175e-05,-0.00216178679933954,6.21789504871018e-05,-0.00306146862696277,-0.00353712215496493,0.000165846431104733,-0.000100550465651494,0.000257651351947885,-0.000530448745581058,-0.000210548769428165,0.000674186249463027,0.000102099603414452,-0.000261643433742798,0.000509866587225183,-8.8403166626172e-05,-0.00134844341676299,-9.54192466213755e-05,-0.00137252827546419,-0.0076502282543025,-0.00529783229819003,-0.0010903416594612,-0.00133770194269545
"5:39173229:T:G",8.94359482472851e-07,-0.00226444386314739,2.90925539392362e-05,-0.0104017627193871,-0.000932695944036332,-0.00127621732801142,-0.00594514471684526,-0.0046111281649539,6.35433491646964e-05,-0.000400777914534078,-4.71460677458069e-05,-1.06852740273666e-05,2.46403960151298e-05,-0.00140595545426159,7.62190934544549e-06,-0.0016876300572326,-0.00499437619888354,-0.00057369200426205,-0.000442936294152929,1.77579326017252e-05,1.50371860501153e-05,-4.66780155372604e-05,2.40506998894219e-05,6.83307470872307e-06,-8.95543147807487e-05,-0.00517151555220874,9.15836505921419e-06,-0.000821351417347849,-0.000406729379522908,-0.00385037268701005,1.77579326017252e-05,-0.00147594795531969,-0.00152216902617663,-0.000468906685634263,4.53636637418597e-05,-7.38475507944258e-06,-0.000879250316327074,-8.66719698677798e-07,1.77579326017252e-05,2.40506998894219e-05,-0.00671476757525458,0.0993447749877316,-0.00510417404059549,4.57042221260195e-05,2.52196840682117e-05,4.31844214290322e-05,-1.80372731568568e-05,-0.0067555884868673,6.83307470872307e-06,2.40506998894219e-05,-7.16619511198502e-06,-0.00137359404411175,-1.58417286622026e-05,-0.00536253026220201,-8.66719698677798e-07,-3.57296291939591e-05,-0.000723285948731611,-0.000393371341202986,-0.00293100464613349,-1.80372731568568e-05,-0.000700552899122187,2.57888077372925e-05,-0.00205502969575466,-3.05398022932835e-05,-1.70496623574934e-05,-0.0023843746432135,6.83307470872307e-06,8.39689866705129e-06,-0.00218342369267699,-0.000967030224846788,-0.00252666236465959,3.80192528570689e-05,4.85381700396914e-05,-0.0011681504672767,-2.80378559454064e-05,-0.00419533987799614,-0.000975578840146873,-5.43801946140121e-06,-5.1956734601788e-05,-1.16803532757004e-05,-1.37239669051326e-05,-0.000678386996685099,-3.17220032792775e-05,-0.00122253171575437,-0.00038751174177154,-0.00112863545763542,3.17676568100111e-05
"5:39175369:C:T",-0.000122911919412161,0.000171468030585764,-0.00344809313266747,-0.00387782694377758,-0.000269091976984548,-0.00025876003700942,-0.00196778008303866,-0.00658180675844022,-0.00127137538648991,-0.00352861497884227,1.40099180443443e-05,4.03485348421384e-05,-0.00011379509811249,-0.00574954017759399,-0.00371951629022327,-0.00111413013662354,-0.00163707632886201,-0.0118160898327631,-0.00383868208194826,0.000617453969702808,-6.80730240771865e-05,-0.000329403572132847,-0.000934930804383782,-0.00138703904077087,0.000259129321481311,-0.0045609365093453,0.00033760920938164,-0.000913929053877105,-7.65015166583893e-05,-0.00157609292224947,0.000617453969702808,-0.00270335058392224,-0.00075877765143062,0.000220094552704886,-0.000240890894096957,2.27745486345299e-05,-6.04749581523123e-05,-0.00349136721633414,0.000617453969702808,-0.000934930804383782,-0.00155704115175492,-0.00510417404059549,0.140407647894988,-0.000242500334856288,-0.00227334209843377,-0.00116026501393485,6.15002560486744e-05,0.00022492726185952,-0.00138703904077087,-0.000934930804383782,-0.000320355939511963,-0.000417543731687786,-7.66412815282891e-05,-9.74435870304546e-05,2.74431641145156e-06,0.000122399315969801,-0.005717222189209,-0.0055353060737735,-3.32380294780776e-05,-0.00103047506039111,0.000164428315571286,0.000274229435794915,-0.000183942284261107,-0.00197407458924648,-0.000136277526750384,1.40099180452324e-05,-3.06055993748444e-05,-0.00467684075093455,-0.000441193679887597,-0.00951812251789708,-0.00252490665712912,-0.000963581668817604,-0.00463902258991933,-0.00140063618747455,-0.00192124434194607,-0.0044789149750093,-0.00351564299869889,1.69006432892971e-05,-0.00142238875202061,4.32780816916889e-05,4.92274561674222e-05,-0.000758682558706703,-0.00235490266294214,-0.00588948546912427,-0.00363215999899147,-0.000443579927716264,-0.000153575091827562
"5:39181448:T:C",-1.37879306318922e-05,0.000201186838539869,0.000252983764942982,-0.00729130025688995,-0.000403255508275357,-0.00128624210078243,0.000174241081615456,-0.000633312343147452,-0.000445872818046311,-0.00632536208139634,1.54953118078893e-05,4.61283434463056e-05,-0.000126607779138865,-0.000246223219573238,-3.76776652037947e-05,-7.92750719398327e-05,2.5218728681331e-05,-0.000629934930482356,-0.00706679183413161,-8.70918315216684e-05,-7.66104851024352e-05,8.32929173357755e-05,-0.000124212599936335,-3.4808508051043e-05,0.000310284848063169,-0.000106656146940054,-4.33211669559341e-05,-0.000733563940189086,-0.00520831332362626,-0.00066902974327121,-8.70918315216684e-05,5.27376277981162e-05,-0.000443894561649394,-0.00203177155822143,0.00382267806311276,2.5218728681331e-05,-6.84325903250738e-05,3.03076270835589e-06,-8.70918315216684e-05,-0.000124212599936335,-0.000779921930461391,4.57042221260195e-05,-0.000242500334856288,0.0768135164246173,-0.000128976157726335,-0.000251641469418473,6.99201130327509e-05,0.000266817472352798,-3.4808508051043e-05,-0.000124212599936335,-0.00169706251549062,-0.00630377945623195,-0.0011154898111867,-0.000109252346177868,3.03076270835589e-06,0.000142274978499835,-0.00119548247091128,-0.00059208799465793,-3.76776652037947e-05,-0.00495059353972405,0.000192849008533003,-0.000131318182949869,-0.00532905147211071,0.000117932317161618,-0.000587495792796489,1.54953118087775e-05,-3.4808508051043e-05,-4.05150432021273e-05,-0.00570500007871377,-0.000696847940697687,-0.000116861631766163,-0.000155962231006335,-0.000295603636359054,-0.000552830221050904,0.000110398698859093,-0.0010662699695736,-0.00698203227901661,-0.000844654197413419,0.00019699467331602,4.94147717944315e-05,5.60975201766567e-05,-0.00490014601948729,1.86997246940379e-05,-0.000773105685619946,-0.00114829750310275,-0.00150598184642892,-0.000169627718624277
"5:39182631:C:T",-4.80184867690525e-06,0.000100263443318482,0.000126066553775672,-0.00547993863903429,0.000227471779192356,-0.00179607052551223,8.78318925767729e-05,-0.00128274242132864,-0.000215653727186904,-0.00305534937236462,8.55480876893466e-06,-0.0049155031526702,-6.17705022021298e-05,-0.000118317510153787,-1.81217220038832e-05,-3.83451313625827e-05,1.39206742035825e-05,-3.44659728037655e-05,-0.00154932896933246,0.00110243423545597,-3.68408533502063e-05,4.59312950873425e-05,-6.03981377258478e-05,-1.65213818501542e-05,0.000154766592406652,-5.03431803595689e-05,0.0011165090681704,-0.000807840195023779,2.76629412452323e-05,-0.000859078248993228,0.00199752102182948,-0.00656104998361595,-0.00161727122377453,-0.00135939494153359,-0.000127964927813196,1.39206742035825e-05,-3.22250680149239e-05,-0.00310295442016972,0.00199752102182948,-6.03981377258478e-05,-0.00104453690625572,2.52196840682117e-05,-0.00227334209843377,-0.000128976157726335,0.0751524557497296,-0.000121647095410182,3.58515790033209e-05,0.00013344350978528,-1.65213818501542e-05,-6.03981377258478e-05,-0.00310487854949049,-0.000545500806725663,3.2028334612022e-05,-5.18295963995996e-05,1.6736140322493e-06,-0.00555381500898111,-0.00311954344262855,-0.000650390533911249,-1.81217220038832e-05,-0.0010829608624201,9.57921269320039e-05,0.00108819962406326,-0.00790352395542104,-0.00125326162052808,-0.000576882800798373,8.55480877071102e-06,-1.65213818501542e-05,-1.97045038135002e-05,-0.000518110001996419,-7.0721909080973e-05,-0.000394858084710847,-0.000115417719772637,-0.000142516718543817,-0.00348478492028814,-0.00487108439888395,0.000207659033686802,-0.00796767843088286,1.03233624999532e-05,9.8015443436239e-05,2.46322522814424e-05,2.82894795091693e-05,-0.000676380042147429,1.03233624981769e-05,-0.000981847322200302,-0.00331307332015562,-0.000548634747275401,-8.26835940772597e-05
"5:39184968:C:G",-0.00136566243525227,0.00018440366536332,-0.0025715569013407,-0.000302936883390448,-0.000389741974048619,-0.00155510757146438,-0.0018162376295292,-0.00130800536902687,0.00155819781439526,-0.000734107171259879,1.46683114827795e-05,4.28590600547452e-05,-0.000119352825953101,-0.000234513432587846,-3.51601049954908e-05,-7.43317787241793e-05,-0.00149600767422964,-0.00131313544391443,-0.000341308329726786,-8.18485373166311e-05,-7.17708279509566e-05,-0.00251986752499711,-0.000117033096265651,-3.24227301442548e-05,-0.00181567333444033,-0.00010004518265827,-4.05469708395501e-05,-9.72360573214814e-05,-0.000714454142284104,-0.00238922902902594,-8.18485373166311e-05,4.90672249000568e-05,-0.00112912820226185,-0.00330314666516962,-0.000250016573749789,-0.00282803139943777,-6.39153782886481e-05,2.87118873476544e-06,-8.18485373166311e-05,-0.000117033096265651,-0.00204724786241695,4.31844214290322e-05,-0.00116026501393485,-0.000251641469418473,-0.000121647095410182,0.088228314389224,-0.0025921647312046,-0.00209960907587714,-3.24227301442548e-05,-0.000117033096265651,-4.91915838685131e-05,-0.00401353777289781,-0.00180949191154145,-0.00010255558070682,2.87118873476544e-06,0.000131038840216036,-0.00455629681661884,-0.00634075222860986,-3.51601049954908e-05,-0.000430735314830066,-0.00388473756235719,0.000407597458534248,-0.00615626484018694,-0.00182682077106211,-0.000142873956548328,1.46683114836677e-05,-3.24227301442548e-05,-3.78680284267574e-05,-0.000653344336673634,-0.00137650297222613,-0.000109916849197589,-0.000201066806666539,-0.00250454283846224,-0.00148818244749904,-0.00177449521328921,-0.00182756404826279,-0.00559899019695198,-0.00286900290047676,0.000180575863031329,4.59467055353713e-05,5.22211416242868e-05,-0.00129781039850929,1.7698229462404e-05,-0.00109900489621229,-0.000227852276175611,-0.00245436685815914,-0.000160539149482553
"5:39186094:G:A",1.02189094253191e-06,-6.56707388619893e-05,-8.40660078127442e-05,-0.00433101620976384,-0.00104151873661262,-0.00136659332741562,-0.00141200849002132,6.65176166307901e-05,-0.000116408839144988,-0.0070723513780786,-6.03279096900167e-06,-1.40079136015103e-05,3.49487771691415e-05,6.30045878642349e-05,1.03263747321947e-05,2.17556337283042e-05,-0.00180599579285712,1.62959321725609e-05,-0.000455845448665393,2.47431945741283e-05,2.07320173277736e-05,-5.26407384660033e-05,-0.00319331306539627,9.21980922008458e-06,-0.000105470441906341,2.72562487557693e-05,1.24942922008486e-05,-0.00241961374162791,-0.000839774397065618,-0.000103146711811775,2.47431945741283e-05,-1.66067126903258e-05,0.000107091330620257,-0.00419157212047505,6.92706929790177e-05,-0.00176707966136647,-0.00181062443363089,-1.17335314442357e-06,2.47431945741283e-05,-0.00319331306539627,-0.00148744515501953,-1.80372731568568e-05,6.15002560486744e-05,6.99201130327509e-05,3.58515790033209e-05,-0.0025921647312046,0.117166801392246,-0.00119318950275549,9.21980922008458e-06,-0.00319331306539627,-0.00034496614053392,-0.00496179448711942,-2.06441426575665e-05,2.82660837669368e-05,-1.17335314442357e-06,-4.49509452922214e-05,-0.00640362138859984,-1.61537495753095e-05,1.03263747321947e-05,-0.00162526201135638,-0.000668708535648932,3.67421841653837e-05,-0.0149945659753632,-3.88011594667503e-05,-0.00203513941518629,-0.00186679185867966,9.21980922008458e-06,1.14177683450123e-05,-0.00212935832458161,3.80941552906577e-05,-0.00187576322612237,5.62953857690118e-05,-5.90484634486188e-05,-0.00682138674791055,-3.57445835241776e-05,-0.0012879102525245,-0.0107447497417965,-7.29088035011927e-06,-6.3920377448845e-05,-1.52982814949354e-05,-1.79335778138778e-05,-0.0147128186573182,-7.29088035189562e-06,-0.00359931889822995,7.80554480330764e-05,0.000158476096308924,4.60486566069562e-05
"5:39186351:C:T",-3.11480947257081e-06,-0.000668776544920924,-0.000301217828098999,-0.0034454024939512,-0.00134591267111706,-0.00292356924543657,-0.00209127047792457,-0.00144513376370803,3.15436150764015e-05,0.000216136428048408,-2.53080314154275e-05,-5.14365567569897e-05,0.000129351285817592,-0.000122176686762288,3.66904600364037e-05,7.86714206055805e-05,-0.00420676023537681,4.5685101150994e-05,-0.00098160522820967,9.18476711611049e-05,-0.00201068196436438,-0.000318569381849265,-0.00260540196203962,3.19373051151928e-05,-0.00165714196210054,-0.000180723940850669,4.60179489651935e-05,-0.00266493112939958,-0.000592772498455574,-0.0025961922274842,9.18476711611049e-05,-6.21074987527948e-05,0.000412767153767035,0.000295601093396769,0.000263570633222798,-0.00133892810841729,6.02974780301579e-05,-4.93375073418179e-06,9.18476711611049e-05,-0.00260540196203962,-0.00135448223269918,-0.0067555884868673,0.00022492726185952,0.000266817472352798,0.00013344350978528,-0.00209960907587714,-0.00119318950275549,0.0754114232060856,3.19373051151928e-05,-0.00260540196203962,-1.78268596116027e-05,-0.000426090469605178,-7.86361295288529e-05,-0.000199748234803288,-4.93375073418179e-06,-0.000162959557431286,-0.000988630936163304,-0.00143274791937387,3.66904600364037e-05,-0.00119318950275549,-0.000223960355591579,0.000137484510117858,5.69641323133752e-05,-0.000145078324254477,-0.00152805338247397,-2.53080314145393e-05,3.19373051151928e-05,-0.0045673565472315,-0.00030062449478141,-0.00265353588807749,0.000112450253150875,0.00021043687676503,-0.00216550313446096,-0.00103321211835983,-0.000132875982120417,-0.00116023048431213,-0.00185256599543671,-3.05676380190079e-05,-0.000230602149095205,-5.67380935345696e-05,-6.7546076037317e-05,-0.00107102684632832,-3.0567638019896e-05,-0.0013213078830896,5.58510264010437e-05,-0.00744654824718971,0.000171538633899182
"5:39186462:G:C",-8.58130926317813e-07,-0.00176732716604544,3.02276544053015e-05,-0.00310672353926211,-5.47624458464568e-05,-0.000350451244312211,2.16979051756994e-05,-0.00150941911193669,-5.99308920916641e-05,-0.000213941848078214,-0.0058733389864809,5.7699000644007e-06,-1.61173503041567e-05,-3.13443603250363e-05,-4.5784345807931e-06,-9.82775557378801e-06,3.79572225472913e-06,-0.00167418563965427,-0.000241721065224354,-1.110521117198e-05,-9.39372846175957e-06,1.22982433454766e-05,-0.00112261126668045,0.00010221267999011,3.6505345218707e-05,-1.27374412173253e-05,-5.46561927272649e-06,-0.000120268154287118,9.25607060064948e-06,-0.00238587912218335,-1.110521117198e-05,6.73373931014964e-06,-0.00118868658797577,-0.0021676626453484,-3.44783442711716e-05,3.79572225472913e-06,-0.00462767031256028,4.59453442402946e-07,-1.110521117198e-05,-0.00112261126668045,-0.00216178679933954,6.83307470872307e-06,-0.00138703904077087,-3.4808508051043e-05,-1.65213818501542e-05,-3.24227301442548e-05,9.21980922008458e-06,3.19373051151928e-05,0.071936641628823,-0.00112261126668045,-4.5620694218762e-05,-0.00171151240751399,8.21200237233199e-06,-1.31748459129e-05,4.59453442402946e-07,1.74152814880202e-05,-0.00222474135102146,-0.00701631045161566,-4.5784345807931e-06,9.21980922008458e-06,2.33200585215698e-05,-1.69215039722559e-05,-0.00176687709952805,1.49854661630755e-05,-1.85591546433272e-05,2.33960501017094e-06,-0.00345470682293847,-5.02408655478348e-06,-1.36718508407796e-05,-1.81380556778521e-05,-0.00341705655500757,-2.73041637930405e-05,-3.82689858984264e-05,-0.000470592651518054,1.39398687055703e-05,-0.00195627740986914,-0.00177516347968254,2.82050184186033e-06,2.38591575163483e-05,6.24968793694336e-06,-0.00360701134780861,-0.00172844095690472,-0.00547229648544079,-0.00487229103366005,-4.08915516372232e-05,-0.00010249962318909,-2.17763227858825e-05
"5:39188770:G:A",-0.00124851344313104,9.43906748096524e-05,-0.00257178337024744,-0.000962902617212436,-0.000277842259619021,-0.000268738337664054,-0.00289788943934699,-0.00227040786999932,-0.000209401184145364,-0.00424752457910582,8.17015595622195e-06,2.16644779129638e-05,-5.90845986927491e-05,-0.000113773660451955,-1.724452661378e-05,-3.65765168774956e-05,1.32885510426561e-05,-0.00258182986862732,-0.00409577636704928,-4.08301794738719e-05,-3.51275126790895e-05,4.37220971214458e-05,0.0011197493059063,-0.00112261126668045,0.000144844580705517,-4.80352940153139e-05,-2.02658133652278e-05,-0.00132078821088744,2.68581189768469e-05,-0.000304875581605302,-4.08301794738719e-05,2.51044310441983e-05,-0.00166102104671051,-0.0041544090109511,-0.000123221609847235,-0.0034082118526424,-0.00143883860781546,1.59931555643311e-06,-4.08301794738719e-05,0.0011197493059063,-0.000271917420648471,2.40506998894219e-05,-0.000934930804383782,-0.000124212599936335,-6.03981377258478e-05,-0.000117033096265651,-0.00319331306539627,-0.00260540196203962,-0.00112261126668045,0.0714402539224999,-0.00125580173803996,-0.00281502622087704,3.04039355851771e-05,-4.94714408745267e-05,1.59931555643311e-06,6.66508036379909e-05,-0.00032940094613032,-0.00656886979231608,-1.724452661378e-05,3.4033532039679e-05,9.02052480338256e-05,-6.16974604801257e-05,-0.00274027831466928,5.64044088431359e-05,-6.8991204272173e-05,-0.00146214738793393,-0.00112261126668045,-1.87632592947296e-05,-5.32184598265317e-05,-6.76409552848867e-05,-0.000904261232594905,-9.88229680656261e-05,-0.000137390017633798,-0.00301423405216994,5.25413771184091e-05,-0.000346251519130369,-0.00129229879126314,-0.00143276102756396,9.22868755122153e-05,2.33753456129193e-05,-0.00204221167248253,-0.00118887092238662,9.85767508954183e-06,-0.00030619979970048,-0.00226087630253424,-0.000345935815651899,-0.000490523722404212
"5:39191206:C:T",-0.00164754303286685,-0.00043386901210507,-0.000149494944450268,-0.00958659768379411,-5.29133791618008e-05,-0.00600291744503734,-0.000146430635054706,-0.00125903162000807,-0.00202283567487793,-0.00161037636011097,-0.00574982883259878,3.1718074078313e-05,-0.00241966575297425,-7.01265383113991e-05,-0.00938580889460816,-0.00244371755512685,5.80175720799048e-07,-0.000579022598427237,-0.00226462251204484,-4.72430472839847e-05,-0.00572401904847908,-0.0022687971774431,-0.00125580173803996,-4.5620694218762e-05,-0.00314415463249418,-0.000158761891802861,2.66132207205061e-06,-0.00740146975022249,-5.11544226666771e-06,-5.62095588492184e-05,-4.72430472839847e-05,-0.00490810029673838,-0.000206940293160152,-0.00014536656190467,-0.000225335522384462,-0.000549954664347929,-0.0072472248182498,-0.00383494556440933,-4.72430472839847e-05,-0.00125580173803996,-0.000165852037238068,-7.16619511198502e-06,-0.000320355939511963,-0.00169706251549062,-0.00310487854949049,-4.91915838685131e-05,-0.00034496614053392,-1.78268596116027e-05,-4.5620694218762e-05,-0.00125580173803996,0.196669592094933,-0.000176895258130028,-8.48801387576259e-06,-0.000122198921966188,-0.00327028942646113,-0.00486063300547723,-0.000397510107571275,-0.00677546826442477,-0.00938580889460727,-0.000175191329049085,-0.00183735227612747,-0.00012514783543871,-0.00617427940521953,-0.000193237097509069,-0.000259199132639054,-0.00216115818088358,-0.00172140959060485,-0.00151556083442195,-0.00145110086690359,-3.6218629930751e-05,-0.00644822297121905,-0.00120952732027302,-0.000452130445601995,-0.00208889728502015,-0.0057163112505334,-0.0027337499180442,-0.00765028674468482,-0.00441227809357336,-4.13279423510104e-05,-0.00471896510295444,-0.00266265168630309,-0.0018782460384994,-0.00535027379812014,-0.00934100864938614,-0.00749173218280053,-0.00135972314532218,-0.0010931987612981
"5:39191294:C:T",-0.00779759361690591,-0.00384505569062465,-0.00150014414637578,-0.00291053209439385,-0.000997467501798965,-0.00680325689882411,-0.00120205132056217,-0.00769925277079464,-0.00470699823626664,-0.00341748388698226,5.27931535643233e-06,7.04394888053628e-05,-0.00420148308839163,-0.000560409819812424,-0.00309118256369878,0.000132815562854383,-0.000473674472559971,-0.0122467434631863,-0.0125446868439645,0.000240656074811163,-3.35764053076559e-05,-5.14872865631233e-06,-0.00281502622087704,-0.00171151240751399,-0.00401503030908046,-0.00334212180111049,-7.9338140555052e-05,4.72504751938274e-05,-0.00352262828039773,-1.20837776580451e-05,0.000240656074811163,-0.000175953800921391,-0.00368158058247214,-0.00837540541317638,-0.000467970563333253,-0.00445876191704464,-0.00212122236370149,4.26449063350987e-06,0.000240656074811163,-0.00281502622087704,-0.000472422457094446,-0.00137359404411175,-0.000417543731687786,-0.00630377945623195,-0.000545500806725663,-0.00401353777289781,-0.00496179448711942,-0.000426090469605178,-0.00171151240751399,-0.00281502622087704,-0.000176895258130028,0.204721180119537,-0.000805180729256172,-0.000139267556959588,1.1109172781687e-06,-0.0014923660556132,-0.00313097897454906,-0.00403800082626748,-1.4048334925576e-05,-9.4383759066119e-06,-2.8001588200155e-05,-0.000174657087411489,-0.00378769669264756,-0.00306410691680714,-0.00154380016112476,-0.00233971060877636,-0.00171151240751399,-0.00549553277971437,-0.0017229093520057,-0.00196443223832343,-9.42495272280297e-05,0.000287308255304985,-0.00739834403313022,-0.00160176930275169,-0.00211073564465725,-0.000322299081896738,-0.00560054375296826,1.33037878766729e-05,-0.00331094335933102,1.18295180167038e-05,-0.000195263045454475,-0.0017352598509448,-0.00174766593250109,-0.00908032665750591,-0.000689684850418981,-0.00184555012938104,-0.00397437384129784
"5:39191908:C:T",-0.00188953213973431,-5.75846067132346e-05,-7.35218847287555e-05,-0.000317094417335184,9.21858079188098e-05,-0.00287903760135411,-5.09692564163444e-05,-0.00460841423125391,-0.00169521572312448,-0.0043477901453528,-5.31148931059988e-06,-1.23904191751123e-05,3.12214990252357e-05,-0.00182651478213547,9.19074014404941e-06,1.93957690086677e-05,-8.67552465599886e-06,-0.00424154172635838,-0.00170190942556658,2.20522446729987e-05,1.8486480030333e-05,-0.00182834271324417,3.04039355851771e-05,8.21200237233199e-06,-9.19662706406754e-05,2.43620746260831e-05,1.1109647894969e-05,-0.00170222716754154,-0.00246541072858086,-0.0016038854908853,2.20522446729987e-05,-1.46692046607555e-05,-0.00140569692602099,-0.00110501089807613,-0.00130007232221363,-8.67552465599886e-06,1.56838552287653e-05,-1.03411766527728e-06,2.20522446729987e-05,3.04039355851771e-05,-0.000125447557842939,-1.58417286622026e-05,-7.66412815282891e-05,-0.0011154898111867,3.2028334612022e-05,-0.00180949191154145,-2.06441426575665e-05,-7.86361295288529e-05,8.21200237233199e-06,3.04039355851771e-05,-8.48801387576259e-06,-0.000805180729256172,0.0678712521662588,-0.00240289919009129,-1.03411766527728e-06,-3.95541241795527e-05,-0.0017384925534154,-0.00232537212532336,9.19074014404941e-06,-2.06441426575665e-05,-5.45807320504466e-05,3.28246490211015e-05,-0.00429688823879371,-3.41270890986678e-05,-0.00209814255048268,-5.31148930882352e-06,8.21200237233199e-06,1.0156538506223e-05,-0.00209986906865822,-0.000964299376012612,2.78847295387408e-05,5.05254847045222e-05,-8.04419519964128e-05,-0.00190182120376203,-3.14663334801679e-05,-0.000128893356412085,-0.00471653049259046,-6.41747780782964e-06,-5.60722090066079e-05,-1.35221820904974e-05,-1.58317910168293e-05,-0.00183460662164503,-6.41747780871782e-06,-8.89411514402028e-05,-0.00208965134745487,-0.000534918280071572,-0.00155240034675241
"5:39194551:G:C",-3.52495149247289e-06,-0.00292445250535245,9.40082087241834e-05,-0.00374359550564707,-0.000516661857789202,-0.00742816240999922,-0.00011687757428458,-0.000109459030979586,-0.000189759121481003,-0.000268175394823267,6.93176754484881e-06,1.79882039663681e-05,-5.06564813855803e-05,0.000721813642189595,-1.45001761993058e-05,-3.10354654562417e-05,-0.000111547818969271,-2.73140356208401e-05,-1.6271691666514e-05,-3.47734748782358e-05,-2.97645581470718e-05,-0.00178068374376394,-4.94714408745267e-05,-1.31748459129e-05,-0.000228682810456959,-0.000572698176889652,-1.7112748019521e-05,-0.00133300377970169,-0.00299258931932656,-0.00359610553185163,-3.47734748782358e-05,2.08570710871214e-05,-0.000188071756784147,-0.000277666468917026,-0.000108326596639507,1.12520846577979e-05,-2.58745591015241e-05,1.36031300623785e-06,-3.47734748782358e-05,-4.94714408745267e-05,-0.00408734982885051,-0.00536253026220201,-9.74435870304546e-05,-0.000109252346177868,-5.18295963995996e-05,-0.00010255558070682,2.82660837669368e-05,-0.000199748234803288,-1.31748459129e-05,-4.94714408745267e-05,-0.000122198921966188,-0.000139267556959588,-0.00240289919009129,0.082049855166356,1.36031300623785e-06,5.42427482352892e-05,-0.00310350598338438,-0.00159512990739685,-1.45001761993058e-05,2.82660837669368e-05,7.26082249524751e-05,-5.29909608548707e-05,-0.00372358224481761,-0.00203995671882495,-5.92194989854633e-05,-0.00172367574796706,-1.31748459129e-05,-1.58127515748063e-05,-0.0010104828989288,-5.80037480055751e-05,-0.000301986040084579,-0.000869225364446891,-0.00116623196271348,-0.0125519184846459,4.31423245510487e-05,-0.00217594341517913,-0.00162516609494201,-0.00169459327403487,7.42332885428354e-05,1.94160442203994e-05,2.23114556403559e-05,-0.00922294562714665,8.35806972343534e-06,-3.05479247790785e-05,-0.000321095882171996,-0.000181355738895661,-6.84921870277577e-05
"5:39195872:A:G",8.2981820526129e-08,-3.51791426389525e-06,-4.59232918803565e-06,0.00089111071177328,4.03196175913223e-06,-7.65290477744429e-06,-3.0637157522051e-06,0.000250810338553009,4.21433680397598e-06,0.000172054505934049,-2.85601567284743e-07,-7.06302828668015e-07,1.63678255571398e-06,2.79645986456245e-06,0.000168663489377607,1.04892504904086e-06,-4.69131523850308e-07,5.89505248260735e-05,0.000239432838532672,1.17754508988099e-06,1.00456487217571e-06,-1.63498890604075e-06,1.59931555643311e-06,4.59453442402946e-07,-5.87894952097656e-06,1.31796042079912e-06,6.07392329321499e-07,0.000102250684956395,-1.28106693431107e-06,-5.10439591838718e-06,1.17754508988099e-06,0.00040486617152613,4.18809198610148e-06,4.57582976931548e-06,3.00914703288413e-06,-4.69131523850308e-07,8.66778448127548e-07,-5.51981402807655e-08,1.17754508988099e-06,1.59931555643311e-06,-8.2556649170229e-06,-8.66719698677798e-07,2.74431641145156e-06,3.03076270835589e-06,1.6736140322493e-06,2.87118873476544e-06,-1.17335314442357e-06,-4.93375073418179e-06,4.59453442402946e-07,1.59931555643311e-06,-0.00327028942646113,1.1109172781687e-06,-1.03411766527728e-06,1.36031300623785e-06,-0.000587738755608136,0.00136643582422646,-0.000279960659799627,-0.000663072616122307,5.09606246090755e-07,-1.17335314442357e-06,-3.32644566825024e-06,1.70982427771804e-06,-7.3296627665087e-06,-1.99667072120491e-06,1.83493653338473e-06,-2.85601567284743e-07,4.59453442402946e-07,5.58912898185326e-07,1.3849809565869e-06,1.79771770270065e-06,1.48295216018113e-06,2.52580801429758e-06,3.22676028563507e-06,0.000292461588842663,0.000261263455378469,-8.55435270707972e-06,1.58348129097874e-06,-3.4571705587183e-07,-3.42135302666691e-06,0.000597025316714905,-8.99621857897159e-07,-4.83667028206014e-07,-3.45717058536366e-07,0.000364011603712022,-0.000364638874599699,4.89448392837488e-06,2.10994640070794e-06
"5:39199345:T:C",7.35304539922765e-07,-0.000120599481260086,-0.000152505714796192,-0.00193754267531077,0.000213940807083368,-0.00722636221158002,-0.000107861315452595,-0.000902364485294349,-0.00618585936472371,-0.00164137837617861,-1.20715226286094e-05,0.00135006948932137,6.86333032513531e-05,0.000125920357270104,1.96856973246895e-05,4.2017981439102e-05,-1.96684701361249e-05,-0.000794134611044939,-0.0017388897077808,4.83234858474901e-05,-0.00665403479119586,-6.53982832732325e-05,6.66508036379909e-05,1.74152814880202e-05,-0.000188849854766637,5.20849899317e-05,2.41471140718374e-05,-0.000607812700918586,-0.0031643197582909,-0.000176080517400479,4.83234858474901e-05,-0.00124276371181153,0.000225096771356625,-0.000500267520891384,0.000140727167953436,-1.96684701361249e-05,3.32526949327061e-05,-0.0024951083571656,4.83234858474901e-05,6.66508036379909e-05,-0.00025482925842546,-3.57296291939591e-05,0.000122399315969801,0.000142274978499835,-0.00555381500898111,0.000131038840216036,-4.49509452922214e-05,-0.000162959557431286,1.74152814880202e-05,6.66508036379909e-05,-0.00486063300547723,-0.0014923660556132,-3.95541241795527e-05,5.42427482352892e-05,0.00136643582422646,0.0597749064894879,-0.00343610889326129,3.60925723796868e-06,1.96856973246895e-05,-4.49509452922214e-05,-0.00011430296087056,7.25288580856187e-05,-0.00280985830566749,-7.31016902832948e-05,7.57834649078859e-05,-1.20715226259449e-05,1.74152814880202e-05,2.19294863681441e-05,-0.000956270646063295,7.37324519510807e-05,6.05593763340906e-05,0.000112558359580461,0.000152063309665884,-0.00174210191609347,0.00155621803638262,-0.000260416506188577,-0.00279974773942548,-1.45732677303556e-05,-0.000117432162703324,-0.00104835818452287,-3.428595459809e-05,-0.00313376416845301,-1.4573267732132e-05,-0.000488337651102455,-0.00138299694368715,0.000356871857520424,9.13134695412765e-05
"5:39200154:C:T",-0.000367424164288366,-0.00264231843591833,-0.00520133913091492,-0.00131546780773606,-0.00744578882768243,-0.00648082317302379,-0.00411025179416358,-0.00506726380189981,-0.00156239684015747,-0.0050586882452972,-0.000133982362140905,-6.34289737044824e-05,-0.00373025979220643,-0.0036017372309165,-0.00156340288998447,-0.00325572784451023,-0.00245666696098912,-0.00483440744378028,-0.00883252902592924,-0.000140089273679145,-0.000907899481319419,-0.00624371514231159,-0.00032940094613032,-0.00222474135102146,-0.00269402039516464,-0.00294185385036272,8.01502075402638e-05,-0.0038240670426557,-0.00341202680705877,-0.00508393924492667,-0.000140089273679145,-0.00174789288909327,-0.00261325443416505,-0.000486533054683935,-0.00105067612097454,-0.00710477343656768,-0.0002823407753616,-0.00385260372672303,-0.000140089273679145,-0.00032940094613032,-0.00567952132247562,-0.000723285948731611,-0.005717222189209,-0.00119548247091128,-0.00311954344262855,-0.00455629681661884,-0.00640362138859984,-0.000988630936163304,-0.00222474135102146,-0.00032940094613032,-0.000397510107571275,-0.00313097897454906,-0.0017384925534154,-0.00310350598338438,-0.000279960659799627,-0.00343610889326129,0.230300700995811,-0.0102812445824343,-0.00375183659464895,-0.000286551270072266,0.0001270691518096,0.000220446639316307,-0.00340941160852015,-0.0018216399584241,0.000128314445340116,-8.61430617948855e-06,-0.00222474135102146,-0.000171424360604355,-0.000558276953494641,-0.00369957902410878,-3.62869448218284e-05,0.00026472626042473,-0.00439464470668227,-0.00436800344331445,-0.00243860635295956,-0.00227193977759965,-0.0038847848717225,-0.000517283130061941,-0.0044511469880355,-0.00551542575336939,-0.00213894206645904,-0.00802858825836195,-7.7303520557237e-05,-0.00105027084861309,-0.00174007100396079,-0.00791837482854563,0.000221200999733995
"5:39200689:T:C",-0.00203374828655267,-2.67056272740263e-06,-0.000396616281556739,-0.0102454856148344,-0.0023513174642007,-0.0124396951122763,-0.00167246950592936,-0.0119862722894784,-0.00443223592357,-0.00747279101594334,-0.0035893161742715,3.9003341401056e-06,-0.00429288651298787,-0.00224837767601116,-0.00230995525903754,-1.20371426044485e-05,2.86612965183508e-06,-0.0105455099460903,-0.0060739281978015,5.41817460764094e-05,-0.000163882595699327,-0.000590332067742949,-0.00656886979231608,-0.00701631045161566,-0.000456380050922078,-0.00641244383568651,-5.88430501302639e-06,-0.00894752519520026,-0.00319983110811117,-0.00496520632025987,5.41817460764094e-05,-0.00306605550656425,-0.008091579065586,-0.00503553849289951,-0.000166717471003608,-4.8918044566193e-06,-0.00681604919920353,4.01386837545203e-07,5.41817460764094e-05,-0.00656886979231608,-0.00143454901021123,-0.000393371341202986,-0.0055353060737735,-0.00059208799465793,-0.000650390533911249,-0.00634075222860986,-1.61537495753095e-05,-0.00143274791937387,-0.00701631045161566,-0.00656886979231608,-0.00677546826442477,-0.00403800082626748,-0.00232537212532336,-0.00159512990739685,-0.000663072616122307,3.60925723796868e-06,-0.0102812445824343,0.295415081573449,-4.79719190682459e-06,-0.000810488550970767,-1.32814025999295e-06,-2.44610911330767e-05,-0.00530771022622289,-0.0013337453270541,-0.00160786442311611,-0.0116021140763749,-0.00701631045161566,-0.00525159405446729,4.90524223994981e-06,-0.00012572806738298,-0.00304338815418781,-0.00269975815520951,-0.00376848398095753,-0.0168144826415144,4.92061869916682e-06,-0.0013951966802539,-0.00638918857937343,-0.00467672946943054,-0.000986033002843278,4.11385407961262e-06,-0.00631192919241119,-0.00169715697954143,-0.000497193210861724,-0.00608324967828189,-0.000901827889185469,-0.000403481616680246,-0.00100759536564077
"5:39202689:G:T",-9.6882486655403e-07,2.77901167908823e-05,3.46587494464146e-05,-0.00572237550017629,-5.85304175997337e-05,-0.00173104496117649,2.46261213581178e-05,-0.00143101798188372,-6.38665655596782e-05,-0.0015931379057621,2.59922868472984e-06,6.44794018178629e-06,-1.76853896363127e-05,-3.40199395996166e-05,-1.85833492007959e-05,-1.08405650447452e-05,4.22234668118193e-06,-0.00159362906910854,-0.00154389001428168,-1.22323874816033e-05,-1.03670743758499e-05,1.37885912572244e-05,-1.724452661378e-05,-4.5784345807931e-06,4.21866659063852e-05,-1.40255526739352e-05,-6.04854356645035e-06,-0.00300719019695173,-0.00169035540330142,-0.00191846906687498,-1.22323874816033e-05,-0.00270184713912336,-6.3165213215477e-05,-0.000140685562424636,-3.73296645106436e-05,4.22234668118193e-06,-8.91692026439017e-06,5.09606246090755e-07,-1.22323874816033e-05,-1.724452661378e-05,-0.00215463277260053,-0.00293100464613349,-3.32380294780776e-05,-3.76776652037947e-05,-1.81217220038832e-05,-3.51601049954908e-05,1.03263747321947e-05,3.66904600364037e-05,-4.5784345807931e-06,-1.724452661378e-05,-0.00938580889460727,-1.4048334925576e-05,9.19074014404941e-06,-1.45001761993058e-05,5.09606246090755e-07,1.96856973246895e-05,-0.00375183659464895,-4.79719190682459e-06,0.0613320518293232,1.03263747321947e-05,2.65280829996328e-05,-1.85535924330793e-05,-0.00168673984774959,1.68866624763453e-05,-2.03377751528677e-05,2.59922868650619e-06,-4.5784345807931e-06,-5.56340535684541e-06,-0.00144147594321886,-0.00333359953688372,-0.00380903151112122,-2.9713368863149e-05,-4.13371336076551e-05,-0.000587003803028452,1.56942931415216e-05,-0.00245459924408831,-0.000211266972595325,-0.00188948398182731,2.71561104359108e-05,6.98580913827129e-06,8.07742992314786e-06,3.91241970731926e-06,3.13481282443462e-06,-0.00270584471921964,-0.00142463335218324,-0.000106847933313503,-2.3792524552313e-05
"5:39205970:C:T",-0.00192176009806388,-6.56707388619893e-05,-8.40660078127442e-05,-0.000343169792807796,0.000101589388814105,-0.00115602461473951,-0.00141200849002132,-0.00366794587741381,-0.00147182355198439,-0.00295636901176533,-6.03279096900167e-06,-1.40079136015103e-05,3.49487771691415e-05,-0.00254096191702313,1.03263747321947e-05,-0.0018287325424593,-0.00180599579285712,-0.00581645914141049,-0.00208422190573998,2.47431945741283e-05,-0.00192880982313248,-0.0026498248725817,3.4033532039679e-05,9.21980922008458e-06,-0.00351455674462375,2.72562487557693e-05,-0.000416818605046387,-0.00284035895760493,-4.78635669241001e-05,-0.000116321353068827,2.47431945741283e-05,-1.66067126903258e-05,-0.00142447824669834,-0.00234907735488576,-0.00402583366799991,-0.00180599579285712,1.75738344232457e-05,-0.00430015147920759,2.47431945741283e-05,3.4033532039679e-05,-0.000228329011599193,-1.80372731568568e-05,-0.00103047506039111,-0.00495059353972405,-0.0010829608624201,-0.000430735314830066,-0.00162526201135638,-0.00119318950275549,9.21980922008458e-06,3.4033532039679e-05,-0.000175191329049085,-9.4383759066119e-06,-2.06441426575665e-05,2.82660837669368e-05,-1.17335314442357e-06,-4.49509452922214e-05,-0.000286551270072266,-0.000810488550970767,1.03263747321947e-05,0.0786796750311249,-6.21951585788594e-05,-0.000377625889907307,-6.91199916857954e-06,-0.00292077399676227,3.90291334566584e-05,-6.03279096900167e-06,9.21980922008458e-06,1.14177683450123e-05,-0.000226456718024792,3.80941552906577e-05,3.12105706079535e-05,5.62953857690118e-05,-0.00179280135592119,-0.00117886527490185,-3.57445835241776e-05,-0.000148739402229481,4.1235022063546e-07,-7.29088035011927e-06,-0.00427215486818699,-1.52982814949354e-05,-1.79335778138778e-05,-0.000435770454798146,-7.29088035189562e-06,-0.00155260479511465,-0.00191047702134917,0.000158476096308924,4.60486566069562e-05
"5:39206491:G:A",-2.62639147763366e-07,-0.000101146804513341,-0.000209234402862357,-0.00099445707697754,0.000289543275907356,-0.00332592420717326,-0.000148540491836435,0.000175487808069086,-0.0036807564653234,-0.000330534795746296,-1.70365526521721e-05,-3.63348407663722e-05,9.30153837357395e-05,0.000169466603815671,2.65280829996328e-05,5.67551347145923e-05,-2.77646739732518e-05,3.66743478101839e-05,-0.00552240918630975,6.56761595578814e-05,5.37095389434583e-05,-4.1655853548761e-06,9.02052480338256e-05,2.33200585215698e-05,-0.000259372117593415,6.95465298683473e-05,3.28305482382163e-05,-0.00171057299256638,-0.00534689434230273,-0.00513483313615204,6.56761595578814e-05,-4.35017984647956e-05,0.000303003366807886,-0.000447984930607603,0.000190637464942078,-0.00082840711024712,4.4347696555036e-05,-3.32644566825024e-06,6.56761595578814e-05,9.02052480338256e-05,-0.000352464477687775,-0.000700552899122187,0.000164428315571286,0.000192849008533003,9.57921269320039e-05,-0.00388473756235719,-0.000668708535648932,-0.000223960355591579,2.33200585215698e-05,9.02052480338256e-05,-0.00183735227612747,-2.8001588200155e-05,-5.45807320504466e-05,7.26082249524751e-05,-3.32644566825024e-06,-0.00011430296087056,0.0001270691518096,-1.32814025999295e-06,2.65280829996328e-05,-6.21951585788594e-05,0.046848890315923,9.85360688758874e-05,-0.000783640549071762,-0.000100697890605517,-0.00107577655805002,-1.70365526503957e-05,2.33200585215698e-05,2.96980217022735e-05,6.73262961026211e-05,-0.00092742315184946,8.15683564505676e-05,0.000152236559798347,-0.00396017781528357,-0.00227784359996086,-9.25658427366471e-05,-0.000359206783598687,-0.00177361170841994,-2.0568864807835e-05,-0.000160909550374733,-3.98969417823025e-05,-4.71501843319899e-05,-0.000915032336397559,-2.05688648096114e-05,-0.000709500032143318,0.000208993579165373,-0.000982764909506884,0.000123669575220475
"5:39214915:A:G",-4.96351267198492e-06,0.000103146620740624,0.000129854462191048,0.000638867754172878,-0.000200045793455672,6.89784101766122e-05,9.02711301602466e-05,0.000142573925880463,0.000388357172875331,-3.26483349049056e-05,8.74221733049296e-06,2.34078448215769e-05,-6.30914406318794e-05,-0.000120552616248659,-1.85535924330793e-05,-3.92154326043226e-05,1.42285809161535e-05,-3.5331814794759e-05,4.92958204896254e-05,-4.37073043082492e-05,-3.76842321339055e-05,4.70058340500401e-05,-6.16974604801257e-05,-1.69215039722559e-05,0.00015963557813059,-5.14800851272312e-05,0.00182032951166811,-0.000275961112489398,-1.94293478195107e-07,-0.000150550040576292,-4.37073043082492e-05,2.71117295005396e-05,0.000402829406390026,1.75645136852864e-05,-0.000130297096156085,1.42285809161535e-05,-3.29847990414578e-05,-0.00202558760407001,-4.37073043082492e-05,-6.16974604801257e-05,-0.000332998777375693,2.57888077372925e-05,0.000274229435794915,-0.000131318182949869,0.00108819962406326,0.000407597458534248,3.67421841653837e-05,0.000137484510117858,-1.69215039722559e-05,-6.16974604801257e-05,-0.00012514783543871,-0.000174657087411489,3.28246490211015e-05,-5.29909608548707e-05,1.70982427771804e-06,7.25288580856187e-05,0.000220446639316307,-2.44610911330767e-05,-1.85535924330793e-05,-0.000377625889907307,9.85360688758874e-05,-0.00133957701727905,0.000313844738083269,-0.000547198872035359,-7.36508896519439e-05,8.74221733138114e-06,-1.69215039722559e-05,-2.01675825648451e-05,0.000184905246178424,-7.22388450871136e-05,-5.74193180478133e-05,-0.000104900970237409,-0.000145037923308777,0.00031735927068155,-0.001473083172983,0.000214692097880942,-0.000194670172636968,1.0550234616602e-05,0.000100828396877972,2.5249546020234e-05,2.89947389147116e-05,9.26367474818335e-06,1.05502346157138e-05,0.000149859850372636,0.000568714104089096,-0.000354611566977248,0.000720358850917258
"5:39215655:C:G",-0.00267930870569355,-0.0011069382109401,-8.14785711140686e-05,-0.00800096422584273,-0.00367907292871994,-0.00149861393607997,-0.0011499297398867,-0.00776399277266826,-0.00218935073093629,-0.000747846505995131,-0.00177468436793493,-0.000796944974848834,-0.00239114379954852,-0.00179701445945035,-1.46752478720202e-05,-9.37342138191966e-05,1.13483392611968e-05,-0.00520099157856979,-0.00170362881755626,-4.80481480007455e-05,-0.000286212478497028,0.000160514816745838,-0.00274027831466928,-0.00176687709952805,8.52085214724241e-05,-0.00139667001644472,-3.77459335387798e-05,-0.00417143935144004,-0.00248550883018472,4.00028513993789e-05,-4.80481480007455e-05,-0.00180586275167283,-0.00326679229766125,-0.000826538781328434,-0.00218982967326298,-0.0129629320121474,-2.80434560817611e-05,-0.00470401586894642,-4.80481480007455e-05,-0.00274027831466928,-0.000125419336071353,-0.00205502969575466,-0.000183942284261107,-0.00532905147211071,-0.00790352395542104,-0.00615626484018694,-0.0149945659753632,5.69641323133752e-05,-0.00176687709952805,-0.00274027831466928,-0.00617427940521953,-0.00378769669264756,-0.00429688823879371,-0.00372358224481761,-7.3296627665087e-06,-0.00280985830566749,-0.00340941160852015,-0.00530771022622289,-0.00168673984774959,-6.91199916857954e-06,-0.000783640549071762,0.000313844738083269,0.201849304927635,-0.00244053457075655,-0.000171633968949259,-0.00211424396798687,-1.32619830637282e-05,-1.60871604304447e-05,-0.00369381300894744,-0.000196547758198662,-0.00201986464292947,-9.2960568745859e-05,-0.000445781561785985,0.000143886555061368,-0.00171558691171647,-0.00313790504861089,-0.0108496807454221,-0.000627288628422207,-0.00219196468492644,-0.00161509699896722,1.87011341443721e-05,-0.00373742313737502,-0.00180085695292842,-0.00158385821541973,-0.000641492637987184,-0.00133713285280557,-0.00476427484417741
"5:39216065:C:G",-0.00174911275264655,-0.000106361811721634,-0.00188713178878253,-0.00312929842085019,-0.000774098000956513,-0.00273339788961202,-9.47284740178134e-05,-0.00208714456893855,-0.000528323648905982,-0.00267459653462065,-0.00138842581255005,-2.29760244234711e-05,5.80158827503396e-05,-0.00184606947960475,1.68866624763453e-05,3.58115270779891e-05,-1.67370553070256e-05,2.53796260194505e-05,-0.00359803613459952,4.1009035243178e-05,-0.00237562315061002,-0.00155610253094896,5.64044088431359e-05,1.49854661630755e-05,-0.00016915329515399,-0.00208210582383206,-0.000602657427842601,-0.000126764804712742,-0.00120926842594216,-0.00292043629143013,4.1009035243178e-05,-2.73478735834942e-05,-0.00166676521390396,-0.00265359142636878,-0.00380619348986322,-1.67370553070256e-05,-0.00162713115010504,-0.00449495841282577,4.1009035243178e-05,5.64044088431359e-05,-0.00324639879380495,-3.05398022932835e-05,-0.00197407458924648,0.000117932317161618,-0.00125326162052808,-0.00182682077106211,-3.88011594667503e-05,-0.000145078324254477,1.49854661630755e-05,5.64044088431359e-05,-0.000193237097509069,-0.00306410691680714,-3.41270890986678e-05,-0.00203995671882495,-1.99667072120491e-06,-7.31016902832948e-05,-0.0018216399584241,-0.0013337453270541,1.68866624763453e-05,-0.00292077399676227,-0.000100697890605517,-0.000547198872035359,-0.00244053457075655,0.0943853016872587,6.42679253095579e-05,-1.02506993506779e-05,1.49854661630755e-05,1.87631291055368e-05,-0.000889169698622183,6.26091220192748e-05,5.1440803569669e-05,-0.00281484844174962,-0.00191294953048438,-0.00219084131784175,-0.00144641914479049,-0.00355217500709593,-0.00245453627487002,-1.23837077170563e-05,-0.000103510503098647,-2.51475689490022e-05,-2.95775049687919e-05,-0.0017213881999476,-0.00141796544161821,-0.000165317670759002,-0.000928616856341158,-0.00453478729036139,7.67594120985038e-05
"5:39216949:A:G",-0.00249328530969262,-0.00100021422207952,-0.00133815713291252,-0.00564403117898715,-0.00145393387272552,-0.000621384437407002,-0.00182459421500081,-0.00476108599635872,-0.000263229843435298,-0.00158844323282059,9.35705797999731e-06,2.50677653346187e-05,-0.00207176823888222,-0.000138961883383359,-2.03377751528677e-05,-4.34052555480235e-05,-0.00234506222087383,-0.00161379073089396,-0.00223556787305768,-4.83886926669896e-05,-4.17098641847247e-05,-0.000515311637921734,-6.8991204272173e-05,-1.85591546433272e-05,-0.0014450818004752,-5.75291244793164e-05,-2.38421687068779e-05,-0.00252393835831111,-0.0023472585130202,-0.00269998314706754,-4.83886926669896e-05,2.89608908703443e-05,-0.00026126150729322,-0.000405517803776512,-0.000770087824599308,-0.00183739184482512,-3.65172755962817e-05,1.83493653338473e-06,-4.83886926669896e-05,-6.8991204272173e-05,0.000129325312727246,-1.70496623574934e-05,-0.000136277526750384,-0.000587495792796489,-0.000576882800798373,-0.000142873956548328,-0.00203513941518629,-0.00152805338247397,-1.85591546433272e-05,-6.8991204272173e-05,-0.000259199132639054,-0.00154380016112476,-0.00209814255048268,-5.92194989854633e-05,1.83493653338473e-06,7.57834649078859e-05,0.000128314445340116,-0.00160786442311611,-2.03377751528677e-05,3.90291334566584e-05,-0.00107577655805002,-7.36508896519439e-05,-0.000171633968949259,6.42679253095579e-05,0.0633158095278485,9.35705798088549e-06,-1.85591546433272e-05,-2.20986946137813e-05,-6.44740789059739e-05,-0.00014192905982835,-0.00135608736806692,-0.000119734811324435,-0.000168989331613467,-9.18457201635192e-05,-0.00214924236916758,5.48965781401733e-05,-0.00025671610283684,1.12844966615455e-05,0.000103839183054788,2.70050066131233e-05,3.0935675845889e-05,-0.00110981663809451,1.12844966606573e-05,-0.000522741584997988,-0.00294960625870377,-0.000255677789764874,-9.53291444369953e-05
"5:39220411:G:A",-0.00218122909256468,-1.80281564778895e-05,-0.000395974219696171,-0.000524407541042216,2.06173563652712e-05,-0.000863442952396376,-1.57290472380112e-05,1.50571263937138e-05,2.15456767804767e-05,-0.00286310546320667,-1.47833374875006e-06,-3.61447029373352e-06,8.36414689864284e-06,-0.00158114494629569,2.59922868650619e-06,5.35469331097715e-06,-2.4290964120155e-06,4.27744505415717e-06,-0.00405231497101166,6.02044650488409e-06,5.12498737847977e-06,-0.0018049286188031,-0.00146214738793393,2.33960501017094e-06,-0.000243280897280762,-0.00176415265560514,3.10528250935249e-06,-0.00224220936009178,-0.00412437036621771,-2.64176082360734e-05,6.02044650488409e-06,-4.27576135386687e-06,2.1409288741836e-05,-0.00297641799898418,1.53833604183973e-05,-0.0020573668656052,-0.00332112163510967,-2.85601567284743e-07,6.02044650488409e-06,-0.00146214738793393,-4.24922639146175e-05,-0.0023843746432135,1.40099180452324e-05,1.54953118087775e-05,8.55480877071102e-06,1.46683114836677e-05,-0.00186679185867966,-2.53080314145393e-05,2.33960501017094e-06,-0.00146214738793393,-0.00216115818088358,-0.00233971060877636,-5.31148930882352e-06,-0.00172367574796706,-2.85601567284743e-07,-1.20715226259449e-05,-8.61430617948855e-06,-0.0116021140763749,2.59922868650619e-06,-6.03279096900167e-06,-1.70365526503957e-05,8.74221733138114e-06,-0.00211424396798687,-1.02506993506779e-05,9.35705798088549e-06,0.0682283310033585,2.33960501017094e-06,2.85442108349798e-06,7.01970249039618e-06,-0.00201581565511866,7.56741735408184e-06,1.29067238807679e-05,1.64854422557426e-05,-0.00322125378095084,-9.42896301925344e-06,-4.3961272607973e-05,-0.0021179098792885,-1.78969144393193e-06,-1.75280207095341e-05,-3.94228513034278e-06,-4.61503013227116e-06,-2.60717526856524e-06,-1.78969144482011e-06,-2.87800544649386e-05,1.71339254171343e-05,2.50339022258572e-05,-0.00129561647477328
"5:39222036:G:A",-8.58130926317813e-07,-0.00176732716604544,3.02276544053015e-05,-0.00310672353926211,-5.47624458464568e-05,-0.00197000611545572,2.16979051756994e-05,-3.399189323261e-05,-5.99308920916641e-05,-0.000213941848078214,-0.0058733389864809,5.7699000644007e-06,-1.61173503041567e-05,-3.13443603250363e-05,-4.5784345807931e-06,-9.82775557378801e-06,3.79572225472913e-06,-8.10734964851179e-06,-0.000241721065224354,-1.110521117198e-05,-9.39372846175957e-06,-0.00207680404723654,-0.00112261126668045,-0.00345470682293847,3.6505345218707e-05,-1.27374412173253e-05,-5.46561927272649e-06,-0.00171041501005309,9.25607060064948e-06,-4.45828240396295e-05,-1.110521117198e-05,6.73373931014964e-06,-5.92471555993512e-05,-0.0021676626453484,-3.44783442711716e-05,3.79572225472913e-06,-0.00462767031256028,4.59453442402946e-07,-1.110521117198e-05,-0.00112261126668045,-0.00216178679933954,6.83307470872307e-06,-3.06055993748444e-05,-3.4808508051043e-05,-1.65213818501542e-05,-3.24227301442548e-05,9.21980922008458e-06,3.19373051151928e-05,-0.00345470682293847,-0.00112261126668045,-0.00172140959060485,-0.00171151240751399,8.21200237233199e-06,-1.31748459129e-05,4.59453442402946e-07,1.74152814880202e-05,-0.00222474135102146,-0.00701631045161566,-4.5784345807931e-06,9.21980922008458e-06,2.33200585215698e-05,-1.69215039722559e-05,-1.32619830637282e-05,1.49854661630755e-05,-1.85591546433272e-05,2.33960501017094e-06,0.0655780465794464,-5.02408655478348e-06,-1.36718508407796e-05,-1.81380556778521e-05,-0.00139689391639308,-2.73041637930405e-05,-3.82689858984264e-05,-0.000470592651518054,1.39398687055703e-05,-0.00195627740986914,-1.71226106058242e-05,2.82050184186033e-06,2.38591575163483e-05,6.24968793694336e-06,-0.00343948535199168,3.55644181482262e-06,-0.00547229648544079,-0.00213786440200536,-4.08915516372232e-05,-0.00134683548797909,-2.17763227858825e-05
"5:39226164:C:T",-1.08128589548784e-06,3.11363763598749e-05,3.9035576069324e-05,-0.00538283520553318,-6.22563626251349e-05,-0.00515949743179611,-0.00483113874088392,-0.00489675394176281,-6.77585831931893e-05,-0.00482365413197172,2.8544210826098e-06,7.11818869802983e-06,-1.92364231388353e-05,-3.6667191565698e-05,-5.56340535684541e-06,-1.1842850468291e-05,4.64162350954922e-06,-0.00526754114211325,-0.00493349456832881,0.00036338394363522,-1.13305771956007e-05,1.52518647071886e-05,-1.87632592947296e-05,-5.02408655478348e-06,4.77972433410301e-05,-1.53015763082465e-05,-6.62502903825413e-06,7.11486935500716e-06,-0.00144400399238265,4.19617347748868e-05,-1.33470886165554e-05,-0.00274647658991789,-0.00423212970167963,-0.00503838178569183,-4.01495150139652e-05,4.64162350954922e-06,-9.75992493312816e-06,5.58912898185326e-07,-1.33470886165554e-05,-1.87632592947296e-05,6.21789504871018e-05,8.39689866705129e-06,-0.00467684075093455,-4.05150432021273e-05,-1.97045038135002e-05,-3.78680284267574e-05,1.14177683450123e-05,-0.0045673565472315,-5.02408655478348e-06,-1.87632592947296e-05,-0.00151556083442195,-0.00549553277971437,1.0156538506223e-05,-1.58127515748063e-05,5.58912898185326e-07,2.19294863681441e-05,-0.000171424360604355,-0.00525159405446729,-5.56340535684541e-06,1.14177683450123e-05,2.96980217022735e-05,-2.01675825648451e-05,-1.60871604304447e-05,1.87631291055368e-05,-2.20986946137813e-05,2.85442108349798e-06,-5.02408655478348e-06,0.0752410912281336,-1.64391981662959e-05,-2.16137987880671e-05,-1.73124295557159e-05,-3.20964504529897e-05,-4.43721843605971e-05,-0.00483482565923943,1.74265591841305e-05,6.40257578901071e-05,-2.06347495765868e-05,3.44374315197626e-06,3.04134415651802e-05,7.71315590775146e-06,8.92194438861793e-06,4.25314863861104e-06,3.44374315019991e-06,4.55815329774012e-05,-4.72911135886989e-05,-0.000111147461058003,-2.57868147164331e-05
"5:39227376:T:G",-0.00248411469666632,-0.00307505645293649,-0.000538053298587471,-0.00390148344209784,-0.000682962925261599,-0.00416174079937903,-0.000484596296328021,-0.0046332096139734,-0.00111026518329993,-0.000341366045827129,7.01970248950801e-06,1.79875912404981e-05,-0.00454985298495725,6.87006577493321e-05,-0.00144147594321886,-0.00122750625845391,-0.00096629323738906,-0.00432654249870357,-0.000330133009918132,-3.68436134055017e-05,-0.00132506218064332,-0.00402014207182955,-5.32184598265317e-05,-1.36718508407796e-05,-0.00266278568396405,-0.00658423199820657,0.00020729933902075,-0.000881509774968592,-0.000577772450650826,-0.0020871734915513,-3.68436134055017e-05,2.07891165358021e-05,-0.00180887379323824,-0.000342669158272635,-0.00477870887847498,-0.00234120021711259,-2.72482315279987e-05,-0.00364403803029933,-3.68436134055017e-05,-5.32184598265317e-05,-0.00306146862696277,-0.00218342369267699,-0.000441193679887597,-0.00570500007871377,-0.000518110001996419,-0.000653344336673634,-0.00212935832458161,-0.00030062449478141,-1.36718508407796e-05,-5.32184598265317e-05,-0.00145110086690359,-0.0017229093520057,-0.00209986906865822,-0.0010104828989288,1.3849809565869e-06,-0.000956270646063295,-0.000558276953494641,4.90524223994981e-06,-0.00144147594321886,-0.000226456718024792,6.73262961026211e-05,0.000184905246178424,-0.00369381300894744,-0.000889169698622183,-6.44740789059739e-05,7.01970249039618e-06,-1.36718508407796e-05,-1.64391981662959e-05,0.126003984563976,-6.31073184287345e-05,-0.00129893950808846,-0.00101690417748745,6.01800215083159e-05,-0.00380133290070628,-0.00207305885736631,-0.0023549006750585,-0.00112299898307988,-0.00183631774641135,-0.00348940684182697,1.93841782802906e-05,2.22024006966137e-05,-0.00481914494536539,8.45225597334576e-06,-0.000556990106026944,-0.00511276589848553,-0.000205085047911169,-0.00418005620102502
"5:39227432:T:C",-5.41258794051203e-06,-0.0028954749804484,-0.000646276320316552,-0.00216367552865115,-0.000872010907774445,1.65115267862781e-05,-0.00233106309008679,-0.00869250122834409,-0.00141755306351499,-0.00230092648527513,-0.00196216245636016,2.44637672519588e-05,-6.91893582498437e-05,-0.00281367884051953,-1.98844849306212e-05,-0.00139095733030814,-0.00194977716700162,-0.00797160346403647,-0.00285573673720041,-4.74018061327186e-05,-4.08272881449179e-05,-9.58376220072665e-06,-6.76409552848867e-05,-1.81380556778521e-05,-0.00130718232541582,-5.63373269386602e-05,-2.33262388169564e-05,-0.000417660571028655,-0.00130459936117511,-0.0016979663759038,-4.74018061327186e-05,-0.00181030271471094,-0.0105710621950266,-0.00232602107852697,-0.000879451991491642,1.48797042189841e-05,-5.13711956102725e-05,1.79771770270065e-06,-4.74018061327186e-05,-6.76409552848867e-05,-0.00353712215496493,-0.000967030224846788,-0.00951812251789708,-0.000696847940697687,-7.0721909080973e-05,-0.00137650297222613,3.80941552906577e-05,-0.00265353588807749,-1.81380556778521e-05,-6.76409552848867e-05,-3.6218629930751e-05,-0.00196443223832343,-0.000964299376012612,-5.80037480055751e-05,1.79771770270065e-06,7.37324519510807e-05,-0.00369957902410878,-0.00012572806738298,-0.00333359953688372,3.80941552906577e-05,-0.00092742315184946,-7.22388450871136e-05,-0.000196547758198662,6.26091220192748e-05,-0.00014192905982835,-0.00201581565511866,-1.81380556778521e-05,-2.16137987880671e-05,-6.31073184287345e-05,0.114048928631933,-6.28981894790215e-05,-0.00249307100313079,-0.000166421750897428,-0.000877420877139379,5.84429004977238e-05,-0.00136118354395887,-0.000228410377872912,1.10505875809963e-05,0.000100847381829361,2.63563013964685e-05,3.01950652925598e-05,-0.000289622730059058,-0.00198796855717287,-0.00443475340622967,-0.000246607098233653,-0.00464491905600539,-0.0040609858735916
"5:39227786:A:G",-0.00334103941095076,8.53055057730145e-05,0.000106409549403885,-0.00259549506526335,-0.000181739008013437,-0.00129924461050113,7.51457093617347e-05,-0.00866869622614974,-0.000199750784340758,-0.00088398378185417,7.56741735408184e-06,1.98590555458011e-05,-0.00071754562843207,-0.000417423575814091,-0.00380903151112122,-3.38512875357466e-05,1.22976329786084e-05,-0.00496008988724839,-0.000222213757051115,-3.78539724747995e-05,-3.24889382410376e-05,4.02503509526753e-05,-0.000904261232594905,-0.00341705655500757,0.000129483786345475,-0.000277139776091673,-1.87163716427463e-05,-0.00697051315904407,-0.000105274477551376,-0.00166874165469366,0.00032005751588482,2.3021008878743e-05,-0.0050474866267578,-0.000797297893303295,-0.000115902380217747,-0.00167339651795828,-2.8314404035612e-05,1.48295216018113e-06,0.00032005751588482,-0.000904261232594905,0.000165846431104733,-0.00252666236465959,-0.00252490665712912,-0.000116861631766163,-0.000394858084710847,-0.000109916849197589,-0.00187576322612237,0.000112450253150875,-0.00341705655500757,-0.000904261232594905,-0.00644822297121905,-9.42495272280297e-05,2.78847295387408e-05,-0.000301986040084579,1.48295216018113e-06,6.05593763340906e-05,-3.62869448218284e-05,-0.00304338815418781,-0.00380903151112122,3.12105706079535e-05,8.15683564505676e-05,-5.74193180478133e-05,-0.00201986464292947,5.1440803569669e-05,-0.00135608736806692,7.56741735408184e-06,-0.00139689391639308,-1.73124295557159e-05,-0.00129893950808846,-6.28981894790215e-05,0.0963572463877593,-0.000891815684808783,-0.000129482095233335,-0.00194304288886382,-0.00241339192784107,0.000171022298878221,-0.00203517305038581,9.12786068951732e-06,8.34278436956382e-05,2.14321368208203e-05,-0.00232023706963158,-7.40355449080354e-05,9.12786068774096e-06,-0.00190905672569475,-0.0027405246419745,-0.00265993212323146,-7.3964677856253e-05
"5:39228629:G:A",-9.67085951142366e-06,0.000158976259102772,0.000199351185711905,-0.00366385895183452,-0.000360096525701792,-0.00148705175492658,0.000138562008684673,-0.000218351825287399,-0.00035974935192673,8.56357556564546e-05,-0.00301621568782462,3.66393698119083e-05,-0.000100871405251723,-0.00084240229933652,-2.9713368863149e-05,-6.27957874677065e-05,2.09969694076051e-05,-6.01453875637148e-05,4.56653048699351e-05,0.000614461760334528,-6.05392276789019e-05,-0.00143476852780111,-9.88229680656261e-05,-2.73041637930405e-05,-0.00205810546222018,-0.000907032419241283,-3.4453830054737e-05,-0.00126320009541203,2.30113591026537e-05,-0.000180471943249216,0.000614461760334528,4.21039571296689e-05,-0.000898899775605422,0.000103560798335067,-0.00158856707384558,2.09969694076051e-05,-0.00336097284207515,2.52580801429758e-06,0.000614461760334528,-9.88229680656261e-05,-0.000100550465651494,3.80192528570689e-05,-0.000963581668817604,-0.000155962231006335,-0.000115417719772637,-0.000201066806666539,5.62953857690118e-05,0.00021043687676503,-2.73041637930405e-05,-9.88229680656261e-05,-0.00120952732027302,0.000287308255304985,5.05254847045222e-05,-0.000869225364446891,2.52580801429758e-06,0.000112558359580461,0.00026472626042473,-0.00269975815520951,-2.9713368863149e-05,5.62953857690118e-05,0.000152236559798347,-0.000104900970237409,-9.2960568745859e-05,-0.00281484844174962,-0.000119734811324435,1.29067238807679e-05,-2.73041637930405e-05,-3.20964504529897e-05,-0.00101690417748745,-0.00249307100313079,-0.000891815684808783,0.0387403472185683,-0.000236487376679584,0.000604034285869304,8.79836692124769e-05,-0.000169324202887289,-0.00107513784647928,1.55736681035634e-05,0.000155588314115107,3.93570070569282e-05,4.4880694913374e-05,-0.00244608217510933,-0.00304134043720872,-0.00136216155378577,-0.000259575007727442,0.00135994315149635,-0.000135393781664384
"5:39229290:G:A",-0.00264618966834362,0.000213479621118395,-0.000232805777605094,0.000197333133205913,-0.000459232610789506,0.000194041688929669,-0.00189461559156712,-0.00176659572587212,-0.000349779500053771,-0.00519895813116156,1.64854422548544e-05,4.98637985533179e-05,-0.000139967571882949,-0.000579035646784298,-4.13371336076551e-05,-0.00109388544114619,-0.00159566731732674,-0.00146750365875636,-0.00394866706866859,-9.57155772907115e-05,-8.44619318431938e-05,-4.4487434669449e-05,-0.000137390017633798,-3.82689858984264e-05,-0.00156923683875032,-0.000342968889429862,-4.73746678517628e-05,-0.000405408742944147,-0.00196248885282646,-8.79695856070839e-05,-9.57155772907115e-05,5.68546989194729e-05,-0.00473007914879986,-0.0112670391976768,-0.000293850796866835,-9.3382100226691e-05,-7.56886660173706e-05,3.22676028652324e-06,-9.57155772907115e-05,-0.000137390017633798,0.000257651351947885,4.85381700396914e-05,-0.00463902258991933,-0.000295603636359054,-0.000142516718543817,-0.00250454283846224,-5.90484634486188e-05,-0.00216550313446096,-3.82689858984264e-05,-0.000137390017633798,-0.000452130445601995,-0.00739834403313022,-8.04419519964128e-05,-0.00116623196271348,3.22676028563507e-06,0.000152063309665884,-0.00439464470668227,-0.00376848398095753,-4.13371336076551e-05,-0.00179280135592119,-0.00396017781528357,-0.000145037923308777,-0.000445781561785985,-0.00191294953048438,-0.000168989331613467,1.64854422557426e-05,-3.82689858984264e-05,-4.43721843605971e-05,6.01800215083159e-05,-0.000166421750897428,-0.000129482095233335,-0.000236487376679584,0.0874248732943221,0.000615302742353663,0.000118239330536341,-0.00156880468855203,-0.000494771279577755,-0.00266491315492701,0.000209158309724344,5.3340729565754e-05,6.04062958586837e-05,-0.00012518701558939,1.98908902246941e-05,-0.000740619559127076,-0.000743534507431143,-0.00390116789341999,-0.000188489731936414
"5:39231954:C:T",-0.0013739461765061,-0.000445621400660734,-0.000269309852420463,-0.00147209406351578,0.00113989401869219,-0.00281330708095195,-0.00353645360227617,-0.00991074642419321,-0.00587755040593896,-0.00283419623896464,-0.00174762516429094,-0.000249959793186427,-0.00549175764906629,-0.00866623609692496,-0.00208691891619406,3.28885016642744e-05,-0.00197370688660126,-0.0108398535080156,-0.000104203340206777,0.000404249273089796,-0.00406830057562946,-0.00813375608911127,-0.00301423405216994,-0.000470592651518054,-0.00326646847075462,-0.0203924874646653,-0.000101339522973198,-0.000925599177055147,-0.00956263506872945,-0.000637223347373705,0.000110529703684747,-0.00371782105213381,-0.00778956495452965,-0.00157264848505356,0.000109400525851733,-0.00867768044784967,-0.00715424534725173,-0.00422062427671932,0.000110529703684747,-0.00301423405216994,-0.000530448745581058,-0.0011681504672767,-0.00140063618747455,-0.000552830221050904,-0.00348478492028814,-0.00148818244749904,-0.00682138674791055,-0.00103321211835983,-0.000470592651518054,-0.00301423405216994,-0.00208889728502015,-0.00160176930275169,-0.00190182120376203,-0.0125519184846459,0.000292461588842663,-0.00174210191609347,-0.00436800344331445,-0.0168144826415144,-0.000587003803028452,-0.00117886527490185,-0.00227784359996086,0.00031735927068155,0.000143886555061368,-0.00219084131784175,-9.18457201635192e-05,-0.00322125378095084,-0.000470592651518054,-0.00483482565923943,-0.00380133290070628,-0.000877420877139379,-0.00194304288886382,0.000604034285869304,0.000615302742353663,0.264202707506799,-0.00600705014247982,-0.00161679256756608,-0.00313436885396312,-0.0124234849563924,-0.00304106283405492,-0.00139874600325918,0.000336066698823245,-0.0041546355541815,-0.00157829535849086,-0.000695003696165486,-0.00258372066078438,-0.00329476331172662,0.000429876510112948
"5:39233123:G:T",-0.0018801692190511,-9.77048331671782e-05,-0.000124220571088962,-0.00225655078392073,0.000163751027081993,-0.00677535157953901,-8.7002996896679e-05,-0.000754958525267746,-0.00390970311815853,-0.00345286279163393,-9.42896301925344e-06,0.00205388993281996,-0.00152351463431621,9.84878664986866e-05,1.56942931415216e-05,-0.00195172495999429,-1.53858464493339e-05,-0.00190587448797785,-0.00219823623228077,3.81303109779907e-05,-0.00205245720021097,-5.16157474512724e-05,5.25413771184091e-05,1.39398687055703e-05,-0.00015472453198484,4.15027831524029e-05,1.91370806774671e-05,-0.000920044140858778,-0.00117588609238872,-0.00284565010160165,3.81303109779907e-05,0.000379807583782643,-0.00161827170957807,-0.00440484122123319,0.000109275324925662,-1.53858464493339e-05,2.66034949394367e-05,-0.00179629794706226,3.81303109779907e-05,5.25413771184091e-05,-0.000210548769428165,-2.80378559454064e-05,-0.00192124434194607,0.000110398698859093,-0.00487108439888395,-0.00177449521328921,-3.57445835241776e-05,-0.000132875982120417,1.39398687055703e-05,5.25413771184091e-05,-0.0057163112505334,-0.00211073564465725,-3.14663334801679e-05,4.31423245510487e-05,0.000261263455378469,0.00155621803638262,-0.00243860635295956,4.92061869916682e-06,1.56942931415216e-05,-3.57445835241776e-05,-9.25658427366471e-05,-0.001473083172983,-0.00171558691171647,-0.00144641914479049,-0.00214924236916758,-9.42896301925344e-06,1.39398687055703e-05,1.74265591841305e-05,-0.00207305885736631,5.84429004977238e-05,-0.00241339192784107,8.79836692124769e-05,0.000118239330536341,-0.00600705014247982,0.077409534084115,-0.000215592602699211,-0.00123340767994051,-1.13886629824478e-05,-9.51183465893735e-05,0.0002555079406239,-2.72985728972941e-05,-0.000400373634922957,-1.13886629842241e-05,-0.000101541492063539,-0.00113643752476467,0.000266640840430377,-0.00153026290522007
"5:39234066:G:A",-0.00147400254619168,-0.00461113450510187,-0.000486605185709088,-0.00331426412664459,1.01807458152692e-05,-0.000322964736420683,-0.0012376508051517,-0.00469746884250632,-0.00160533285058673,-0.00239795723582459,-4.39612726088612e-05,-8.16285752121004e-05,0.000200530517625808,-0.00183640260074025,-0.00245459924408831,0.000120721455531658,-7.18356542712684e-05,-0.0053927362311823,-0.00216174505331512,0.000143635620635685,0.000112872977912737,-0.000319114337166582,-0.000346251519130369,-0.00195627740986914,-0.0011797571316956,-0.00222470147613674,7.20678725230073e-05,-0.00183744954894838,-0.000238526913827641,-0.0040092717544109,0.000143635620635685,-0.000100145249087191,-0.00371507843124341,-0.00215078416443903,-0.00313862052282854,-0.00140603846392029,8.86654712193291e-05,-8.55435270707972e-06,0.000143635620635685,-0.000346251519130369,0.000674186249463027,-0.00419533987799614,-0.0044789149750093,-0.0010662699695736,0.000207659033686802,-0.00182756404826279,-0.0012879102525245,-0.00116023048431213,-0.00195627740986914,-0.000346251519130369,-0.0027337499180442,-0.000322299081896738,-0.000128893356412085,-0.00217594341517913,-8.55435270707972e-06,-0.000260416506188577,-0.00227193977759965,-0.0013951966802539,-0.00245459924408831,-0.000148739402229481,-0.000359206783598687,0.000214692097880942,-0.00313790504861089,-0.00355217500709593,5.48965781401733e-05,-4.3961272607973e-05,-0.00195627740986914,6.40257578901071e-05,-0.0023549006750585,-0.00136118354395887,0.000171022298878221,-0.000169324202887289,-0.00156880468855203,-0.00161679256756608,-0.000215592602699211,0.116404920059501,-0.00151332515355751,-0.000954512476948999,-0.000704874264291888,-9.08237892964792e-05,-0.00114776060364541,-0.000514295143857701,-5.31227444868776e-05,-0.00523190170370835,-0.00736135045788266,-0.00179840378016216,0.000265348473741156
"5:39237490:A:G",-0.00262517310943178,-0.00395661877996112,-0.00338145973399051,-0.00621770355281459,-0.00259901065980284,-0.00457737170707162,-0.00559165306698439,-0.00466218365583737,-0.00112924070156328,-0.00131912723588723,-0.00393248534310509,-0.000835523120398918,-0.00241034410875507,-0.000249696093311158,-1.88805790717339e-05,-0.00106268938244991,-0.00202801920987294,-0.00418689330149125,-0.000753973316711232,-6.22058776293954e-05,0.00018447692521395,-6.60509292726985e-05,-0.00129229879126314,-0.00177516347968254,0.000113667303791587,-0.000291308029039428,-4.70162827008735e-05,-0.00124053178505168,-0.0046924475677117,-3.88665394432941e-05,-6.22058776293954e-05,-0.00570643110890856,-0.00309770924233899,-0.00115374320250927,-0.00344451875150753,-0.00941687267108104,-0.000658636611012398,-0.00475186436365949,-6.22058776293954e-05,-0.00129229879126314,0.000102099603414452,-0.000975578840146873,-0.00351564299869889,-0.00698203227901661,-0.00796767843088286,-0.00559899019695198,-0.0107447497417965,-0.00185256599543671,-0.00177516347968254,-0.00129229879126314,-0.00765028674468482,-0.00560054375296826,-0.00471653049259046,-0.00162516609494201,1.58348129097874e-06,-0.00279974773942548,-0.0038847848717225,-0.00638918857937343,-0.000211266972595325,4.1235022063546e-07,-0.00177361170841994,-0.000194670172636968,-0.0108496807454221,-0.00245453627487002,-0.00025671610283684,-0.0021179098792885,-1.71226106058242e-05,-2.06347495765868e-05,-0.00112299898307988,-0.000228410377872912,-0.00203517305038581,-0.00107513784647928,-0.000494771279577755,-0.00313436885396312,-0.00123340767994051,-0.00151332515355751,0.208772146984442,-0.000615739069256271,-0.00215113881831019,-0.00162664387175493,2.40052623743381e-05,-0.00220166026686197,-0.00391299148471003,-0.00450155992059287,-0.000540539838174148,-0.00061359511126069,-0.000239409621288544
"5:39249517:T:C",-0.00215214661863161,-2.17694778026356e-05,-2.8424428643703e-05,-3.62222350425156e-05,-0.000929819918978225,-0.00221236682500248,-1.90020991963635e-05,1.81598255082349e-05,-0.00290636673667777,-0.000439685242602295,-1.78969144482011e-06,-4.36298639083788e-06,1.00925400818852e-05,-0.0015504220051783,-0.00188948398182731,6.45951399569356e-06,-2.94094014119395e-06,5.14224641623429e-06,-0.000379873635021788,7.26548056384502e-06,6.18140114383436e-06,-0.00177749958102069,-0.00143276102756396,2.82050184186033e-06,-3.6407391016624e-05,-0.00173512412183108,3.7474149809924e-06,-0.00195506337497076,-4.63293025632083e-06,-0.00340721706294378,7.26548056384502e-06,-5.1635129310057e-06,2.58357378806195e-05,-0.000397771563815041,-0.001028738687471,-2.94094014119395e-06,5.31710545459418e-06,-3.4571705587183e-07,7.26548056384502e-06,-0.00143276102756396,-0.000261643433742798,-5.43801946140121e-06,1.69006432892971e-05,-0.000844654197413419,1.03233624999532e-05,-0.00286900290047676,-7.29088035011927e-06,-3.05676380190079e-05,2.82050184186033e-06,-0.00143276102756396,-0.00441227809357336,1.33037878766729e-05,-6.41747780782964e-06,-0.00169459327403487,-3.4571705587183e-07,-1.45732677303556e-05,-0.000517283130061941,-0.00467672946943054,-0.00188948398182731,-7.29088035011927e-06,-2.0568864807835e-05,1.0550234616602e-05,-0.000627288628422207,-1.23837077170563e-05,1.12844966615455e-05,-1.78969144393193e-06,2.82050184186033e-06,3.44374315197626e-06,-0.00183631774641135,1.10505875809963e-05,9.12786068951732e-06,1.55736681035634e-05,-0.00266491315492701,-0.0124234849563924,-1.13886629824478e-05,-0.000954512476948999,-0.000615739069256271,0.0686021350422914,-2.11639079354953e-05,-4.75981272707315e-06,-5.57424675395879e-06,-0.000687652137643546,-2.16668406238796e-06,-3.47955735975347e-05,-0.00177800806153972,-0.00266393336624571,1.3010740437025e-05
"5:39250293:T:C",-3.92230993462306e-07,-0.000170077245169153,-0.000215347203382343,-0.000409012245233598,-0.00237041756906109,-0.0090866479190268,-0.000152803049980221,-0.00281476557553972,-0.00158319101931959,-0.00407312832777063,-0.000764912395029071,-3.72767989436085e-05,9.5168476258678e-05,0.000173086502263331,2.71561104359108e-05,5.80849096598612e-05,-2.85724891133654e-05,-0.00254618961587827,-0.00178083777505655,6.72417956355531e-05,-0.00172369006884221,0.00039546722130801,9.22868755122153e-05,2.38591575163483e-05,-0.000267184046071733,7.10905655108007e-05,3.36318596998453e-05,-6.06402046017251e-05,-0.00108359549100445,0.000226123108840959,6.72417956355531e-05,-4.46578230306471e-05,-0.00160198140398649,-0.00323878269761035,0.000194734722806622,-2.85724891133654e-05,-0.000979093494881234,-3.42135302666691e-06,6.72417956355531e-05,9.22868755122153e-05,0.000509866587225183,-5.1956734601788e-05,-0.00142238875202061,0.00019699467331602,9.8015443436239e-05,0.000180575863031329,-6.3920377448845e-05,-0.000230602149095205,2.38591575163483e-05,9.22868755122153e-05,-4.13279423510104e-05,-0.00331094335933102,-5.60722090066079e-05,7.42332885428354e-05,-3.42135302666691e-06,-0.000117432162703324,-0.0044511469880355,-0.000986033002843278,2.71561104359108e-05,-0.00427215486818699,-0.000160909550374733,0.000100828396877972,-0.00219196468492644,-0.000103510503098647,0.000103839183054788,-1.75280207095341e-05,2.38591575163483e-05,3.04134415651802e-05,-0.00348940684182697,0.000100847381829361,8.34278436956382e-05,0.000155588314115107,0.000209158309724344,-0.00304106283405492,-9.51183465893735e-05,-0.000704874264291888,-0.00215113881831019,-2.11639079354953e-05,0.0657586866915372,-4.09450057379246e-05,-4.84160678535517e-05,-0.00239630350798592,-0.000795878290722918,-0.000264237324671512,-0.00117195863538821,-0.00281379499653855,0.000126463540170541
"5:39254498:T:C",8.37264395592285e-07,-4.20061229453594e-05,-5.32133543904578e-05,-0.00457966003512045,7.40048573337759e-05,-0.00539296360736152,-3.72380970485864e-05,-0.00176031583587655,-0.00466695811771523,-0.00151833723062378,-3.94228513211914e-06,-9.26729003491999e-06,2.40075632964576e-05,4.43658902229416e-05,6.98580913827129e-06,1.48205897207987e-05,-6.42538153794447e-06,-0.00158487715774491,-0.00157590348653969,1.68485690217324e-05,-0.00501331473726729,-2.14062142207538e-05,2.33753456129193e-05,6.24968793694336e-06,-6.59735287271701e-05,1.87271051395044e-05,8.43188385601934e-06,-0.00135526669127284,-0.00147149115651057,-5.941555970157e-05,1.68485690217324e-05,-0.00165476689172461,7.85468795765354e-05,0.000150823873110717,4.89372121492693e-05,-6.42538153794447e-06,1.1999686678088e-05,-7.69652941379206e-07,1.68485690217324e-05,2.33753456129193e-05,-8.8403166626172e-05,-1.16803532757004e-05,4.32780816916889e-05,4.94147717944315e-05,2.46322522814424e-05,4.59467055353713e-05,-1.52982814949354e-05,-5.67380935345696e-05,6.24968793694336e-06,2.33753456129193e-05,-0.00471896510295444,1.18295180167038e-05,-1.35221820904974e-05,1.94160442203994e-05,0.000597025316714905,-0.00104835818452287,-0.00551542575336939,4.11385407961262e-06,6.98580913827129e-06,-1.52982814949354e-05,-3.98969417823025e-05,2.5249546020234e-05,-0.00161509699896722,-2.51475689490022e-05,2.70050066131233e-05,-3.94228513034278e-06,6.24968793694336e-06,7.71315590775146e-06,1.93841782802906e-05,2.63563013964685e-05,2.14321368208203e-05,3.93570070569282e-05,5.3340729565754e-05,-0.00139874600325918,0.0002555079406239,-9.08237892964792e-05,-0.00162664387175493,-4.75981272707315e-06,-4.09450057379246e-05,0.0481468102963385,-1.17892195010683e-05,-0.00146607201850557,-4.75981272796133e-06,-0.00114136899205164,-0.000368728603191926,0.000123726655251843,3.19134092405804e-05
"5:39263311:C:G",9.14143099883802e-07,-0.000877614486889833,-6.32408997072176e-05,-0.00210684096500025,8.29933057930887e-05,-0.00198267246273343,-4.40121692228956e-05,-0.00202649498922991,8.88970026444724e-05,-0.000336787471995059,-0.00336205965264913,-1.08106461826907e-05,2.75752979668198e-05,5.04489070491942e-05,8.07742992314786e-06,1.70845784310814e-05,-7.53078802873119e-06,-0.00185534071441218,-0.000403207117911641,1.94213660176246e-05,1.62856359535724e-05,-0.00307829078488808,-0.00204221167248253,-0.00360701134780861,-7.88049126851931e-05,2.1519436685935e-05,9.75585167406479e-06,-0.00250925230015397,-2.1890556086035e-05,-0.000145695578670946,1.94213660176246e-05,-1.27803761511558e-05,-0.00252402034037846,-0.00213374513361408,5.55646867175241e-05,-7.53078802873119e-06,-0.00288856496569778,-8.99621857897159e-07,1.94213660176246e-05,-0.00204221167248253,-0.00134844341676299,-1.37239669051326e-05,4.92274561674222e-05,5.60975201766567e-05,2.82894795091693e-05,5.22211416242868e-05,-1.79335778138778e-05,-6.7546076037317e-05,-0.00360701134780861,-0.00204221167248253,-0.00266265168630309,-0.000195263045454475,-1.58317910168293e-05,2.23114556403559e-05,-8.99621857897159e-07,-3.428595459809e-05,-0.00213894206645904,-0.00631192919241119,8.07742992314786e-06,-1.79335778138778e-05,-4.71501843319899e-05,2.89947389147116e-05,1.87011341443721e-05,-2.95775049687919e-05,3.0935675845889e-05,-4.61503013227116e-06,-0.00343948535199168,8.92194438861793e-06,2.22024006966137e-05,3.01950652925598e-05,-0.00232023706963158,4.4880694913374e-05,6.04062958586837e-05,0.000336066698823245,-2.72985728972941e-05,-0.00114776060364541,2.40052623743381e-05,-5.57424675395879e-06,-4.84160678535517e-05,-1.17892195010683e-05,0.0638665715665878,-8.80151998838841e-06,-0.00324910963277425,-0.000165154112537813,6.30766016893602e-05,-0.00207598692530553,3.65225144252079e-05
"5:39263661:C:T",-0.00219648105729053,-4.3856555126176e-05,-0.00413702118509285,-0.0060681159876248,-0.00354503557477237,-0.00264094746726595,-0.00371447739977171,-0.00389784022357542,5.27935721672534e-05,-0.00684790797226942,-2.60717526856524e-06,-6.69254189578083e-06,-0.00100059849673428,-0.00601016038601632,3.91241970731926e-06,-0.00313890379394177,-0.00181037647855486,-0.00404411644996205,-0.0061308812574854,1.78066194367332e-05,-1.44458366060363e-05,-0.000150137315320542,-0.00118887092238662,-0.00172844095690472,-0.00138856607052418,-0.00559443066346788,4.57911140117062e-06,-0.00432168663759835,-7.53580540351351e-05,-0.00177684220395857,1.78066194367332e-05,-0.00313421751487741,-0.00193852796844318,-0.00473137440384575,-0.00780053348284149,-0.0133714785336307,6.12304422809018e-06,-4.83667027317836e-07,1.78066194367332e-05,-0.00118887092238662,-9.54192466213755e-05,-0.000678386996685099,-0.000758682558706703,-0.00490014601948729,-0.000676380042147429,-0.00129781039850929,-0.0147128186573182,-0.00107102684632832,-0.00172844095690472,-0.00118887092238662,-0.0018782460384994,-0.0017352598509448,-0.00183460662164503,-0.00922294562714665,-4.83667028206014e-07,-0.00313376416845301,-0.00802858825836195,-0.00169715697954143,3.91241970731926e-06,-0.000435770454798146,-0.000915032336397559,9.26367474818335e-06,-0.00373742313737502,-0.0017213881999476,-0.00110981663809451,-2.60717526856524e-06,3.55644181482262e-06,4.25314863861104e-06,-0.00481914494536539,-0.000289622730059058,-7.40355449080354e-05,-0.00244608217510933,-0.00012518701558939,-0.0041546355541815,-0.000400373634922957,-0.000514295143857701,-0.00220166026686197,-0.000687652137643546,-0.00239630350798592,-0.00146607201850557,-8.80151998838841e-06,0.193109982715139,-3.18831097345651e-06,-0.00240046264326033,-0.00228347856678646,-0.000513492731387899,-0.00226595100337512
"5:39263828:T:C",4.58622523069607e-07,-2.1769477804412e-05,-2.84244286463675e-05,-0.00309612338591947,-0.00123711911027335,-0.00139741837843754,-1.90020991981399e-05,-0.00214303974360153,2.60010206787342e-05,-0.00198922880387808,0.00208259530466481,-4.36298639261423e-06,1.0092540080997e-05,1.72285844319831e-05,3.13481282443462e-06,6.4595139939172e-06,-2.94094014208213e-06,-0.00194363289347255,-1.88989129421557e-05,7.26548056206866e-06,6.18140114383436e-06,-4.45698087787605e-05,9.85767508954183e-06,-0.00547229648544079,-0.00356358119005229,8.09208269547668e-06,3.74741497921605e-06,-0.00551774098777624,-0.00243785621113979,-0.00342562950443881,7.26548056206866e-06,-5.16351293189388e-06,-0.00266739366729141,-0.00204316224197498,1.85641747147969e-05,-2.94094014208213e-06,0.000433414501375573,-3.45717057648187e-07,7.26548056206866e-06,9.85767508954183e-06,-0.00137252827546419,-3.17220032792775e-05,-0.00235490266294214,1.86997246940379e-05,1.03233624981769e-05,1.7698229462404e-05,-7.29088035189562e-06,-3.0567638019896e-05,-0.00547229648544079,9.85767508954183e-06,-0.00535027379812014,-0.00174766593250109,-6.41747780871782e-06,8.35806972343534e-06,-3.45717058536366e-07,-1.4573267732132e-05,-7.7303520557237e-05,-0.000497193210861724,3.13481282443462e-06,-7.29088035189562e-06,-2.05688648096114e-05,1.05502346157138e-05,-0.00180085695292842,-0.00141796544161821,1.12844966606573e-05,-1.78969144482011e-06,-0.00547229648544079,3.44374315019991e-06,8.45225597334576e-06,-0.00198796855717287,9.12786068774096e-06,-0.00304134043720872,1.98908902246941e-05,-0.00157829535849086,-1.13886629842241e-05,-5.31227444868776e-05,-0.00391299148471003,-2.16668406238796e-06,-0.000795878290722918,-4.75981272796133e-06,-0.00324910963277425,-3.18831097345651e-06,0.0774305675681433,-3.47955735984229e-05,-0.00214914548013212,-0.000641239785646341,1.30107404361368e-05
"5:39263944:C:T",-0.00763972511073963,-0.000675156622214956,-0.00034828083447902,-0.00715949828650242,0.000417323554500193,-0.00356881542164178,-0.0014452149833355,-0.00715146812127276,-0.000946088875947382,-0.00915828038227451,-2.87800544658268e-05,-5.75567266736243e-05,-0.00131072059385051,-0.00113074643381772,-0.00270584471921964,-0.000692560751459403,-0.00169278936196182,-0.00214833518926838,-0.0089348507227851,0.00010072143565143,8.11701561902467e-05,-8.63559111268231e-05,-0.00030619979970048,-0.00487229103366005,-0.000437502046588989,-1.19852675597443e-05,5.07628298720419e-05,-0.00368016613351418,-5.95979644373301e-05,-0.00315733853550793,-0.000329925461382885,-0.0013391427837357,-0.00353428158048796,-0.00896483672450543,-0.000960768953537361,-0.00474148391874873,6.57337901506239e-05,-5.58912709447412e-06,-0.000329925461382885,-0.00030619979970048,-0.0076502282543025,-0.00122253171575437,-0.00588948546912427,-0.000773105685619946,-0.000981847322200302,-0.00109900489621229,-0.00359931889822995,-0.0013213078830896,-0.00487229103366005,-0.00030619979970048,-0.00934100864938614,-0.00908032665750591,-8.89411514402028e-05,-3.05479247790785e-05,0.000364011603712022,-0.000488337651102455,-0.00105027084861309,-0.00608324967828189,-0.00270584471921964,-0.00155260479511465,-0.000709500032143318,0.000149859850372636,-0.00158385821541973,-0.000165317670759002,-0.000522741584997988,-2.87800544649386e-05,-0.00213786440200536,4.55815329774012e-05,-0.000556990106026944,-0.00443475340622967,-0.00190905672569475,-0.00136216155378577,-0.000740619559127076,-0.000695003696165486,-0.000101541492063539,-0.00523190170370835,-0.00450155992059287,-3.47955735975347e-05,-0.000264237324671512,-0.00114136899205164,-0.000165154112537813,-0.00240046264326033,-3.47955735984229e-05,0.17531344216852,-0.000249146419940338,0.000251805537014427,0.000185955031799523
"5:39264152:T:C",-0.00158375050520299,-0.00130028078200883,-0.000384278770317437,-0.00441991015112642,-0.00319124314400199,-0.000198470553399499,-0.00203633897143352,-0.00340016679894539,-2.05367590240257e-05,-0.00242414141194658,-0.00212484311394689,-0.000306416964214407,-0.000890542309950781,-0.00157580112839018,-4.41080901207869e-05,-0.00124185242819763,-0.00173795747619021,-0.003545828385497,-0.0032291953794048,-0.000102665587134787,-0.000581917863685,-0.000594489376075202,-0.00226087630253424,-4.08915516372232e-05,0.000324143784812492,-0.00118253023492976,0.0002201728700717,-0.00256529427363894,-0.000176492647158355,-0.003035939542678,-0.000102665587134787,-0.000557419353490296,-0.00493038341558094,-0.00492341234229343,-0.00152009021336497,2.78475301396242e-05,-0.00250451089751902,-4.68104885094078e-05,-0.000102665587134787,-0.00226087630253424,-0.00529783229819003,-0.00038751174177154,-0.00363215999899147,-0.00114829750310275,-0.00331307332015562,-0.000227852276175611,7.80554480330764e-05,5.58510264010437e-05,-4.08915516372232e-05,-0.00226087630253424,-0.00749173218280053,-0.000689684850418981,-0.00208965134745487,-0.000321095882171996,-0.000364638874599699,-0.00138299694368715,-0.00174007100396079,-0.000901827889185469,-0.00142463335218324,-0.00191047702134917,0.000208993579165373,0.000568714104089096,-0.000641492637987184,-0.000928616856341158,-0.00294960625870377,1.71339254171343e-05,-4.08915516372232e-05,-4.72911135886989e-05,-0.00511276589848553,-0.000246607098233653,-0.0027405246419745,-0.000259575007727442,-0.000743534507431143,-0.00258372066078438,-0.00113643752476467,-0.00736135045788266,-0.000540539838174148,-0.00177800806153972,-0.00117195863538821,-0.000368728603191926,6.30766016893602e-05,-0.00228347856678646,-0.00214914548013212,-0.000249146419940338,0.133713465057867,-0.00520643612441773,-0.000966698951850198
"5:39265511:G:A",-0.00589380538422812,-0.0023925041226569,-0.00114596167765946,-0.0026301250654055,-0.000929980091200378,-0.00342232426511613,-0.00639746860860768,-0.00502709088807318,-0.00284040926720763,-0.00194099599098907,-0.000860793524418035,0.000118161398708239,-0.00515061935162997,-0.000935454013103687,-0.000106847933313503,-0.00242378204454141,-0.00540829042767843,-0.00184759141554558,-0.00112055443370451,0.000263077503053211,-0.0002190483544533,-0.00379572337152201,-0.000345935815651899,-0.00010249962318909,-0.00175394244432336,-0.00140297523439159,-0.000115399022443619,-0.000320469313927596,-0.00111599723241707,-0.000469109201302942,0.000263077503053211,0.00012935474883502,-0.000986215030298609,-0.0018434807202925,0.000221447498219618,4.07555581007912e-05,0.000191997371375763,4.89448392837488e-06,0.000263077503053211,-0.000345935815651899,-0.0010903416594612,-0.00112863545763542,-0.000443579927716264,-0.00150598184642892,-0.000548634747275401,-0.00245436685815914,0.000158476096308924,-0.00744654824718971,-0.00010249962318909,-0.000345935815651899,-0.00135972314532218,-0.00184555012938104,-0.000534918280071572,-0.000181355738895661,4.89448392837488e-06,0.000356871857520424,-0.00791837482854563,-0.000403481616680246,-0.000106847933313503,0.000158476096308924,-0.000982764909506884,-0.000354611566977248,-0.00133713285280557,-0.00453478729036139,-0.000255677789764874,2.50339022258572e-05,-0.00134683548797909,-0.000111147461058003,-0.000205085047911169,-0.00464491905600539,-0.00265993212323146,0.00135994315149635,-0.00390116789341999,-0.00329476331172662,0.000266640840430377,-0.00179840378016216,-0.00061359511126069,-0.00266393336624571,-0.00281379499653855,0.000123726655251843,-0.00207598692530553,-0.000513492731387899,-0.000641239785646341,0.000251805537014427,-0.00520643612441773,0.126934227406629,-0.000472126443868071
"5:39270795:C:T",-7.01790182677797e-06,0.000129287933932076,-0.00236404582764393,-0.00369282333812304,-0.000260363292742483,-0.00229369006583635,0.000112994155052171,-0.000172749252364213,-0.000729256682736157,-0.00242956901883584,1.07824854511662e-05,2.9645908089293e-05,-8.09784447097783e-05,-0.000156410763789694,-2.3792524552313e-05,-5.03255696484572e-05,1.75422200081599e-05,-4.66984752929278e-05,-0.00355795161548045,-5.58811676780735e-05,-0.000778036328626719,0.000825778408517053,-0.000490523722404212,-2.17763227858825e-05,-0.0027883274701157,-6.66257397492487e-05,-2.77595479065695e-05,-0.00115231816012962,-0.00763921814649837,-0.00117125173163846,-5.58811676780735e-05,3.42054778990075e-05,-0.000284222031850412,-0.0036106460582026,-0.000168373623409934,-0.0012283466396541,-0.00128664040669069,2.10994640070794e-06,-5.58811676780735e-05,-0.000490523722404212,-0.00133770194269545,3.17676568100111e-05,-0.000153575091827562,-0.000169627718624277,-8.26835940772597e-05,-0.000160539149482553,4.60486566069562e-05,0.000171538633899182,-2.17763227858825e-05,-0.000490523722404212,-0.0010931987612981,-0.00397437384129784,-0.00155240034675241,-6.84921870277577e-05,2.10994640070794e-06,9.13134695412765e-05,0.000221200999733995,-0.00100759536564077,-2.3792524552313e-05,4.60486566069562e-05,0.000123669575220475,0.000720358850917258,-0.00476427484417741,7.67594120985038e-05,-9.53291444369953e-05,-0.00129561647477328,-2.17763227858825e-05,-2.57868147164331e-05,-0.00418005620102502,-0.0040609858735916,-7.3964677856253e-05,-0.000135393781664384,-0.000188489731936414,0.000429876510112948,-0.00153026290522007,0.000265348473741156,-0.000239409621288544,1.3010740437025e-05,0.000126463540170541,3.19134092405804e-05,3.65225144252079e-05,-0.00226595100337512,1.30107404361368e-05,0.000185955031799523,-0.000966698951850198,-0.000472126443868071,0.0638950459361673
