"","8:76319166:C:T","8:76322338:C:T","8:76325358:C:A","8:76328743:C:T","8:76330151:C:T","8:76332145:C:A","8:76332258:C:T","8:76333914:G:T","8:76335069:C:A","8:76335914:C:T","8:76337874:A:G","8:76345843:G:A","8:76345925:C:T","8:76351255:G:T","8:76351580:C:T","8:76356389:C:T","8:76356515:G:A","8:76356580:T:A","8:76358235:T:A","8:76358313:C:T","8:76361953:C:A","8:76361964:G:C","8:76362022:A:G","8:76362622:A:T","8:76365188:G:A","8:76367987:G:T","8:76370264:C:G","8:76371416:C:G","8:76372423:C:T","8:76372637:C:G","8:76373646:C:A","8:76373807:G:A","8:76379120:C:T","8:76380094:C:T","8:76382578:G:T","8:76382673:A:G","8:76384087:A:T","8:76384814:G:C","8:76391314:G:C","8:76391549:T:C","8:76392425:T:C","8:76396947:G:A","8:76400359:A:G","8:76403010:T:G","8:76404158:C:A","8:76409791:C:T","8:76411016:A:G","8:76412137:T:C","8:76412513:C:T","8:76414010:T:A","8:76415603:A:G","8:76416789:G:A","8:76419046:C:A","8:76421624:A:G","8:76422633:A:G","8:76422757:A:G","8:76428239:T:A","8:76429187:T:C","8:76431772:G:A","8:76433859:C:T","8:76438290:C:A","8:76439353:C:A","8:76440857:T:C","8:76440960:G:A","8:76441120:C:T","8:76441243:C:T","8:76441317:C:G","8:76441911:G:A","8:76442222:G:A","8:76443031:T:G","8:76444423:A:G","8:76444755:C:T","8:76447184:T:G","8:76447388:A:G","8:76451098:A:G","8:76452002:C:T","8:76455338:A:C","8:76455431:A:T","8:76459249:A:G","8:76463755:C:A","8:76463916:A:G","8:76464063:A:G","8:76466095:C:T","8:76466767:G:A","8:76466932:C:T","8:76468869:G:T","8:76471779:A:G","8:76472201:A:G","8:76473181:T:A","8:76476905:A:G","8:76478991:G:A","8:76479868:G:A","8:76480054:C:A"
"8:76319166:C:T",0.148525473935498,-0.00265054690143707,0.000145651908629141,7.09224924033691e-06,-0.00281673534864435,-5.05426217136673e-05,-0.00152938517078471,-0.00488704565547415,0.00404565175883054,-0.00687551212893212,0.000132642682734385,-0.000162239878437553,-0.00115241669849997,6.39593795197513e-05,-0.00254230046084736,0.00021199034849495,-0.00418020088618132,-0.00245483212442643,-0.0003554995402828,-0.00391520834349457,0.000142032943776016,0.00111842281344199,-0.00569162264390854,-0.00709284583003988,-0.00522162371140089,-0.00223928118492367,-5.05426217136673e-05,-0.00162861076275878,-0.00121463915916209,-0.00280943776542486,-0.00144344510748073,-0.000216157693404995,-0.00522162371140089,-0.00169297474603169,-0.00121463915916209,-0.0063599225811668,-0.000146724915489393,0.00021199034849495,-0.000283481777166195,-0.00523933783836794,-0.00218534119168545,9.62399491690746e-05,3.52726395203007e-06,-0.00218534119168545,-0.00608748753650667,0.000115929781113522,-0.00268732415820772,-0.00301781873807538,9.62399491690746e-05,-0.00196984859376581,-0.00266348927533144,-0.00216848533163105,-0.000329214917320186,-0.00234619098409539,-0.00280943776542486,-0.00607609822241661,-2.30037193267307e-05,7.09224924033691e-06,-0.0018822068928932,1.80196174843772e-05,0.000115929781113522,3.70450992424054e-05,-0.00304776895541048,-0.00250537826475306,-0.00139011661374244,-0.000696673371201051,-0.000566397121995799,-0.00431473409154659,-0.00153402167340033,-0.000202848841495573,6.01155435377976e-05,7.09224924033691e-06,-0.000840926443022916,-3.3616737636244e-05,-0.00537443731099518,-0.00761624513720349,-0.000114530637547183,7.17705073300934e-05,-0.000743217198314383,6.03699667669488e-05,6.01155435377976e-05,-0.000299454699298707,-0.00250637644484009,-0.000188050800508321,-0.000486572961113652,2.55045191721592e-05,7.17705073300934e-05,-0.00117235338840871,-0.00033910397068837,-5.05426217136673e-05,-0.000299454699298707,7.17705073300934e-05,-0.00342995393272982
"8:76322338:C:T",-0.00265054690143707,0.0610237940947314,-2.20946841915648e-05,-1.20435531059115e-06,-5.02557599979525e-07,5.86585363926417e-06,-1.90366893475513e-05,-2.29947718866086e-05,-0.00269553744935092,-0.000509371581213891,-1.94901843215689e-05,-0.00236514935506182,-0.000466581966399815,-8.83021857678301e-06,-0.0019107256812223,-3.35850146173655e-05,-0.000697422413982629,-6.33931367399754e-05,-0.00170750401240571,1.14699828479559e-05,-3.38366197381035e-05,-0.00219541257122735,-0.00181366687332218,-0.000768101962075995,-0.000145558183395789,-2.29947718866086e-05,5.86585363926417e-06,-3.61692595838292e-05,-0.00190001797471862,-0.00223850203285636,-1.25664485528532e-05,-9.01208587578139e-06,-0.000145558183395789,-2.67029232361438e-05,-0.00190001797471862,-0.000652363550681656,-0.00187854720234615,-3.35850146173655e-05,-6.8842670941649e-06,-0.000122002496476536,-0.00164537742557336,-1.48771001047265e-05,-5.96959264242969e-07,-0.00164537742557336,-0.00182315855378201,-1.6227227409793e-05,-0.00232640544763907,3.10147169280128e-06,-1.48771001047265e-05,-1.7829919945811e-05,4.61191735521282e-05,-2.77528898839918e-05,-2.73419315064416e-05,-0.00174184041509573,-0.00223850203285636,-0.0018297324544041,-0.00211971606851691,-1.20435531059115e-06,-1.32828783945271e-05,-3.09164916867388e-06,-1.6227227409793e-05,-6.47021675259651e-06,-1.66382836486179e-06,-0.00183557733062489,-6.47021675259651e-06,1.72017876058916e-05,-2.45047800975229e-05,-0.00122292677575242,-0.00194302804769819,2.03612693416844e-05,-8.13291309587072e-06,-1.20435531059115e-06,2.68400114658007e-05,-0.00224256560421399,-0.0043453108022975,-0.0042490880195114,-4.00288333350929e-05,-1.026202408827e-05,4.73993287393171e-05,-4.50986263782482e-05,-8.13291309498254e-06,-6.81370316604202e-05,-1.7829919945811e-05,-3.35850146173655e-05,1.09977524953564e-05,-0.00198881845041132,-1.026202408827e-05,-1.48771001047265e-05,3.18888930355143e-05,5.86585363926417e-06,-6.81370316604202e-05,-1.026202408827e-05,-0.000395507011069718
"8:76325358:C:A",0.000145651908629141,-2.20946841915648e-05,0.115580693694317,-4.18383548694834e-06,-0.0036707894680994,1.94422460966237e-05,-0.0014069565547179,-0.00140351933611793,0.000146809957126237,-0.000101934374501234,-0.00100936663320805,-0.000144094966702646,-0.000133920906301377,-2.84149186136062e-05,-0.00342506898430628,0.000573818519913338,-0.000131594542812863,-0.00119723181983877,-0.0014408386641227,3.89007283381204e-05,-0.00654327156175505,3.9959561634717e-05,-0.00152778695707845,-0.000264391739590586,-0.00239236616448446,-0.000132051005152789,1.94422460966237e-05,-0.000107786494027096,-0.00128600228721076,4.61041668060602e-05,-0.00345826261226279,-0.00313408846753926,-0.00239236616448446,-0.000540569486734199,-0.00128600228721076,-7.60387702953835e-05,-0.00607971003394514,-0.00283074420840901,-0.00113654807749963,-0.002496282101764,-8.60011002847827e-05,-0.00330316084949889,-2.0780841358814e-06,-8.60011002847827e-05,-0.00259555729335359,-5.07710427504193e-05,-0.00193072248227111,9.42386529700912e-06,-0.00330316084949889,-5.57851329974213e-05,-1.97466234617139e-05,-0.00136732318702748,-0.00342302899569535,-6.13042288621912e-05,4.61041668060602e-05,-0.00251390268109164,-0.00179912545641514,-4.18383548694834e-06,-0.00305135581498828,-1.06726385640243e-05,-5.07710427504193e-05,-0.00359967253689764,-0.00245089231600559,-3.69042534895669e-05,-0.00165127534187359,6.0037862120943e-05,-0.00277145852023075,-0.00221793192662112,-3.53687633847244e-06,-0.00345145250785173,-2.61208558018922e-05,-4.18383548694834e-06,9.8705454017356e-05,-0.00191772798026069,-0.00245483169670679,-4.13261120417729e-05,-0.00287947979012948,-3.30967092638801e-05,0.000493333094808257,-0.000231899728974305,-2.61208558018922e-05,-0.00731344517106436,-5.57851329974213e-05,-0.000101684428400972,3.7078784491662e-05,-0.00168099167312352,-3.30967092638801e-05,-0.00152778695707845,0.000439591350932744,1.94422460966237e-05,-0.00731344517106436,-3.30967092638801e-05,-0.00243836550961163
"8:76328743:C:T",7.09224924033691e-06,-1.20435531059115e-06,-4.18383548694834e-06,0.0905107444072408,-2.56295447087496e-08,1.12371728366867e-06,-0.00252069603951011,-0.00206221933028417,7.12687402248946e-06,-6.50440214489123e-06,-3.69954311629783e-06,-4.04069588721967e-06,-8.11967462421848e-06,-0.00610844190590498,-3.29995533299154e-06,-6.36029873213317e-06,-0.00106889359834206,-3.83402891124263e-06,-4.69458785001819e-06,2.19665372824807e-06,-0.00768090878105809,2.49664291729346e-06,-2.80335034918977e-06,-1.14873748211508e-05,8.95575455395203e-06,-0.00206221933028417,-0.00203692757812579,-6.88406915205775e-06,-0.00257870016066875,2.77940443282887e-06,-0.00257360098340165,-0.00766273826320774,8.95575455395203e-06,-5.0809618699077e-06,-0.00257870016066875,-0.00103914767360713,4.99095998307553e-06,-0.00312739036281595,-0.00249763325771291,9.45401047669492e-06,-5.23376440408896e-06,-0.00277760485144452,4.8944839274867e-06,-5.23376440408896e-06,5.47382001592212e-06,-3.0918953148884e-06,-0.0021869580864049,6.08901212117985e-07,-0.00277760485144452,-3.39048759556704e-06,-1.07424184125904e-06,-5.23376440320078e-06,-0.00743774017334431,-3.59215279743808e-06,2.77940443282887e-06,4.62402845169407e-06,2.77816030624933e-07,-2.24571349072278e-07,-0.00303132078478541,-5.76120484652165e-07,-3.0918953148884e-06,-0.00260672399664497,-0.00782358564112684,-2.03622692840355e-06,-1.20435531059115e-06,3.29129625331603e-06,-0.00217822073145957,-0.00265306827248057,-7.14034715798562e-08,3.90524033111461e-06,-0.00180705928136327,-2.24571349072278e-07,5.13420921599561e-06,6.08901212117985e-07,5.23822413445174e-06,-2.14154777200548e-06,-0.00210614574544188,-1.94521041141371e-06,-0.00114108338603724,-0.00189371928642945,-1.54853916711772e-06,-1.10198567959685e-06,-3.39048759556704e-06,-6.36029873213317e-06,2.10868806149733e-06,-8.20818850222338e-07,-1.94521041141371e-06,-2.80335034918977e-06,6.09510787974443e-06,-0.00203692757812579,-1.10198567959685e-06,-1.94521041141371e-06,-0.0024233698343048
"8:76330151:C:T",-0.00281673534864435,-5.02557599979525e-07,-0.0036707894680994,-2.56295447087496e-08,0.206735631954434,-4.2303947100919e-07,-0.00258455808043534,-0.00237397682555152,-0.0028622408742871,-0.00057528850293842,-4.17065706859177e-06,-2.51110044784397e-05,-0.000369293458142295,-9.65147407328004e-07,-0.00376031375966246,-0.00551775604118365,-0.00143557212744838,-0.00211373303953488,-0.0013585396351079,-1.81372995733398e-06,-0.00438040245619575,-0.000271968771955677,-0.00732096478842958,-0.00776299187014029,-0.00794156918827538,-0.00237397682555152,-4.2303947100919e-07,-1.2681305388007e-05,-0.00596090083164569,-3.85310008859108e-05,-0.00381828490772218,-4.08646898453213e-06,-0.00794156918827538,-7.39979274566593e-06,-0.00596090083164569,-0.000723406876351085,-0.000680229589913317,-0.0038789623173674,-4.75202982830325e-06,-0.00798803800429004,-0.00379448605379373,-0.0036810482355758,-8.44444514314091e-09,-0.00379448605379373,-0.00955910363204948,-2.99678110238233e-06,-0.00100850158890342,-2.06799791548917e-05,-0.0036810482355758,-0.00312903182285496,-4.77877534876825e-07,-0.00100037490377858,-0.000284170117875959,-0.00212847086692936,-3.85310008859108e-05,-0.00949362950784938,-0.0018838201737239,-2.56295447087496e-08,-5.14625818057723e-05,-0.00212563424665024,-2.99678110238233e-06,-0.00385320470741313,-0.00685475771360355,-0.001968073088503,-5.02557599979525e-07,-4.44741873995014e-06,-1.04997189227518e-05,-0.00255512108413214,-3.82723719383193e-09,-0.00484932283399253,-0.00535763233768538,-2.56295447087496e-08,-0.00809008804371025,-0.00184771450099763,-0.00537720403372255,-0.00389947313986472,-2.22848702744471e-05,-0.0018074069031444,-0.000109180417399379,-8.65611456859483e-05,-8.30439793375604e-07,-0.000141205521095422,-0.00312903182285496,-0.00187928643373514,-1.66127285972095e-06,-0.0020716866874162,-0.0018074069031444,-8.5553657189763e-06,-0.00137710752320785,-4.2303947100919e-07,-0.000141205521095422,-0.0018074069031444,-0.00545148702216736
"8:76332145:C:A",-5.05426217136673e-05,5.86585363926417e-06,1.94422460966237e-05,1.12371728366867e-06,-4.2303947100919e-07,0.0247972284579889,-0.00512363291969287,2.01287401644379e-05,-5.08818823412582e-05,2.89900012901967e-05,-0.00186709368878191,4.92664347628846e-05,3.42253592489072e-05,8.31437497694765e-06,1.52518647080768e-05,2.82487500067319e-05,3.67604289106538e-05,-0.00505035009159638,2.1524341816459e-05,-1.23496354866859e-05,-0.00155615746347948,-1.47613425278692e-05,1.3361459243022e-05,4.5848635632062e-05,0.000116039164431037,2.01287401644379e-05,-6.0970229984747e-06,3.04134415651802e-05,2.46367146496951e-05,-1.64391981662959e-05,1.10443505265678e-05,1.28251009225977e-05,0.000116039164431037,2.32822276018396e-05,2.46367146496951e-05,2.19294863681441e-05,-3.18785625852414e-05,2.82487500067319e-05,5.77318664252147e-06,0.000133690328023128,2.36761560925558e-05,1.3361459243022e-05,5.58912898185326e-07,2.36761560925558e-05,0.000133690328024016,1.48369395649439e-05,-0.0049961408453667,-3.37099867842028e-06,1.3361459243022e-05,1.61181202766869e-05,5.25039110321757e-06,-0.000573795160553559,2.89874739181073e-05,1.67469378036245e-05,-1.64391981662959e-05,0.000119092132277565,-1.66318725103309e-06,-0.00203692757812579,1.20586407756917e-05,2.85442108349798e-06,1.48369395649439e-05,5.86585363926417e-06,-1.75924776550929e-05,9.70558051527348e-06,5.86585363926417e-06,-1.92364231388353e-05,2.33467088390782e-05,-2.64927401332216e-05,1.02097748033714e-07,-2.35206475700522e-05,7.71315590775146e-06,-0.00203692757812579,-3.25080193235294e-05,-3.37099867842028e-06,0.000174108998320932,9.90086067886864e-06,2.97827963295916e-05,9.53596467745399e-06,-0.00291955155716028,3.64175552123314e-05,7.71315590775146e-06,5.11348542797663e-06,1.61181202766869e-05,2.82487500067319e-05,-1.1842850468291e-05,4.03944277937995e-06,9.53596467745399e-06,1.3361459243022e-05,-4.05150432012391e-05,-6.0970229984747e-06,5.11348542797663e-06,9.53596467745399e-06,2.10003779077539e-06
"8:76332258:C:T",-0.00152938517078471,-1.90366893475513e-05,-0.0014069565547179,-0.00252069603951011,-0.00258455808043534,-0.00512363291969287,0.340730513951709,-0.00569820913204655,-0.00068765665580095,-0.00398954959209075,-0.00551799118092777,-0.00388577192163586,-0.000251748387168238,-0.0033116502586088,-0.00102608208310206,-0.000381691202466339,-0.00264174250593907,-0.00258310212296031,-0.000956691787126651,-0.00920149736195786,-0.0107362956127477,-0.000921673380235077,-0.00188913022568915,-0.00047731397151507,-0.015653700508576,-0.00707063468636226,-0.00149584410784076,-0.00435718966431242,-0.00619209176462965,-0.00112507553307895,-0.00211565631924637,-0.00252903421525419,-0.015653700508576,-0.00403688667966939,-0.00619209176462965,-0.00333396076102765,-0.00353991221355976,-0.00734402368628473,-0.00882323882685077,-0.01560755628531,-0.000225451855435654,-0.00546941995746719,-6.60009444786169e-06,-0.000225451855435654,-0.013432710253074,-0.000156402037978509,-0.00468619238352375,-0.000228527249362287,-0.00546941995746719,-0.00057254016018593,-0.000443544230510629,9.97874421804212e-06,-0.00227061169844545,-0.000523290645520813,-0.00112507553307895,-0.0130133573910194,-0.0100773418579712,-0.0022549225474453,-0.00690638881818773,-0.000407405310728137,-0.000156402037978509,-0.00454105364239021,-0.000500382127134547,-0.00223995132392707,1.63028950010968e-05,-0.00713414247090682,-0.000468432566690602,-0.00679277991995608,-0.00020881391905192,-0.00653098467129176,-0.00560862925689953,-0.0022549225474453,-0.00255022921864256,-0.0117901667073372,-0.00438968846752052,-0.000712625809368372,-8.69985603921819e-05,-2.03324972414265e-05,-0.00110748571390351,-0.00471631768017522,0.000111523653052892,-0.00350936289450354,-0.00338195043007516,-0.00360537165045427,-0.00302085546812325,-0.0139743031661528,-2.03324972414265e-05,-0.00183266111287672,-0.000625081643344849,-0.00149584410784076,-0.00350936289450354,-2.03324972414265e-05,-0.0041552075443696
"8:76333914:G:T",-0.00488704565547415,-2.29947718866086e-05,-0.00140351933611793,-0.00206221933028417,-0.00237397682555152,2.01287401644379e-05,-0.00569820913204655,0.103488413686428,-0.00498603324370173,-0.000105995348524957,-6.33279117359109e-05,-0.00506981380190563,-0.00122916486934521,-2.94959959239449e-05,-0.00256887724885058,-0.00136080573400221,-0.000492298746718411,-0.00555829993217483,-0.000122620725859335,4.02493991682462e-05,-0.0026300641230339,-0.00045272205849578,-9.44227194743519e-05,-9.68099908353892e-05,-0.00276675081797384,-0.000688729111511854,2.01287401644379e-05,-0.000942328221452016,-0.00167000363906311,-0.00050275263646693,-0.00255408606337504,-0.00168972337038831,-0.00276675081797384,-0.003064160392106,-0.00167000363906311,-0.000409838553172115,4.91806675704254e-05,-0.000105821939657247,-0.00170719352103799,-0.00267186572665956,-8.95121432451518e-05,-4.98489114093559e-05,-2.16094949045953e-06,-8.95121432451518e-05,-0.00281441868030186,-5.27198815083452e-05,3.33969337811268e-05,-0.00233461449390404,-4.98489114093559e-05,-5.79505975357719e-05,-2.05490807712039e-05,-8.95121432451518e-05,-0.00163644918539863,-6.38000492898527e-05,-0.00050275263646693,-0.00290182919071302,-0.00237762360071869,-4.3510528824342e-06,-0.00135804185455957,-1.11021956019641e-05,-5.27198815083452e-05,-2.29947718866086e-05,-5.27538689829576e-05,-3.8430706941206e-05,-2.29947718866086e-05,6.20825382169343e-05,-9.17057992673165e-05,-0.00634046547263978,-0.00164864004660803,7.3828863608405e-05,-0.0011301717886063,-4.3510528824342e-06,0.000101924238764539,9.71953940887005e-06,-0.00212278948446043,-0.00365019721361914,-0.000115916545058603,-3.43739048123126e-05,-0.000856478628493029,0.00022722262141972,-2.71064874182159e-05,-2.36497954988479e-05,-0.00367757468982077,-0.00158742831708647,3.83594233319684e-05,-1.57598395205127e-05,-3.43739048123126e-05,-4.98489114093559e-05,0.000125639726255677,2.01287401644379e-05,-2.36497954988479e-05,-3.43739048123126e-05,-0.0036263306213753
"8:76335069:C:A",0.00404565175883054,-0.00269553744935092,0.000146809957126237,7.12687402248946e-06,-0.0028622408742871,-5.08818823412582e-05,-0.00068765665580095,-0.00498603324370173,0.151361629413794,-0.00684778515766205,0.000133703294658893,-0.000149800448005166,-0.00121815676443138,6.44296084075791e-05,-0.00258704713522029,0.000213842975754552,-0.00415166833762814,-0.00176719932963154,-0.000342348945087778,-0.00396086583762578,0.000139235031029195,-0.000192599621716916,-0.00561870334831038,-0.00696345562873191,-0.00505237414231852,-0.00228339882371387,-5.08818823412582e-05,-0.00167180431082858,-0.00130701210128059,-0.0028545384633194,-0.00141758863370978,-0.000190838327291054,-0.00505237414231852,-0.00173673835650057,-0.00130701210128059,-0.00633287235806268,-0.000152714060715375,0.000213842975754552,-0.000318658473976718,-0.00506509271737032,-0.00222931833678519,9.69116630251676e-05,3.5444119310668e-06,-0.00222931833678519,-0.00591324241550995,0.000116869069367809,-0.00263978844651103,-0.00306318738023847,9.69116630251676e-05,0.000125196952766693,-0.00270849468593415,-0.0022124624767299,-0.000302421690183685,-0.00239065736470234,-0.0028545384633194,-0.0059059989564556,-2.32318813973009e-05,7.12687402248946e-06,-0.0018561022774346,1.81087316200035e-05,0.000116869069367809,3.72324518993494e-05,-0.00370528640007262,-0.00255027301095634,-0.00145700602408727,-0.000672328272488976,-0.000540010216959708,-0.00467770994060324,-0.0015088124968603,-0.0002039165929828,6.05627232079797e-05,7.12687402248946e-06,-0.000817029072079478,-3.38886151842743e-05,-0.00756746982869094,-0.00770738390429671,-0.000148032368858964,7.2288185185343e-05,-0.000719305257623759,-0.00198499683109166,6.05627232079797e-05,-0.000334649677768084,-0.00247986535617351,-0.000174261852676771,-0.000503323889277318,2.56317663183125e-05,7.2288185185343e-05,-0.0012388328577968,-0.000340424678973328,-5.08818823412582e-05,-0.000334649677768084,7.2288185185343e-05,-0.00336081044655678
"8:76335914:C:T",-0.00687551212893212,-0.000509371581213891,-0.000101934374501234,-6.50440214489123e-06,-0.00057528850293842,2.89900012901967e-05,-0.00398954959209075,-0.000105995348524957,-0.00684778515766205,0.0790436191208741,-9.00466642477227e-05,-0.000292312881216894,-0.000618158909965416,-0.00118798746632276,-0.000507495932576596,-0.00014870993070204,0.00035434260785383,-0.00402128764264997,-0.000324394780957249,5.83692518913992e-05,-0.00209192356118226,-0.00738583265030357,-0.000398095942931498,-0.000823818399794618,-0.00094006168596561,-0.000105995348524957,2.89900012901967e-05,-0.00015641028997937,-0.000538705527875827,-0.00734495533344415,-0.00116862803115225,-0.00120078334157725,-0.00094006168596561,-0.000119193336018064,-0.000538705527875827,-0.000267399911722421,0.000137157091971929,-0.000568017600929061,-4.04726030112101e-05,-0.000905592888963191,-0.000271722777528183,-7.1915967109426e-05,-3.23315461692175e-06,-0.000271722777528183,-0.00187280292924896,-7.485263164142e-05,0.000158450844542024,1.31972905252908e-05,-7.1915967109426e-05,-8.23587027971584e-05,-0.000515382219661298,-0.000127080786749723,-0.000245743010861332,-0.000341265523450929,-0.00734495533344415,-0.00192225138958335,3.25545741830524e-06,-6.50440214489123e-06,-6.42549600513576e-05,-1.65535530509686e-05,-7.485263164142e-05,-3.41304771582784e-05,-0.00230863382456192,-0.000407567931494768,-3.41304771582784e-05,9.0885358283721e-05,-0.000912028223999606,-0.00167832498343046,-7.06012174767068e-06,0.000107693970262446,3.29695454555079e-05,-6.50440214489123e-06,0.000151333990353386,1.31972905252908e-05,-7.76919443055135e-05,-0.00372764207039467,-0.000799138539061772,-4.94837170927909e-05,0.000349279183136986,-0.000192432670099052,-3.88616925546259e-05,-0.00143830060349259,-8.23587027971584e-05,0.00140855689811037,5.54386556093078e-05,-2.34563023679968e-05,-4.94837170927909e-05,-7.1915967109426e-05,0.000188749075468841,2.89900012901967e-05,-0.00143830060349259,-4.94837170927909e-05,-0.00371017726542089
"8:76337874:A:G",0.000132642682734385,-1.94901843215689e-05,-0.00100936663320805,-3.69954311629783e-06,-4.17065706859177e-06,-0.00186709368878191,-0.00551799118092777,-6.33279117359109e-05,0.000133703294658893,-9.00466642477227e-05,0.0534380662582032,-0.000147269725995436,-0.000116850209061603,-2.52548099100025e-05,-5.16157474512724e-05,-0.00096156807528569,-0.000115908740335513,-0.00522099463551573,-6.82064282848671e-05,3.49413505285057e-05,-0.00335489466940508,3.63359797006524e-05,-4.23788291854521e-05,-0.00113879205010292,-0.000461117670369049,-6.33279117359109e-05,1.74265591841305e-05,-9.51183465893735e-05,5.19954158439973e-05,4.1805232586789e-05,-3.70691797728639e-05,-4.62584418157164e-05,-0.000461117670369049,-7.20580045685537e-05,5.19954158439973e-05,-6.73343776407265e-05,-0.00141904494752687,-8.96136192274355e-05,-5.42194389652195e-06,-0.000446782399271761,-7.57802944413299e-05,-4.23788291854521e-05,-1.83806574227674e-06,-7.57802944413299e-05,-0.0005163136865729,-4.50668979912194e-05,-0.00640812164949001,8.53934713163085e-06,-4.23788291854521e-05,-4.94538724780114e-05,-1.74243560993048e-05,-0.00212455958986624,-9.75773116236311e-05,-5.40542328204552e-05,4.1805232586789e-05,-0.000533027846143952,2.92345498564828e-06,-0.00429948533885316,-0.00375053347135523,-9.42896301836527e-06,-4.50668979912194e-05,-1.94901843215689e-05,-0.000296711690979556,-3.24905568858114e-05,-0.00291351457090094,5.40385236034169e-05,-7.72616488662337e-05,6.05664203430223e-05,-2.92083464525916e-06,6.44875948934143e-05,-2.32371161787981e-05,-0.00429948533885316,8.9262030508408e-05,8.53934713163085e-06,-0.000655882521027884,-3.6105239453299e-05,-9.76226075852793e-05,-2.93689086161564e-05,-0.00418037930475723,-0.00011682073861774,0.00250834330212957,-1.97331497124864e-05,-4.94538724780114e-05,-8.96136192274355e-05,3.33163392713942e-05,-1.33741219814354e-05,-2.93689086161564e-05,-0.00261443521244331,0.000110398698859981,1.74265591841305e-05,-1.97331497124864e-05,-2.93689086161564e-05,-2.0731511412464e-05
"8:76345843:G:A",-0.000162239878437553,-0.00236514935506182,-0.000144094966702646,-4.04069588721967e-06,-2.51110044784397e-05,4.92664347628846e-05,-0.00388577192163586,-0.00506981380190563,-0.000149800448005166,-0.000292312881216894,-0.000147269725995436,0.220794740661964,-0.00356130335157356,-0.000261344167643784,-0.000139765374539635,-0.00026989088827456,-0.000385950531722301,-0.0046302718475455,-0.00113195922954823,-0.00519752336703494,-0.0109692136553781,-0.00341114818709887,-0.000584415066025912,6.49167187072308e-05,-0.00721261147064078,-0.00844201982287629,-0.00140108414447759,-0.00122500110426671,-0.00752387009388222,-7.20587591951372e-05,-0.000603518379556078,-0.00689142160547362,-0.00721261147064078,-0.00574672561601464,-0.00752387009388222,-0.000214404134025514,-0.0089613089292282,-0.000451769491990106,-0.0036988933617863,-0.007354829332757,-0.000204101964633274,-0.000133884099761339,2.17262934398832e-06,-0.000204101964633274,-0.00808373806924267,-0.000140818877421012,0.000147285642537298,1.95447989304043e-05,-0.000133884099761339,-0.000157310227179686,-0.00236472203586047,-0.000350762562283613,-0.0077013730168094,-0.000229032174975607,-7.20587591951372e-05,-0.00793302252544281,-2.56649867935721e-06,-1.26608208494972e-05,-0.0014201606829074,-0.000442728682132021,-0.000140818877421012,-3.90350582479826e-05,-0.00479169590661543,-0.000261979783955368,-0.0051706043537072,-0.00107998164775402,-0.00299578357682417,-0.00285816822939955,6.1250082925568e-06,-0.00510932890325044,-0.00568084938265478,-1.26608208494972e-05,-1.26840229341951e-05,-0.000615531340936393,-0.00592117797311564,-0.000468206445486175,-0.00247748710888196,-0.000136335568274859,-0.000852236895042324,-0.00792811548457628,-7.14689874152796e-05,-0.00365734350845681,-0.00130756755125194,-0.000392113617215806,-0.00124327603402019,-0.000925589666002757,-0.000136335568274859,-0.0071045423656253,0.000465428390122646,-0.00140108414447759,-0.00365734350845681,-0.000136335568274859,-0.00805248316708829
"8:76345925:C:T",-0.00115241669849997,-0.000466581966399815,-0.000133920906301377,-8.11967462421848e-06,-0.000369293458142295,3.42253592489072e-05,-0.000251748387168238,-0.00122916486934521,-0.00121815676443138,-0.000618158909965416,-0.000116850209061603,-0.00356130335157356,0.120553822899908,-5.30800626679095e-05,-0.00151003126297589,-0.000201470826432626,-0.00260788596128592,-0.000990169164106991,-0.000257885124280044,6.75348186573999e-05,-0.000199267919413604,-0.000480203400288204,-8.93102506349663e-05,-0.00035756955627253,-0.0014309173374718,-0.000158674988822938,3.42253592489072e-05,-0.000761942363839196,-0.00150665160470176,-0.00170657082860881,-0.0015515827150292,-0.000416181471130095,-0.0014309173374718,-0.000156947655156614,-0.00150665160470176,-0.000720071752187579,-0.00785655301383681,-0.000253967604757932,-0.00197943341508111,-0.00138597360055215,-0.000279358689888376,-0.000374134064507814,-4.02363200890932e-06,-0.000279358689888376,-0.00454457244008788,-0.00248869682561814,7.78125181835065e-05,-0.00418490132418547,-0.000374134064507814,-0.000105989054083544,-0.000470978212965711,-0.00171449839111837,-0.000652972342483515,-0.000126786828198888,-0.00170657082860881,-0.00427394883228294,-0.00700681058518526,-8.11967462421848e-06,-0.00164166082595241,-0.00224911028821495,-0.00248869682561814,-0.000486103201127186,-0.000413385098410046,-5.99561305838492e-05,-4.37262529544569e-05,0.00010278576921241,-0.00242212956008725,-0.00475823994980162,-0.00160408794751099,-4.77280789192847e-05,-4.84570611876123e-05,-8.11967462421848e-06,-0.00234454232129355,-0.00785479888116836,-0.00387379502484952,-0.00239745670891356,-0.00266651261005268,-6.25814087769072e-05,-0.000360526359179936,-0.00158078108966198,-4.84570611876123e-05,-0.00168297146366836,-0.000105989054083544,-0.000287704691350754,6.42121300957754e-05,-0.00997174222485864,-6.25814087769072e-05,-9.32921585068414e-05,-0.000235653771062161,3.42253592489072e-05,-0.00168297146366836,-6.25814087769072e-05,-0.0020310237115102
"8:76351255:G:T",6.39593795197513e-05,-8.83021857678301e-06,-2.84149186136062e-05,-0.00610844190590498,-9.65147407328004e-07,8.31437497694765e-06,-0.0033116502586088,-2.94959959239449e-05,6.44296084075791e-05,-0.00118798746632276,-2.52548099100025e-05,-0.000261344167643784,-5.30800626679095e-05,0.0927081675254557,-2.33184944296028e-05,-4.17825378367098e-05,-5.44354379625744e-05,-0.00027318831914247,-3.17013600126259e-05,1.66827732019925e-05,-0.00131711191243777,1.83371926638642e-05,-0.0014622510528719,-0.00138206036929667,-8.21562237733886e-05,-2.94959959239449e-05,-0.00368726076143133,-4.46578230324235e-05,-0.00332501622240233,2.07891165358021e-05,8.9447304221224e-05,-0.0015986326687436,-8.21562237733886e-05,-3.38395262593494e-05,-0.00332501622240233,-3.16986859383306e-05,4.06433354696034e-05,0.000370789150489159,-0.00321862483172364,-8.16579678515339e-05,-3.51217976133356e-05,-0.00445216911787583,-0.000187922978584609,-3.51217976133356e-05,4.2327647431506e-06,-2.12256641871633e-05,-0.00285932442679826,4.2875859094238e-06,-0.00445216911787583,-2.32147307421826e-05,-7.89574087001199e-06,-3.51217976133356e-05,-0.00903599886130557,-2.48829028492992e-05,2.07891165358021e-05,3.38297317892255e-06,1.74655340856589e-06,-1.67850808363568e-06,-0.00375846954514714,-4.27576135386687e-06,-2.12256641871633e-05,-0.0042721443152054,-0.0095071849835664,-1.47030767640999e-05,-8.83021857678301e-06,2.57817811100125e-05,-0.00367437993711306,-0.0018602051666754,-8.94951434737834e-07,3.0990409801035e-05,-0.00105408675281549,-1.67850808363568e-06,4.26798630606129e-05,4.2875859094238e-06,-0.0028299058182677,-1.58392285118936e-05,-0.00353767499343061,-1.37188200355354e-05,-0.00176654989884195,-5.44695443247534e-05,-1.09384277209301e-05,-0.00170928604808918,-2.32147307421826e-05,-4.17825378367098e-05,1.59467735638685e-05,-6.06261406321806e-06,-1.37188200355354e-05,-1.96084147026099e-05,5.2737627797228e-05,-0.00368726076143133,-0.00170928604808918,-1.37188200355354e-05,-0.00166393335803949
"8:76351580:C:T",-0.00254230046084736,-0.0019107256812223,-0.00342506898430628,-3.29995533299154e-06,-0.00376031375966246,1.52518647080768e-05,-0.00102608208310206,-0.00256887724885058,-0.00258704713522029,-0.000507495932576596,-5.16157474512724e-05,-0.000139765374539635,-0.00151003126297589,-2.33184944296028e-05,0.194285323648157,-0.00513634425927467,-0.00152775040317188,-2.94842982162535e-05,-0.00109827540053331,2.9840608127607e-05,-0.00407036029096197,-0.000377999294443043,-0.00779318813383334,-0.007253851923954,-0.00564639660748822,-0.00256887724885058,1.52518647080768e-05,-9.52754370491249e-05,-0.00577005015957965,7.60739634042551e-06,-0.00398214138184283,-2.032607008573e-05,-0.00564639660748822,-7.03774571917393e-05,-0.00577005015957965,-0.000636403703218491,-0.000900083017175923,-0.00334736916580436,-8.71611077446488e-06,-0.00569572014089204,-0.00334529543933204,-0.00391577096684692,-1.63498890515257e-06,-0.00334529543933204,-0.00719933360083136,-4.26515767619762e-05,-0.00121115142531991,-5.77663821843544e-06,-0.00391577096684692,-0.00331108733185204,-0.00191842306999934,-0.00120444375923157,-0.000190928853259109,-0.00166208560425485,7.60739634042551e-06,-0.00713511486317175,-0.00202040778637347,-3.29995533299154e-06,-7.75545986586579e-05,-0.00198798160227387,-4.26515767619762e-05,-0.00397482844293151,-0.00599653901767683,-0.0018134773100158,-1.04322014573555e-05,4.48368808481092e-05,-7.09115183603615e-05,-0.00283763875554577,-2.45172457269405e-06,-0.00522536547029784,-0.00551655030765907,-3.29995533299154e-06,-0.00770979468758881,-0.00197894841573376,-0.00439553696634976,-0.00313132246110381,-0.000100064610061068,-0.00168738422027204,-0.000206820226663851,-0.000179957558686716,-2.14062142198657e-05,-0.00113145642759527,-0.00331108733185204,-0.00181041974902918,2.85440054943464e-05,-0.00222253706936648,-0.00168738422027204,-3.85248610097477e-05,-0.00170832250180464,1.52518647080768e-05,-0.00113145642759527,-0.00168738422027204,-0.00482017322061434
"8:76356389:C:T",0.00021199034849495,-3.35850146173655e-05,0.000573818519913338,-6.36029873213317e-06,-0.00551775604118365,2.82487500067319e-05,-0.000381691202466339,-0.00136080573400221,0.000213842975754552,-0.00014870993070204,-0.00096156807528569,-0.00026989088827456,-0.000201470826432626,-4.17825378367098e-05,-0.00513634425927467,0.110977766683415,-0.000191879619648283,-0.000170730428057375,-0.00468560369766813,-0.00262449685374211,-0.00396940345307684,-0.00175507805637753,-0.00147447529219136,7.72372663737642e-05,-0.00317522274248727,-0.000178230980114158,2.82487500067319e-05,-0.000157481857645969,-0.000238110200192487,6.42742210574809e-05,-0.00328541686576767,-0.00584457770985747,-0.00317522274248727,-0.000590392919542992,-0.000238110200192487,-0.000111070261350932,-0.0044519612971019,-0.00268408905589723,-0.00120528464042469,-0.0033134224862259,-0.00134823564837028,-0.00313290933383836,-3.1591614453319e-06,-0.00134823564837028,-0.00306635596648119,-7.42744678765561e-05,-0.00180789620587873,1.29558810613162e-05,-0.00313290933383836,-8.18397587085684e-05,-3.00162277353522e-05,-0.00133137978831499,-0.00614829555964924,-0.00141756675682014,6.42742210574809e-05,-0.00295205254970954,-0.00172267678781335,-6.36029873213317e-06,-0.00312367201316999,-1.62239850123314e-05,-7.42744678765561e-05,-0.00341796635989855,-0.00164590742731052,-0.00148408341225092,-0.00158628133461125,8.75578292998114e-05,-0.000177277106649498,-0.00181910164631738,-6.82649264760471e-06,-0.00334357987427758,-3.8308642103857e-05,-6.36029873213317e-06,0.000144178927498295,-0.00183820239790577,-0.000553295428418643,-0.00166748400025085,-0.000217658200296178,-4.88718315514447e-05,0.000670729254456326,-0.000305912444678036,-3.83086421029688e-05,-0.00178809859043305,-8.18397587085684e-05,-0.000149628296603588,5.37855574753721e-05,-0.00161265766204721,-4.88718315514447e-05,-0.00147447529219136,0.000571299638187917,2.82487500067319e-05,-0.00178809859043305,-4.88718315514447e-05,-0.000221930052043184
"8:76356515:G:A",-0.00418020088618132,-0.000697422413982629,-0.000131594542812863,-0.00106889359834206,-0.00143557212744838,3.67604289106538e-05,-0.00264174250593907,-0.000492298746718411,-0.00415166833762814,0.00035434260785383,-0.000115908740335513,-0.000385950531722301,-0.00260788596128592,-5.44354379625744e-05,-0.00152775040317188,-0.000191879619648283,0.0795449693898975,-0.00601469397716325,-0.00115979464880311,7.39938282690034e-05,-0.000847612995618086,-0.00473846426868807,-9.34556664491382e-05,-0.000705349494459107,-0.00296484043869771,-0.000492298746718411,3.67604289106538e-05,-0.00020066202317448,-0.00160083171638892,-0.00469404349606517,-8.54409321862093e-05,3.40428965017736e-07,-0.00296484043869771,-0.000152950924345419,-0.00160083171638892,0.00304201529686132,0.000170581700873917,-0.000191879619648283,-5.52017675392591e-05,-0.00303163539986162,-0.0016051897420466,-9.34556664491382e-05,-4.26840384371019e-06,-0.0016051897420466,-0.00365133781101079,0.000318427682933553,0.000199097690757988,1.58778513519309e-05,-9.34556664491382e-05,-0.000105768538719353,-0.0007023486652038,-0.000469040482406591,0.00014937810336324,-0.00154247953145514,-0.00469404349606517,-0.00361750484025869,2.7241206410622e-06,-0.00106889359834206,-8.33366684549475e-05,-2.18603615778079e-05,0.000318427682933553,-4.50895499675141e-05,-0.00207330548120321,-0.00148839000735013,-4.50895499675141e-05,0.000115342310901489,-0.00030887045178396,-0.0040646668637212,-1.09304006254973e-05,0.000135779246322798,-0.000155585199763664,-0.00106889359834206,0.000191835177560051,1.58778513519309e-05,-0.00101759564810688,-0.00150159146530804,-0.00028034616051098,-6.38353789268464e-05,0.000442428334634926,-0.000429257644464442,-4.98194893383541e-05,-0.000809117473273169,-0.000105768538719353,0.00118876168291582,7.01139510574933e-05,-3.09807163114684e-05,-6.38353789268464e-05,-9.34556664491382e-05,0.000239610454703332,3.67604289106538e-05,-0.000809117473273169,-6.38353789268464e-05,-0.0014846238272197
"8:76356580:T:A",-0.00245483212442643,-6.33931367399754e-05,-0.00119723181983877,-3.83402891124263e-06,-0.00211373303953488,-0.00505035009159638,-0.00258310212296031,-0.00555829993217483,-0.00176719932963154,-0.00402128764264997,-0.00522099463551573,-0.0046302718475455,-0.000990169164106991,-0.00027318831914247,-2.94842982162535e-05,-0.000170730428057375,-0.00601469397716325,0.325138561375522,-0.00218450385154201,-0.00893618167156074,-0.00797515582430419,-0.000126896892140405,-0.00184200655061151,-0.000671011506567787,-0.0132884928587043,-0.00530001486310061,-0.0013939604909341,-0.00440030545669412,-0.00650171306239766,-0.00135335273440118,-0.000547694798115561,-0.0018109040910832,-0.0132884928587043,-0.00419776088356993,-0.00650171306239766,-0.00335709712438614,-0.00325328883084763,-0.00245629356358323,-0.0110090875913236,-0.0135170859936569,-0.000583353533506248,-0.00113131736351235,3.48730257027086e-06,-0.000583353533506248,-0.0111755131948206,-0.000852499275414864,-0.00806823649171395,-0.000179381491211217,-0.00113131736351235,-0.000442568421062717,-0.000416711014044946,-4.13481471412958e-05,-0.00154873520447474,-0.00109071280415662,-0.00135335273440118,-0.0109458668052165,-0.0104252667178724,-0.00732272960700886,-0.0117233268125405,-0.000340287312758036,-0.000852499275414864,-0.000599752146033694,-0.00204954881045616,-0.00243852963312863,2.48845975514556e-06,-0.00738457106889623,-0.000161950389034438,-0.00640217996493009,-0.000248920075170744,-0.0032956221737579,-0.0056846323526436,-0.00732272960700886,-0.00253234586682627,-0.0120504908208687,-0.00705073484825025,-0.000461778279190916,-9.25186952591694e-05,4.1238655511755e-05,-0.000655254437047503,-0.00305094997929567,0.00017461500375493,-0.00199197114331406,-0.00359876187441088,-0.00346561679615531,-0.00321762746806176,-0.0143099206455606,4.1238655511755e-05,-0.00191442168379163,-8.58301211854595e-05,-0.0013939604909341,-0.00199197114331406,4.1238655511755e-05,-0.00572608999148194
"8:76358235:T:A",-0.0003554995402828,-0.00170750401240571,-0.0014408386641227,-4.69458785001819e-06,-0.0013585396351079,2.1524341816459e-05,-0.000956691787126651,-0.000122620725859335,-0.000342348945087778,-0.000324394780957249,-6.82064282848671e-05,-0.00113195922954823,-0.000257885124280044,-3.17013600126259e-05,-0.00109827540053331,-0.00468560369766813,-0.00115979464880311,-0.00218450385154201,0.130856529485766,-0.00371497152407851,-0.00405001141240113,-4.51456573049569e-05,-0.00158688303337406,0.000166113573654592,-0.00293111954712577,-0.00146534857965985,2.1524341816459e-05,-0.000120946497712993,-0.00106521395453107,-0.00439819237244166,-0.00168838589873488,-0.000267837975825636,-0.00293111954712577,-0.000962696485529158,-0.00106521395453107,-0.000447668931576217,-0.00214587036678093,-0.00140077561871799,-2.86372700992743e-05,-0.00285533374769731,-0.000598257718083417,-0.00158688303337406,-2.33117605485944e-06,-0.000598257718083417,-0.00535076398827528,-5.66914399682261e-05,-0.00194221558125296,1.03118373644406e-05,-0.00158688303337406,-6.23673464499319e-05,-0.00171446295225941,-9.66974106173524e-05,-0.000149521846415368,-0.000781080173276827,-0.00439819237244166,-0.00543953088225457,3.19538535986652e-06,-4.69458785001819e-06,-4.80050323057313e-05,-0.00255784922171554,-5.66914399682261e-05,-0.00170750401240571,-0.0048650413037663,-0.000965404257165403,-2.48452084665729e-05,6.6241521603061e-05,-0.000633059401224934,-0.000314031030187678,-4.23593593357197e-06,-0.00177580014747036,-2.9115733268803e-05,-4.69458785001819e-06,0.000108471902198204,1.03118373644406e-05,-0.00382575070005409,-0.00260651407038548,-0.000673440494871613,-0.00298417580888977,-0.000775674480999911,-0.000230419125405668,-2.9115733268803e-05,-0.00851526333207708,-6.23673464499319e-05,0.000237027007865542,4.09616876915209e-05,-1.70188467398802e-05,-0.00298417580888977,-0.00158688303337406,-0.000626438669955931,2.1524341816459e-05,-0.00851526333207708,-0.00298417580888977,-0.00738951730550674
"8:76358313:C:T",-0.00391520834349457,1.14699828479559e-05,3.89007283381204e-05,2.19665372824807e-06,-1.81372995733398e-06,-1.23496354866859e-05,-0.00920149736195786,4.02493991682462e-05,-0.00396086583762578,5.83692518913992e-05,3.49413505285057e-05,-0.00519752336703494,6.75348186573999e-05,1.66827732019925e-05,2.9840608127607e-05,-0.00262449685374211,7.39938282690034e-05,-0.00893618167156074,-0.00371497152407851,0.117633862621439,-0.00024285754435116,-0.00993816151684079,2.65757899411412e-05,-0.00191653343786058,-0.00510043702735352,4.02493991682462e-05,-1.23496354866859e-05,6.11741109208808e-05,-0.00295388042095635,-3.41577372591217e-05,2.16028531747625e-05,-0.00593297185077013,-0.00510043702735352,4.6805809785333e-05,-0.00295388042095635,4.41446296459702e-05,-6.54394686776527e-05,5.65794700921884e-05,1.08111532144406e-05,-0.00501596307268226,-0.00269901275169904,2.65757899411412e-05,1.09253053892644e-06,-0.00269901275169904,-0.00505233370610281,2.98559069520365e-05,0.000847025005887403,-7.03390061218556e-06,2.65757899411412e-05,3.23716817822728e-05,1.02661282062044e-05,4.72202203267713e-05,-0.00599147107852716,-0.00281771306783618,-3.41577372591217e-05,-0.00512552377312492,-0.001682890866606,2.19665372824807e-06,2.40215174134306e-05,5.58044540266422e-06,2.98559069520365e-05,1.14699828479559e-05,-0.000199020232734881,-0.00293346393621796,1.14699828479559e-05,-3.89262148567937e-05,-0.000145827391679454,-0.0034398109164453,-0.000164856330224339,-4.78268347086086e-05,1.55046852512442e-05,2.19665372824807e-06,-6.58171215492942e-05,-7.03390061218556e-06,-0.00405332840479122,1.88734822028636e-05,-0.00013996241573544,1.90767308270168e-05,0.00111318534669813,7.30095447289969e-05,1.55046852521323e-05,-0.00317627075573057,3.23716817822728e-05,5.65794700921884e-05,-2.40307567436204e-05,7.89776159226818e-06,1.90767308270168e-05,2.65757899411412e-05,-8.19098284425834e-05,-1.23496354866859e-05,-0.00317627075573057,1.90767308270168e-05,-0.000192659518016391
"8:76361953:C:A",0.000142032943776016,-3.38366197381035e-05,-0.00654327156175505,-0.00768090878105809,-0.00438040245619575,-0.00155615746347948,-0.0107362956127477,-0.0026300641230339,0.000139235031029195,-0.00209192356118226,-0.00335489466940508,-0.0109692136553781,-0.000199267919413604,-0.00131711191243777,-0.00407036029096197,-0.00396940345307684,-0.000847612995618086,-0.00797515582430419,-0.00405001141240113,-0.00024285754435116,0.194110684765845,-0.000470930801283131,-8.72321973472978e-05,-0.00013245541495932,-0.00373503716734191,-0.0026300641230339,-0.00522596252743224,-0.00127273530933714,-0.00112177470535801,-1.6537400638228e-05,-0.00170306285525967,-0.010082531643647,-0.00373503716734191,-0.000159463642957824,-0.00112177470535801,-0.00070885985356206,9.58091874334599e-05,-0.00085544289138717,-0.00218068055496268,-0.00252321225259688,-0.000267891806896792,-0.00154825435660477,-0.00364061621651857,-0.000267891806896792,-0.00216276801052206,-9.61181464163019e-05,-0.00304366899938202,1.50431275880436e-05,-0.00154825435660477,-0.000106868584053288,-2.92174742364537e-05,-0.00610982364621204,-0.00684451685066367,-0.00031400919408231,-1.6537400638228e-05,-0.00201307254352168,-0.00167409956560416,-0.00255488906628987,-0.00888855481211781,-0.000575573164171672,-9.61181464163019e-05,-0.0020324799452025,-0.00382173658765117,-0.000367726767638743,-2.4204866656774e-05,-0.000358323041121267,-0.00109478186735856,-0.00128965213297771,7.59849111986455e-06,-5.39759535200801e-05,-0.00149610939488998,-0.00255488906628987,-0.000203338668035791,-0.000479348753958497,-0.00511115966287701,-0.000294372853478997,-0.00117851711082739,-0.000250865080428042,-0.00460031223936763,-0.000332116993772225,-4.83719050432541e-05,-5.47208494143803e-05,-0.00109583440755667,-0.00019859162930036,-0.000204114506544784,-0.000767581203350964,-0.000250865080428042,-8.71936607484969e-05,-0.000248258656873723,-0.00522596252743224,-5.47208494143803e-05,-0.000250865080428042,-0.00826912298601146
"8:76361964:G:C",0.00111842281344199,-0.00219541257122735,3.9959561634717e-05,2.49664291729346e-06,-0.000271968771955677,-1.47613425278692e-05,-0.000921673380235077,-0.00045272205849578,-0.000192599621716916,-0.00738583265030357,3.63359797006524e-05,-0.00341114818709887,-0.000480203400288204,1.83371926638642e-05,-0.000377999294443043,-0.00175507805637753,-0.00473846426868807,-0.000126896892140405,-4.51456573049569e-05,-0.00993816151684079,-0.000470930801283131,0.141575062358856,-0.00960987875581321,-0.0071908488695307,-0.00460013803963033,-1.00750455640508e-05,-1.47613425278692e-05,-0.00299775932038315,-0.00153613399463115,0.00225754862345795,-0.00039122888391141,-0.00409816738450708,-0.00460013803963033,-0.00134664865132095,-0.00153613399463115,-0.00682716637030989,-0.000232708748806765,5.47495209737292e-05,-0.000669615670038759,-0.00452547628824274,-0.00182873712417209,2.83708313126851e-05,1.24498763653946e-06,-0.00182873712417209,-0.00502028872230209,-0.00110545243779558,-0.00489459764731759,-5.05693216297232e-05,2.83708313126851e-05,3.39311217736338e-05,-0.00220609300742147,-0.00181188126411591,-0.00416610597773648,-0.00194740856650366,0.00225754862345795,-0.00509286324093416,-4.46253944552666e-06,2.49664291729346e-06,-4.54336417092804e-05,6.29123620488059e-06,-0.00110545243779558,1.2744583034241e-05,-0.00107687823946279,-0.00206452403298929,-0.000781988640975229,5.51674770310484e-06,-0.000108281945708555,-0.00156057522901953,-0.00186520236459131,-0.0013296076489322,1.71038870888651e-05,2.49664291729346e-06,-0.000997008409683531,-8.38459482022103e-06,-0.00159238697610808,0.000375158912642171,-0.000992755919287269,2.0818429683267e-05,-0.00118051503639283,-2.37771610294146e-05,1.71038870897533e-05,-0.000770297043979795,-0.00293764076326486,-1.21249217954755e-06,-0.000832191725399944,-0.0022353963192776,2.0818429683267e-05,-0.000606742788013648,-0.000286740839943178,-1.47613425278692e-05,-0.000770297043979795,2.0818429683267e-05,-0.0118426194367629
"8:76362022:A:G",-0.00569162264390854,-0.00181366687332218,-0.00152778695707845,-2.80335034918977e-06,-0.00732096478842958,1.3361459243022e-05,-0.00188913022568915,-9.44227194743519e-05,-0.00561870334831038,-0.000398095942931498,-4.23788291854521e-05,-0.000584415066025912,-8.93102506349663e-05,-0.0014622510528719,-0.00779318813383334,-0.00147447529219136,-9.34556664491382e-05,-0.00184200655061151,-0.00158688303337406,2.65757899411412e-05,-8.72321973472978e-05,-0.00960987875581321,0.166016777396419,1.8519521129079e-05,-0.00660485300856806,-9.44227194743519e-05,1.3361459243022e-05,-7.60687511123237e-05,-0.000961292663828495,-0.00951491560457729,-0.00178622468203571,-0.000872779321984041,-0.00660485300856806,-0.00239300490758421,-0.000961292663828495,-5.32978927241246e-05,-0.00197360297429583,-0.00147447529219136,-1.8044295907238e-05,-0.00669991264543546,-0.00273110679524091,-3.29717430540555e-05,-1.39159006717904e-06,-0.00273110679524091,-0.00689012082474072,-3.53453022245986e-05,7.01618696226092e-05,6.72855700489805e-06,-3.29717430540555e-05,-3.88098238808254e-05,-0.00182160384602525,-0.00320362425617482,-7.35551168355997e-05,-0.00258698377506139,-0.00951491560457729,-0.00681688670873726,2.50756019326559e-06,-2.80335034918977e-06,-0.00149096015812056,-7.16395971611661e-06,-3.53453022245986e-05,-1.48771001047265e-05,-0.00525611836822826,-0.00245534723107443,-0.00237234484963444,4.0697713772353e-05,-6.32430552540697e-05,-0.00793670180412587,-1.90920633880154e-06,4.8486388984692e-05,-0.00147541286077502,-2.80335034918977e-06,6.60653422706048e-05,6.72855700489805e-06,-0.00339549964283181,-0.00739695342209146,-8.71029497453435e-05,-2.28009595888423e-05,0.00013819901487544,2.72203998896714e-06,0.000188779435914554,-0.000476173890804787,-0.001247516936842,-7.1342705536992e-05,2.5390065829356e-05,-1.01799920289025e-05,-2.28009595888423e-05,-0.00253853284485306,8.07078795324045e-05,1.3361459243022e-05,-0.000476173890804787,-2.28009595888423e-05,-0.0042731157247502
"8:76362622:A:T",-0.00709284583003988,-0.000768101962075995,-0.000264391739590586,-1.14873748211508e-05,-0.00776299187014029,4.5848635632062e-05,-0.00047731397151507,-9.68099908353892e-05,-0.00696345562873191,-0.000823818399794618,-0.00113879205010292,6.49167187072308e-05,-0.00035756955627253,-0.00138206036929667,-0.007253851923954,7.72372663737642e-05,-0.000705349494459107,-0.000671011506567787,0.000166113573654592,-0.00191653343786058,-0.00013245541495932,-0.0071908488695307,1.8519521129079e-05,0.152479454057463,-0.00177246028973421,9.04067347899939e-05,4.5848635632062e-05,-0.00028056157800993,-0.00130724292034223,-0.00706719227220987,-0.00740860069098037,7.3766232597805e-06,-0.00177246028973421,-0.00105953071003295,-0.00130724292034223,-0.000535661635201024,-8.47482386188148e-05,-0.004520843650198,-0.000128574812223725,-0.00173437594170389,-0.00301484714370659,-0.00333705383785077,-5.69356854729364e-06,-0.00301484714370659,-0.00211941360449597,-0.000128083815889468,0.000118141092270818,-0.004286872079593,-0.00333705383785077,0.000165632262091542,-0.000835435177308774,-0.00154116631046897,4.55120933740005e-06,-0.00316786318985152,-0.00706719227220987,-0.00217071889063192,-0.00183899144924382,-1.14873748211508e-05,-0.00143886504521973,-0.00178276698149205,-0.000128083815889468,-0.00172618226280719,-0.00202179140355874,-0.000910077892115169,-6.11168741526669e-05,-0.00369808116782178,7.95463013334441e-05,-0.00144012201381294,-0.000940205500177704,-0.0011370275569087,-6.53712243519067e-05,-1.14873748211508e-05,-0.000134432983277755,-0.00194786658869095,-0.00969760743790582,-0.00288254194146642,7.68426472737005e-05,-0.0015178729398091,-0.000460859236076416,-0.000598597367082121,-6.53712243519067e-05,-0.000541431456313468,-0.000142601243250162,-0.000465304225366836,-0.00268160810011864,-0.00174471101945617,-0.0015178729398091,-0.000178296187787197,-0.000395967190974567,4.5848635632062e-05,-0.000541431456313468,-0.0015178729398091,-0.00122695328753553
"8:76365188:G:A",-0.00522162371140089,-0.000145558183395789,-0.00239236616448446,8.95575455395203e-06,-0.00794156918827538,0.000116039164431037,-0.015653700508576,-0.00276675081797384,-0.00505237414231852,-0.00094006168596561,-0.000461117670369049,-0.00721261147064078,-0.0014309173374718,-8.21562237733886e-05,-0.00564639660748822,-0.00317522274248727,-0.00296484043869771,-0.0132884928587043,-0.00293111954712577,-0.00510043702735352,-0.00373503716734191,-0.00460013803963033,-0.00660485300856806,-0.00177246028973421,0.230929866462618,-0.0010656564597209,-0.00152265846606969,-0.002932284145027,-0.000871054555685813,-0.00196515540626185,-0.00209457307087035,-0.000128190623116087,0.000795160051665356,-0.0042637380439432,-0.000871054555685813,-0.00140539489724034,-0.00103710940839408,-0.000637433370163087,4.07532689372658e-07,-0.00117701493670452,-0.00532202887492517,-0.000623645208239765,4.89448392837488e-06,-0.00532202887492517,-0.00498752733802288,-0.00106695775209165,-0.00112168937128621,-0.0111262881427141,-0.000623645208239765,-0.00112979777083844,-0.000177503145174285,-0.000918542474830808,-1.72700029303918e-05,-0.00739227691085675,-0.00196515540626185,-0.00298420185378045,-6.26267235404043e-06,-4.25895370383955e-05,-0.00143932807694069,-0.00491458739133055,-0.00106695775209165,-0.000241316581618634,-0.00733498961970902,-0.00794548114889171,-0.00021672449403809,-0.0041714384531053,-0.00199112587262462,-0.00237873514289877,-0.00295806257602127,0.00015323273483947,-0.00534680286069289,-4.25895370383955e-05,-0.00333354455583912,-0.000325410094234257,-0.000258647551274471,-2.90817066206372e-05,-0.00242014414979419,-0.0036213762822177,0.000258322114111476,-0.000523463663067325,-0.000194348444602532,7.15700446467515e-05,-0.00314162533572304,-0.00154271951007967,-0.0008903738608117,-7.57166341447402e-05,-0.0036213762822177,6.23933255967657e-05,-0.00104529740722725,-0.00152265846606969,7.15700446467515e-05,-0.0036213762822177,-0.00233857866541465
"8:76367987:G:T",-0.00223928118492367,-2.29947718866086e-05,-0.000132051005152789,-0.00206221933028417,-0.00237397682555152,2.01287401644379e-05,-0.00707063468636226,-0.000688729111511854,-0.00228339882371387,-0.000105995348524957,-6.33279117359109e-05,-0.00844201982287629,-0.000158674988822938,-2.94959959239449e-05,-0.00256887724885058,-0.000178230980114158,-0.000492298746718411,-0.00530001486310061,-0.00146534857965985,4.02493991682462e-05,-0.0026300641230339,-1.00750455640508e-05,-9.44227194743519e-05,9.04067347899939e-05,-0.0010656564597209,0.078665738884363,2.01287401644379e-05,-0.000942328221452016,-0.00167000363906311,-1.11692986202172e-05,-0.00255408606337504,-0.00168972337038831,-0.0010656564597209,0.000568940530837558,-0.00167000363906311,-0.000409838553172115,4.91806675704254e-05,-0.000105821939657247,-0.00170719352103799,-0.00101250747532777,-8.95121432451518e-05,-4.98489114093559e-05,-2.16094949045953e-06,-8.95121432451518e-05,-0.00112189874897561,-5.27198815083452e-05,3.33969337811268e-05,9.71953940887005e-06,-4.98489114093559e-05,-5.79505975357719e-05,-2.05490807712039e-05,-8.95121432451518e-05,-0.00163644918539863,-6.38000492898527e-05,-1.11692986202172e-05,-0.00117345366832655,-0.00237762360071869,-4.3510528824342e-06,-0.00135804185455957,-1.11021956019641e-05,-5.27198815083452e-05,-2.29947718866086e-05,-0.000238433571499552,-3.8430706941206e-05,-2.29947718866086e-05,6.20825382169343e-05,-9.17057992673165e-05,-0.00400761881643596,-0.00164864004660803,7.3828863608405e-05,-0.0011301717886063,-4.3510528824342e-06,0.000101924238764539,9.71953940887005e-06,-0.00236143835874136,-0.00174562495792596,-0.000115916545058603,-3.43739048123126e-05,-0.000856478628493029,0.000228664218979269,-2.71064874182159e-05,-2.36497954988479e-05,-0.00367757468982077,-0.00158742831708647,3.83594233319684e-05,-1.57598395205127e-05,-3.43739048123126e-05,-4.98489114093559e-05,0.000125639726255677,2.01287401644379e-05,-2.36497954988479e-05,-3.43739048123126e-05,-0.00173695303992805
"8:76370264:C:G",-5.05426217136673e-05,5.86585363926417e-06,1.94422460966237e-05,-0.00203692757812579,-4.2303947100919e-07,-6.0970229984747e-06,-0.00149584410784076,2.01287401644379e-05,-5.08818823412582e-05,2.89900012901967e-05,1.74265591841305e-05,-0.00140108414447759,3.42253592489072e-05,-0.00368726076143133,1.52518647080768e-05,2.82487500067319e-05,3.67604289106538e-05,-0.0013939604909341,2.1524341816459e-05,-1.23496354866859e-05,-0.00522596252743224,-1.47613425278692e-05,1.3361459243022e-05,4.5848635632062e-05,-0.00152265846606969,2.01287401644379e-05,0.0662991113460079,3.04134415651802e-05,-0.0015921323042134,-1.64391981662959e-05,-0.000148366726639537,-0.00525503096682467,-0.00152265846606969,2.32822276018396e-05,-0.0015921323042134,2.19294863681441e-05,-3.18785625852414e-05,-0.000681363029393367,-0.00153520588999889,-0.00153914090142671,2.36761560925558e-05,-0.000349950309261438,-0.00145262123686507,2.36761560925558e-05,-0.00150955985436152,1.48369395649439e-05,-0.00127262694508268,-3.37099867842028e-06,-0.000349950309261438,1.61181202766869e-05,5.25039110321757e-06,2.36761560925558e-05,-0.00512610417377068,1.67469378036245e-05,-1.64391981662959e-05,-0.00149392721056874,-1.66318725103309e-06,1.12371728366867e-06,-0.00206202535915434,2.85442108349798e-06,1.48369395649439e-05,-0.000188129721491848,-0.00540844435267118,9.70558051527348e-06,5.86585363926417e-06,-1.92364231388353e-05,-0.0050747003530045,-2.64927401332216e-05,1.02097748033714e-07,-2.35206475700522e-05,7.71315590775146e-06,1.12371728366867e-06,-3.25080193235294e-05,-3.37099867842028e-06,-0.00147582490916331,9.90086067886864e-06,-0.0049945305228567,9.53596467745399e-06,-0.000272952661526382,3.64175552123314e-05,7.71315590775146e-06,5.11348542797663e-06,1.61181202766869e-05,2.82487500067319e-05,-1.1842850468291e-05,4.03944277937995e-06,9.53596467745399e-06,1.3361459243022e-05,-4.05150432012391e-05,0.000367100882473714,5.11348542797663e-06,9.53596467745399e-06,-0.00534757091713622
"8:76371416:C:G",-0.00162861076275878,-3.61692595838292e-05,-0.000107786494027096,-6.88406915205775e-06,-1.2681305388007e-05,3.04134415651802e-05,-0.00435718966431242,-0.000942328221452016,-0.00167180431082858,-0.00015641028997937,-9.51183465893735e-05,-0.00122500110426671,-0.000761942363839196,-4.46578230324235e-05,-9.52754370491249e-05,-0.000157481857645969,-0.00020066202317448,-0.00440030545669412,-0.000120946497712993,6.11741109208808e-05,-0.00127273530933714,-0.00299775932038315,-7.60687511123237e-05,-0.00028056157800993,-0.002932284145027,-0.000942328221452016,3.04134415651802e-05,0.0597791438421833,-0.0001559490839389,-0.00135972424060782,-0.00048858304684174,-0.00119736075413179,-0.002932284145027,-0.000125946456990711,-0.0001559490839389,-0.000117432162704212,-0.00321649809579494,-0.000157481857645969,-4.31847949986519e-05,-0.00297244958373533,-0.000134627493716621,-7.60687511123237e-05,-3.42135302666691e-06,-0.000134627493716621,-0.00303998136234007,-0.000139123947174191,0.000165302361146757,-0.00345414721299697,-7.60687511123237e-05,-8.69327497001748e-05,-3.23469062637471e-05,-0.000134627493715733,-0.00117179743741769,-9.73850762173711e-05,-0.00135972424060782,-0.00301259749354355,3.20344258941674e-06,-6.88406915205775e-06,-6.79187387442326e-05,-1.75280207095341e-05,-0.000139123947174191,-3.61692595838292e-05,-0.000375900984443511,-6.01630876602144e-05,-3.61692595838292e-05,9.51684762577898e-05,-0.00108099117705951,-0.0013251383530255,-7.72234871337929e-06,0.0001125894055507,-4.09450057388128e-05,-6.88406915205775e-06,0.000158116208527126,1.37232174814983e-05,6.24654996963514e-05,-0.00124696554181103,-0.0010418193148034,-5.22205772695017e-05,0.000362352600848936,-0.000860179424218011,-4.09450057388128e-05,-3.90308254267779e-05,-8.69327497001748e-05,0.00209889910585392,-0.00216494990003646,-0.00118891112352593,-5.22205772695017e-05,-7.60687511123237e-05,0.00019699467331602,3.04134415651802e-05,-3.90308254267779e-05,-5.22205772695017e-05,-0.00265802607289345
"8:76372423:C:T",-0.00121463915916209,-0.00190001797471862,-0.00128600228721076,-0.00257870016066875,-0.00596090083164569,2.46367146496951e-05,-0.00619209176462965,-0.00167000363906311,-0.00130701210128059,-0.000538705527875827,5.19954158439973e-05,-0.00752387009388222,-0.00150665160470176,-0.00332501622240233,-0.00577005015957965,-0.000238110200192487,-0.00160083171638892,-0.00650171306239766,-0.00106521395453107,-0.00295388042095635,-0.00112177470535801,-0.00153613399463115,-0.000961292663828495,-0.00130724292034223,-0.000871054555685813,-0.00167000363906311,-0.0015921323042134,-0.0001559490839389,0.165523772285155,-0.00056794513181746,-0.000751784899086338,-3.89981606740974e-05,-0.000871054555685813,-0.00117008992798961,0.000219228410584194,-0.00065324573140213,3.71722940348818e-05,-0.00139168828932057,-0.00417504712977657,-0.000923599633492866,-0.00148541346959696,-0.000961292663828495,-0.00403237237357423,-0.00148541346959696,-0.00115745491866237,-6.9658123390326e-05,-0.000209420402556226,-0.00215857243284479,-0.000961292663828495,-0.00334403156094165,-0.00190652695490812,-0.0011464453871799,-0.000117140668281834,-0.00366234266445797,-0.00056794513181746,-0.00109586823418883,-0.00202143456755355,-5.61022919676191e-06,-0.00153110936815626,-0.00197157613544707,-6.9658123390326e-05,-0.000754046090690075,-0.00711094098210951,-0.00222836584110109,-0.00245424483637269,-0.00109692503052905,-0.000139365778499823,-0.00400117519498666,-0.00212802789727551,-0.00147653715636675,-0.00553189247751096,-5.61022919676191e-06,-0.00290047967768015,-0.0019760090821288,-0.00194669871927555,-0.00414801921323793,-0.000165622740453841,-0.00168193655919868,-0.00035740973631615,-0.00311946443531497,-3.5009037560485e-05,-3.00549533411854e-05,-7.71506725083526e-05,-0.000373986456788877,-0.0015327557269913,-0.0022329695526393,-0.00168193655919868,-0.00434303905454581,-0.000328478406744992,-0.0015921323042134,-3.00549533411854e-05,-0.00168193655919868,-0.00584150145395768
"8:76372637:C:G",-0.00280943776542486,-0.00223850203285636,4.61041668060602e-05,2.77940443282887e-06,-3.85310008859108e-05,-1.64391981662959e-05,-0.00112507553307895,-0.00050275263646693,-0.0028545384633194,-0.00734495533344415,4.1805232586789e-05,-7.20587591951372e-05,-0.00170657082860881,2.07891165358021e-05,7.60739634042551e-06,6.42742210574809e-05,-0.00469404349606517,-0.00135335273440118,-0.00439819237244166,-3.41577372591217e-05,-1.6537400638228e-05,0.00225754862345795,-0.00951491560457729,-0.00706719227220987,-0.00196515540626185,-1.11692986202172e-05,-1.64391981662959e-05,-0.00135972424060782,-0.00056794513181746,0.103962241281053,-0.000362671563384431,-6.22869373518853e-05,-0.00196515540626185,-0.00138404244919776,-0.00056794513181746,-0.00678925326335822,-0.00111334060609014,6.42742210574809e-05,-0.000737278536870889,-0.00195688607760225,5.48715957888746e-05,3.23277094782526e-05,1.38498095569872e-06,5.48715957888746e-05,-0.00252514807535054,-0.00114560732965341,-0.00311395373228152,-0.0025601664227235,3.23277094782526e-05,3.89725069451785e-05,-0.00224931971925102,-0.00184950803207062,-0.000145280192176855,3.98044851221968e-05,0.00234184176363073,-0.00253918221954352,-5.11681802617403e-06,2.77940443282887e-06,-4.93089666937507e-05,7.01970249039618e-06,-0.00114560732965341,1.42787926327159e-05,-0.000415459505820337,2.3309153209361e-05,-0.00083636798424358,-0.000920225051256551,-0.000261202637307001,-0.00133544677602249,-0.00183511397101821,-6.84972918412186e-05,1.93841782802906e-05,2.77940443282887e-06,-0.000974792050389972,-9.44228917898471e-06,-0.000508812329556463,0.000467376145180332,-0.000384282256568724,2.36240213817851e-05,-0.000652496437526295,-1.83358761498553e-05,1.93841782802906e-05,-6.57163730712895e-05,-0.00290200029748711,-0.000546831193874553,-0.000306170062416733,-0.00227888919668384,2.36240213817851e-05,-0.000658964239485194,-0.000123562151982171,-1.64391981662959e-05,-6.57163730712895e-05,2.36240213817851e-05,-0.0125315002366095
"8:76373646:C:A",-0.00144344510748073,-1.25664485528532e-05,-0.00345826261226279,-0.00257360098340165,-0.00381828490772218,1.10443505265678e-05,-0.00211565631924637,-0.00255408606337504,-0.00141758863370978,-0.00116862803115225,-3.70691797728639e-05,-0.000603518379556078,-0.0015515827150292,8.9447304221224e-05,-0.00398214138184283,-0.00328541686576767,-8.54409321862093e-05,-0.000547694798115561,-0.00168838589873488,2.16028531747625e-05,-0.00170306285525967,-0.00039122888391141,-0.00178622468203571,-0.00740860069098037,-0.00209457307087035,-0.00255408606337504,-0.000148366726639537,-0.00048858304684174,-0.000751784899086338,-0.000362671563384431,0.111587735319051,-9.24854575856671e-06,-0.00209457307087035,-5.06526871975055e-05,-0.000751784899086338,-4.71337957996809e-05,-0.0020990886729555,-0.000502455638575761,-0.00433073283635022,-0.002071611226516,-0.00162868256547011,8.91921947792085e-05,4.89448392926306e-06,-0.00162868256547011,-0.00346850083847228,-0.00648464283956329,-4.14273253088737e-05,5.67840561771504e-06,8.91921947792085e-05,-3.3844817553863e-05,-1.12033341785889e-05,-5.31614445398176e-05,-0.0019427365960123,-0.00171791316362047,-0.000362671563384431,-0.00347245463409562,2.21484524232096e-06,-2.33449374409389e-06,-0.00561615696342521,-5.9970492918282e-06,-0.00648464283956329,5.15461381960236e-05,-0.00166012175712504,-0.00180481866023907,-1.2566448551965e-05,3.24317381714678e-05,-4.57663668864683e-05,-0.00130286826603054,-1.44899393639264e-06,-0.000117303350267939,-0.00137464693233014,-2.33449374409389e-06,-0.000482351286998473,5.67840561771504e-06,-0.000468116999932988,-0.00060086359783007,-7.6545066335143e-05,-1.95468901376117e-05,-0.000484757345725839,-0.00277507887308381,-1.54159669811804e-05,-0.00128837855133757,-0.0033009455621329,-6.10495419355317e-05,2.06864558780495e-05,-8.55216811057602e-06,-1.95468901376117e-05,-2.85208407131421e-05,-0.000411861618372811,-0.000148366726639537,-0.00128837855133757,-1.95468901376117e-05,-0.00124675990509537
"8:76373807:G:A",-0.000216157693404995,-9.01208587578139e-06,-0.00313408846753926,-0.00766273826320774,-4.08646898453213e-06,1.28251009225977e-05,-0.00252903421525419,-0.00168972337038831,-0.000190838327291054,-0.00120078334157725,-4.62584418157164e-05,-0.00689142160547362,-0.000416181471130095,-0.0015986326687436,-2.032607008573e-05,-0.00584457770985747,3.40428965017736e-07,-0.0018109040910832,-0.000267837975825636,-0.00593297185077013,-0.010082531643647,-0.00409816738450708,-0.000872779321984041,7.3766232597805e-06,-0.000128190623116087,-0.00168972337038831,-0.00525503096682467,-0.00119736075413179,-3.89981606740974e-05,-6.22869373518853e-05,-9.24854575856671e-06,0.133489978179522,-0.000128190623116087,-6.39967892146487e-05,-3.89981606740974e-05,2.66880827144433e-05,3.51323337062226e-05,-0.000178439246037776,-0.00036864821686855,-0.000159427316205996,-0.000220124273480948,-0.00035782021117825,-0.00380225206169804,-0.000220124273480948,-5.89433997921773e-06,-3.79802304149024e-05,-0.00164830280750117,6.58934168473735e-06,-0.00035782021117825,-4.20290334206541e-05,-7.41631758405248e-06,-0.0025383648233035,-0.00379826825817631,-0.000294413836016361,-6.22869373518853e-05,1.61216484046989e-05,-6.58718083901277e-06,-2.80348789694074e-06,-0.00258189031591982,-0.000613257661367328,-3.79802304149024e-05,-0.000498294344356331,-2.92133902308755e-05,-0.00037538693202066,-0.000682009161653951,-0.000383635223119683,-0.00190067054564125,-0.00564597242283149,-0.000478066284237855,-0.00146267216068185,-0.00146972660355171,-2.80348789694074e-06,-0.00109079923385114,-0.00045944140420584,-0.00569783674579405,-0.000269800512154639,-0.00201720621244483,-0.000264620729901743,6.97719910434103e-05,-0.00156904605666952,-1.86972688949183e-05,-0.00499281385656758,-0.00138483283943547,2.02966540179261e-05,-0.000205858888727484,-0.000719236525057454,-0.000264620729901743,-0.000872779321984041,6.09997707057275e-05,-0.00525503096682467,-0.00499281385656758,-0.000264620729901743,-0.0100044050498278
"8:76379120:C:T",-0.00522162371140089,-0.000145558183395789,-0.00239236616448446,8.95575455395203e-06,-0.00794156918827538,0.000116039164431037,-0.015653700508576,-0.00276675081797384,-0.00505237414231852,-0.00094006168596561,-0.000461117670369049,-0.00721261147064078,-0.0014309173374718,-8.21562237733886e-05,-0.00564639660748822,-0.00317522274248727,-0.00296484043869771,-0.0132884928587043,-0.00293111954712577,-0.00510043702735352,-0.00373503716734191,-0.00460013803963033,-0.00660485300856806,-0.00177246028973421,0.000795160051665356,-0.0010656564597209,-0.00152265846606969,-0.002932284145027,-0.000871054555685813,-0.00196515540626185,-0.00209457307087035,-0.000128190623116087,0.230929866462618,-0.0042637380439432,-0.000871054555685813,-0.00140539489724034,-0.00103710940839408,-0.000637433370163087,4.07532689372658e-07,-0.00117701493670452,-0.00532202887492517,-0.000623645208239765,4.89448392837488e-06,-0.00532202887492517,-0.00498752733802288,-0.00106695775209165,-0.00112168937128621,-0.0111262881427141,-0.000623645208239765,-0.00112979777083844,-0.000177503145174285,-0.000918542474830808,-1.72700029303918e-05,-0.00739227691085675,-0.00196515540626185,-0.00298420185378045,-6.26267235404043e-06,-4.25895370383955e-05,-0.00143932807694069,-0.00491458739133055,-0.00106695775209165,-0.000241316581618634,-0.00733498961970902,-0.00794548114889171,-0.00021672449403809,-0.0041714384531053,-0.00199112587262462,-0.00237873514289877,-0.00295806257602127,0.00015323273483947,-0.00534680286069289,-4.25895370383955e-05,-0.00333354455583912,-0.000325410094234257,-0.000258647551274471,-2.90817066206372e-05,-0.00242014414979419,-0.0036213762822177,0.000258322114111476,-0.000523463663067325,-0.000194348444602532,7.15700446467515e-05,-0.00314162533572304,-0.00154271951007967,-0.0008903738608117,-7.57166341447402e-05,-0.0036213762822177,6.23933255967657e-05,-0.00104529740722725,-0.00152265846606969,7.15700446467515e-05,-0.0036213762822177,-0.00233857866541465
"8:76380094:C:T",-0.00169297474603169,-2.67029232361438e-05,-0.000540569486734199,-5.0809618699077e-06,-7.39979274566593e-06,2.32822276018396e-05,-0.00403688667966939,-0.003064160392106,-0.00173673835650057,-0.000119193336018064,-7.20580045685537e-05,-0.00574672561601464,-0.000156947655156614,-3.38395262593494e-05,-7.03774571917393e-05,-0.000590392919542992,-0.000152950924345419,-0.00419776088356993,-0.000962696485529158,4.6805809785333e-05,-0.000159463642957824,-0.00134664865132095,-0.00239300490758421,-0.00105953071003295,-0.0042637380439432,0.000568940530837558,2.32822276018396e-05,-0.000125946456990711,-0.00117008992798961,-0.00138404244919776,-5.06526871975055e-05,-6.39967892146487e-05,-0.0042637380439432,0.0686074516978774,-0.00117008992798961,-8.94192177183228e-05,-0.000333311063418051,-0.000119227800617239,-0.00119746482788052,-0.00422707675881107,-0.000101399666129431,-5.70978484635276e-05,-2.5251342048449e-06,-0.000101399666129431,-0.00432899848907109,-6.00539304391745e-05,-0.000345831039445521,1.09988435017527e-05,-5.70978484635276e-05,-6.59816364070309e-05,-2.38801242673503e-05,-0.000101399666128543,-0.000131301185363419,-7.28892858790076e-05,-0.00138404244919776,-0.00436560962424881,3.25475764473282e-06,-5.0809618699077e-06,-0.000850729174586284,-1.2938289682296e-05,-6.00539304391745e-05,-2.67029232361438e-05,-3.4982062722122e-05,-4.44267938970455e-05,-2.67029232361438e-05,7.26791276983718e-05,-0.000104123176312143,-0.00135384450952714,-0.00113527739684027,8.64574964047904e-05,-3.10912649359452e-05,-5.0809618699077e-06,0.00012068080181038,1.09988435017527e-05,-0.00448142710850163,-0.00123840745667092,-0.000130590212583215,-3.94381423136636e-05,-0.00192241736476184,0.00119523300793123,-3.1091264935057e-05,-2.7850490786463e-05,-6.59816364070309e-05,-0.000119227800616351,4.45399261010948e-05,-1.83406443854395e-05,-3.94381423136636e-05,-5.70978484635276e-05,0.000149999149246405,2.32822276018396e-05,-2.7850490786463e-05,-3.94381423136636e-05,-0.00122784991241698
"8:76382578:G:T",-0.00121463915916209,-0.00190001797471862,-0.00128600228721076,-0.00257870016066875,-0.00596090083164569,2.46367146496951e-05,-0.00619209176462965,-0.00167000363906311,-0.00130701210128059,-0.000538705527875827,5.19954158439973e-05,-0.00752387009388222,-0.00150665160470176,-0.00332501622240233,-0.00577005015957965,-0.000238110200192487,-0.00160083171638892,-0.00650171306239766,-0.00106521395453107,-0.00295388042095635,-0.00112177470535801,-0.00153613399463115,-0.000961292663828495,-0.00130724292034223,-0.000871054555685813,-0.00167000363906311,-0.0015921323042134,-0.0001559490839389,0.000219228410584194,-0.00056794513181746,-0.000751784899086338,-3.89981606740974e-05,-0.000871054555685813,-0.00117008992798961,0.165523772285155,-0.00065324573140213,3.71722940348818e-05,-0.00139168828932057,-0.00417504712977657,-0.000923599633492866,-0.00148541346959696,-0.000961292663828495,-0.00403237237357423,-0.00148541346959696,-0.00115745491866237,-6.9658123390326e-05,-0.000209420402556226,-0.00215857243284479,-0.000961292663828495,-0.00334403156094165,-0.00190652695490812,-0.0011464453871799,-0.000117140668281834,-0.00366234266445797,-0.00056794513181746,-0.00109586823418883,-0.00202143456755355,-5.61022919676191e-06,-0.00153110936815626,-0.00197157613544707,-6.9658123390326e-05,-0.000754046090690075,-0.00711094098210951,-0.00222836584110109,-0.00245424483637269,-0.00109692503052905,-0.000139365778499823,-0.00400117519498666,-0.00212802789727551,-0.00147653715636675,-0.00553189247751096,-5.61022919676191e-06,-0.00290047967768015,-0.0019760090821288,-0.00194669871927555,-0.00414801921323793,-0.000165622740453841,-0.00168193655919868,-0.00035740973631615,-0.00311946443531497,-3.5009037560485e-05,-3.00549533411854e-05,-7.71506725083526e-05,-0.000373986456788877,-0.0015327557269913,-0.0022329695526393,-0.00168193655919868,-0.00434303905454581,-0.000328478406744992,-0.0015921323042134,-3.00549533411854e-05,-0.00168193655919868,-0.00584150145395768
"8:76382673:A:G",-0.0063599225811668,-0.000652363550681656,-7.60387702953835e-05,-0.00103914767360713,-0.000723406876351085,2.19294863681441e-05,-0.00333396076102765,-0.000409838553172115,-0.00633287235806268,-0.000267399911722421,-6.73343776407265e-05,-0.000214404134025514,-0.000720071752187579,-3.16986859383306e-05,-0.000636403703218491,-0.000111070261350932,0.00304201529686132,-0.00335709712438614,-0.000447668931576217,4.41446296459702e-05,-0.00070885985356206,-0.00682716637030989,-5.32978927241246e-05,-0.000535661635201024,-0.00140539489724034,-0.000409838553172115,2.19294863681441e-05,-0.000117432162704212,-0.00065324573140213,-0.00678925326335822,-4.71337957996809e-05,2.66880827144433e-05,-0.00140539489724034,-8.94192177183228e-05,-0.00065324573140213,0.0740009680492317,0.000105376479177188,-0.000111070261350932,-2.86099389938954e-05,-0.00137092610023881,-0.000391765544716094,-5.32978927241246e-05,-2.35771771972537e-06,-0.000391765544716094,-0.00298621152629241,-5.62094439437999e-05,0.000120604924866541,1.04394501585503e-05,-5.32978927241246e-05,-6.17052639553251e-05,-0.000659288049043028,-9.44523174934986e-05,-0.00046335027228217,-0.000469905573795337,-0.00678925326335911,-0.00303565998662769,3.20611666548842e-06,-4.74322883015077e-06,-4.7699080941932e-05,-1.20715226259449e-05,-5.62094439437999e-05,-2.48897350951793e-05,-0.00321339480298288,-0.000544831882057117,-2.48897350951793e-05,6.86333032513531e-05,-0.00147834875063868,-0.0011594803513697,-4.29923703926249e-06,8.17856710479958e-05,-0.000109097646362244,-4.74322883015077e-06,0.000114292343527111,1.04394501585503e-05,-0.00144343230664568,-0.00314935932318683,-0.00143322704185778,-3.69042470067527e-05,0.000263100279528139,-0.000301274660523099,-2.91418932123477e-05,-0.000761366937665819,-6.17052639553251e-05,0.00129369821443159,4.2017981439102e-05,-1.71053980277946e-05,-3.69042470067527e-05,-5.32978927241246e-05,0.000142274978498946,2.19294863681441e-05,-0.000761366937665819,-3.69042470067527e-05,-0.00313361406978974
"8:76384087:A:T",-0.000146724915489393,-0.00187854720234615,-0.00607971003394514,4.99095998307553e-06,-0.000680229589913317,-3.18785625852414e-05,-0.00353991221355976,4.91806675704254e-05,-0.000152714060715375,0.000137157091971929,-0.00141904494752687,-0.0089613089292282,-0.00785655301383681,4.06433354696034e-05,-0.000900083017175923,-0.0044519612971019,0.000170581700873917,-0.00325328883084763,-0.00214587036678093,-6.54394686776527e-05,9.58091874334599e-05,-0.000232708748806765,-0.00197360297429583,-8.47482386188148e-05,-0.00103710940839408,4.91806675704254e-05,-3.18785625852414e-05,-0.00321649809579494,3.71722940348818e-05,-0.00111334060609014,-0.0020990886729555,3.51323337062226e-05,-0.00103710940839408,-0.000333311063418051,3.71722940348818e-05,0.000105376479177188,0.121855042051886,-0.00165690062405499,-0.00223821763972953,-0.000830369726457114,-0.00222128465504934,-0.00197360297429583,2.48380000567039e-06,-0.00222128465504934,-0.000922912430169731,7.23206895676398e-05,-0.000341176824198541,-0.00197266598393497,-0.00197360297429583,7.78111920780589e-05,-0.00188927434027164,-0.00172847079062954,0.000113780863730817,-0.00194182284268329,-0.00111334060609014,-0.00111083449158356,-0.00237193080452869,4.99095998307553e-06,-0.00388160583200836,-3.43473338926259e-06,7.23206895676398e-05,-0.0021602513595127,-0.00381724721424836,-0.0017039390391389,-0.0021602513595127,-0.000102896652452777,-0.000182139723816199,-0.000624284643810036,-0.002186272316127,-0.00682583653667113,3.80149182328537e-05,4.99095998307553e-06,-0.00220935457077864,-0.00250344119696155,-0.000231916151601119,-0.00067113425394183,-0.000250233006454437,-1.41193898031133e-05,-0.00158372560046871,8.20574930262552e-05,3.80149182328537e-05,-0.00170649227337449,-0.000179765886042738,-0.00194139403246041,-6.31545034863734e-05,-0.00220392875568898,-1.41193898031133e-05,-0.00197360297429583,-0.00082574670679314,-3.18785625852414e-05,-0.00170649227337449,-1.41193898031133e-05,-0.0021210926276094
"8:76384814:G:C",0.00021199034849495,-3.35850146173655e-05,-0.00283074420840901,-0.00312739036281595,-0.0038789623173674,2.82487500067319e-05,-0.00734402368628473,-0.000105821939657247,0.000213842975754552,-0.000568017600929061,-8.96136192274355e-05,-0.000451769491990106,-0.000253967604757932,0.000370789150489159,-0.00334736916580436,-0.00268408905589723,-0.000191879619648283,-0.00245629356358323,-0.00140077561871799,5.65794700921884e-05,-0.00085544289138717,5.47495209737292e-05,-0.00147447529219136,-0.004520843650198,-0.000637433370163087,-0.000105821939657247,-0.000681363029393367,-0.000157481857645969,-0.00139168828932057,6.42742210574809e-05,-0.000502455638575761,-0.000178439246037776,-0.000637433370163087,-0.000119227800617239,-0.00139168828932057,-0.000111070261350932,-0.00165690062405499,0.103761290767209,-0.00536170128940228,-0.000633674131590212,-0.00134823564837028,-0.00313288448761462,-4.75005845963494e-05,-0.00134823564837028,-0.00195311774107498,-7.42744678765561e-05,-5.64144239492137e-05,1.29558810613162e-05,-0.00313288448761462,-8.18397587085684e-05,-3.00162277353522e-05,-0.000127419246478411,-0.00690326826284604,-0.00141756675682014,6.42742210574809e-05,-0.00194255209441208,3.27051581994198e-06,-6.36029873213317e-06,-0.00665545212600449,-1.62239850123314e-05,-7.42744678765561e-05,-0.00519422204629105,-0.00490220877175007,-0.00148408341225092,-3.35850146173655e-05,8.75578292998114e-05,-0.00303764173374255,-0.000438819823329162,-6.82649264760471e-06,-0.000102625505371989,-0.00104388127317456,-6.36029873213317e-06,-0.000439577254132573,1.29558810613162e-05,-0.000110580868735166,-6.44973076999733e-05,-0.00292424147854309,-4.88718315514447e-05,-0.000810797882631498,-0.000195134290113863,-3.83086421029688e-05,0.000319942502967407,-0.00379941347798152,-0.000149628296603588,5.37855574753721e-05,-2.30254856452561e-05,-4.88718315514447e-05,-7.13427055378801e-05,-0.000747328178341888,-0.000681363029393367,0.000319942502967407,-4.88718315514447e-05,-0.00165437677689351
"8:76391314:G:C",-0.000283481777166195,-6.8842670941649e-06,-0.00113654807749963,-0.00249763325771291,-4.75202982830325e-06,5.77318664252147e-06,-0.00882323882685077,-0.00170719352103799,-0.000318658473976718,-4.04726030112101e-05,-5.42194389652195e-06,-0.0036988933617863,-0.00197943341508111,-0.00321862483172364,-8.71611077446488e-06,-0.00120528464042469,-5.52017675392591e-05,-0.0110090875913236,-2.86372700992743e-05,1.08111532144406e-05,-0.00218068055496268,-0.000669615670038759,-1.8044295907238e-05,-0.000128574812223725,4.07532689372658e-07,-0.00170719352103799,-0.00153520588999889,-4.31847949986519e-05,-0.00417504712977657,-0.000737278536870889,-0.00433073283635022,-0.00036864821686855,4.07532689372658e-07,-0.00119746482788052,-0.00417504712977657,-2.86099389938954e-05,-0.00223821763972953,-0.00536170128940228,0.12989078775446,-1.23110423633221e-05,-0.00167967605836861,-0.00476916268061878,-0.00395373467479487,-0.00167967605836861,-0.00015382889540172,-1.80280001700339e-05,-2.43835147335503e-05,3.1120342667279e-06,-0.00476916268061878,-1.99529841617974e-05,-6.11487221835461e-06,-0.000100139313853553,-0.000509857658613555,-0.00177473389643801,-0.000737278536871777,-0.000127764243674555,1.33842589100652e-06,-1.24201615481212e-06,-0.00222964184194474,-3.22555353005072e-06,-1.80280001700339e-05,-0.00445477562851426,-0.000355262996334815,-0.0018677162965135,-0.00384936189024376,-0.00107958326075419,-0.000370653330827864,-0.000122483922748273,-0.00199439885519492,1.7584234761614e-05,-0.00542821161486451,-1.24201615481212e-06,-0.000513945400605564,3.1120342667279e-06,-8.13937106158846e-07,-0.00137479861927847,-4.87259671073659e-05,-1.11066449113295e-05,-0.00141223988663874,-0.00156053472400153,-8.70340206482467e-06,-0.00400610828721959,-1.99529841617974e-05,-3.92669974598192e-05,-0.00149285276751776,-4.6336190102636e-06,-1.11066449113295e-05,-0.00571427967709592,2.29471588273356e-05,-0.00153520588999889,-0.00400610828721959,-1.11066449113295e-05,-0.00114974747962471
"8:76391549:T:C",-0.00523933783836794,-0.000122002496476536,-0.002496282101764,9.45401047669492e-06,-0.00798803800429004,0.000133690328023128,-0.01560755628531,-0.00267186572665956,-0.00506509271737032,-0.000905592888963191,-0.000446782399271761,-0.007354829332757,-0.00138597360055215,-8.16579678515339e-05,-0.00569572014089204,-0.0033134224862259,-0.00303163539986162,-0.0135170859936569,-0.00285533374769731,-0.00501596307268226,-0.00252321225259688,-0.00452547628824274,-0.00669991264543546,-0.00173437594170389,-0.00117701493670452,-0.00101250747532777,-0.00153914090142671,-0.00297244958373533,-0.000923599633492866,-0.00195688607760225,-0.002071611226516,-0.000159427316205996,-0.00117701493670452,-0.00422707675881107,-0.000923599633492866,-0.00137092610023881,-0.000830369726457114,-0.000633674131590212,-1.23110423633221e-05,0.232378863791574,-0.00535395715761577,-0.000638206520557905,4.8944839274867e-06,-0.00535395715761577,-0.00273000693183523,-0.00108287631019444,-0.00119555519012993,-0.0109491783327869,-0.000638206520557905,-0.00119054069780411,-0.000154731507619577,-0.00103553379054988,-2.78741679857752e-05,-0.00740192083328228,-0.00195688607760225,-0.00458822562898398,-1.28575133810926e-05,-5.27545488466785e-05,-0.00138358850811704,-0.0047977463932618,-0.00108287631019444,-0.000255877893937217,-0.00805690176324658,-0.00797407430128194,-0.000231626302323651,-0.00422118126684712,-0.00196195015194967,-0.00244433034730029,-0.00310404570394862,0.000184170183368249,-0.00531233406369225,-5.27545488466785e-05,-0.00329879276112166,-0.000362346789174239,-0.000118319741762019,-6.04646785777874e-05,-0.00239096842911879,-0.00352755633398605,0.000343805878968428,-0.000918599870232573,-0.00022734580487338,6.15962515633228e-05,-0.00324909745131041,-0.00164609940551497,-0.000923335751293664,-9.52483321947639e-05,-0.00352755633398605,6.55742690431893e-05,-0.00103556331932797,-0.00153914090142671,6.15962515633228e-05,-0.00352755633398605,-0.00228833795902572
"8:76392425:T:C",-0.00218534119168545,-0.00164537742557336,-8.60011002847827e-05,-5.23376440408896e-06,-0.00379448605379373,2.36761560925558e-05,-0.000225451855435654,-8.95121432451518e-05,-0.00222931833678519,-0.000271722777528183,-7.57802944413299e-05,-0.000204101964633274,-0.000279358689888376,-3.51217976133356e-05,-0.00334529543933204,-0.00134823564837028,-0.0016051897420466,-0.000583353533506248,-0.000598257718083417,-0.00269901275169904,-0.000267891806896792,-0.00182873712417209,-0.00273110679524091,-0.00301484714370659,-0.00532202887492517,-8.95121432451518e-05,2.36761560925558e-05,-0.000134627493716621,-0.00148541346959696,5.48715957888746e-05,-0.00162868256547011,-0.000220124273480948,-0.00532202887492517,-0.000101399666129431,-0.00148541346959696,-0.000391765544716094,-0.00222128465504934,-0.00134823564837028,-0.00167967605836861,-0.00535395715761577,0.121174339579846,-0.00152773816036955,-2.59830893956092e-06,0.00271459948199215,-0.00490744924804032,-6.28406075291466e-05,-0.00198535828570456,-0.00190500782904923,-0.00152773816036955,-0.0036757516938577,-0.00165205918959721,-0.00163965619928064,-0.000173249670284648,0.000536656828389326,5.48715957888746e-05,-0.0048813845963136,-0.0023639677013092,-5.23376440408896e-06,-0.00133358220428459,-0.00171763499237443,-6.28406075291466e-05,-0.00164537742557336,-0.00448101339484275,2.08886468291425e-05,-2.77528898839918e-05,7.26600853777626e-05,-0.000137054534317116,-0.000962003597956951,-5.02624383358352e-06,-0.0018220250280212,-3.22282768312476e-05,-5.23376440408896e-06,-0.00309910287188941,-0.00231946542441186,-0.00179979698415078,-0.0010065401520043,-0.000173242374403415,-0.00142645348473458,-0.000809370572656398,-0.00131140107562278,-3.22282768303594e-05,-0.00366046169766943,-6.92156404555888e-05,-0.00157485823145276,4.49708250958025e-05,-0.00257296067392598,-0.00142645348473458,-5.98618134040052e-05,-0.000667469962040812,2.36761560925558e-05,-0.00366046169766943,-0.00142645348473458,-0.00317439783612095
"8:76396947:G:A",9.62399491690746e-05,-1.48771001047265e-05,-0.00330316084949889,-0.00277760485144452,-0.0036810482355758,1.3361459243022e-05,-0.00546941995746719,-4.98489114093559e-05,9.69116630251676e-05,-7.1915967109426e-05,-4.23788291854521e-05,-0.000133884099761339,-0.000374134064507814,-0.00445216911787583,-0.00391577096684692,-0.00313290933383836,-9.34556664491382e-05,-0.00113131736351235,-0.00158688303337406,2.65757899411412e-05,-0.00154825435660477,2.83708313126851e-05,-3.29717430540555e-05,-0.00333705383785077,-0.000623645208239765,-4.98489114093559e-05,-0.000349950309261438,-7.60687511123237e-05,-0.000961292663828495,3.23277094782526e-05,8.91921947792085e-05,-0.00035782021117825,-0.000623645208239765,-5.70978484635276e-05,-0.000961292663828495,-5.32978927241246e-05,-0.00197360297429583,-0.00313288448761462,-0.00476916268061878,-0.000638206520557905,-0.00152773816036955,0.0854730083250126,-2.09554992469663e-06,-0.00152773816036955,-0.00184280946489679,-3.53453022245986e-05,-3.98208762248942e-05,6.72855700489805e-06,0.000248458487206449,-3.88098238808254e-05,-1.32876495371193e-05,-5.98618134048934e-05,-0.00361391715366643,-0.00161518652147041,3.23277094782526e-05,-0.00181438782850618,2.50756019326559e-06,-2.80335034918977e-06,-0.00605519671654964,-7.16395971611661e-06,-3.53453022245986e-05,-0.00181287907146999,-0.00234849527965375,-0.00169987954019835,-1.48771001047265e-05,4.0697713772353e-05,-0.00167528612664025,-0.000474580453687423,-1.90920633880154e-06,-0.000113797042557984,-1.80468915891296e-05,-2.80335034918977e-06,-0.000473600568313692,6.72855700489805e-06,-0.00107455335088202,-2.74437642735492e-05,-0.00161813130288113,-2.28009595888423e-05,-0.000644141996573033,-9.40133113012109e-05,-1.80468915882415e-05,0.000179886257181572,-0.00348012421891486,-7.1342705536992e-05,2.5390065829356e-05,-1.01799920289025e-05,-2.28009595888423e-05,-3.29717430540555e-05,-0.000568703219271605,-0.000349950309261438,0.000179886257181572,-2.28009595888423e-05,-0.00187605652141798
"8:76400359:A:G",3.52726395203007e-06,-5.96959264242969e-07,-2.0780841358814e-06,4.8944839274867e-06,-8.44444514314091e-09,5.58912898185326e-07,-6.60009444786169e-06,-2.16094949045953e-06,3.5444119310668e-06,-3.23315461692175e-06,-1.83806574227674e-06,2.17262934398832e-06,-4.02363200890932e-06,-0.000187922978584609,-1.63498890515257e-06,-3.1591614453319e-06,-4.26840384371019e-06,3.48730257027086e-06,-2.33117605485944e-06,1.09253053892644e-06,-0.00364061621651857,1.24498763653946e-06,-1.39159006717904e-06,-5.69356854729364e-06,4.89448392837488e-06,-2.16094949045953e-06,-0.00145262123686507,-3.42135302666691e-06,-0.00403237237357423,1.38498095569872e-06,4.89448392926306e-06,-0.00380225206169804,4.89448392837488e-06,-2.5251342048449e-06,-0.00403237237357423,-2.35771771972537e-06,2.48380000567039e-06,-4.75005845963494e-05,-0.00395373467479487,4.8944839274867e-06,-2.59830893956092e-06,-2.09554992469663e-06,0.0457724222421669,-2.59830893956092e-06,2.08508803467566e-06,-1.53685808168547e-06,2.71751257407971e-06,3.03720501193538e-07,-2.09554992469663e-06,-1.6848761470456e-06,-5.32480716408656e-07,-2.59830893867274e-06,-0.00369141315758004,-1.78241002490864e-06,1.38498095569872e-06,2.08508803556384e-06,1.39636072482574e-07,-1.11335618058206e-07,-0.00448681361957881,-2.85601567284743e-07,-1.53685808168547e-06,4.8944839274867e-06,-0.00390570323135719,-1.00911847589202e-06,-5.96959264242969e-07,1.63678255571398e-06,-0.00363407148582517,2.06331575114405e-06,-3.34080398900483e-08,1.94265341768585e-06,-7.69652941379206e-07,-1.11335618058206e-07,2.55320306230544e-06,3.03720501193538e-07,3.80191070892266e-06,-1.05864243860054e-06,-0.00356122862850228,-9.66290887305377e-07,4.50201963353436e-06,-4.24354867245569e-06,-7.69652941379206e-07,-5.43918136308719e-07,-1.6848761470456e-06,-3.1591614453319e-06,1.04892504904086e-06,-4.06885465764617e-07,-9.66290887305377e-07,-1.39159006717904e-06,3.03076270835589e-06,-0.00145262123686507,-5.43918136308719e-07,-9.66290887305377e-07,-0.00388148001040189
"8:76403010:T:G",-0.00218534119168545,-0.00164537742557336,-8.60011002847827e-05,-5.23376440408896e-06,-0.00379448605379373,2.36761560925558e-05,-0.000225451855435654,-8.95121432451518e-05,-0.00222931833678519,-0.000271722777528183,-7.57802944413299e-05,-0.000204101964633274,-0.000279358689888376,-3.51217976133356e-05,-0.00334529543933204,-0.00134823564837028,-0.0016051897420466,-0.000583353533506248,-0.000598257718083417,-0.00269901275169904,-0.000267891806896792,-0.00182873712417209,-0.00273110679524091,-0.00301484714370659,-0.00532202887492517,-8.95121432451518e-05,2.36761560925558e-05,-0.000134627493716621,-0.00148541346959696,5.48715957888746e-05,-0.00162868256547011,-0.000220124273480948,-0.00532202887492517,-0.000101399666129431,-0.00148541346959696,-0.000391765544716094,-0.00222128465504934,-0.00134823564837028,-0.00167967605836861,-0.00535395715761577,0.00271459948199215,-0.00152773816036955,-2.59830893956092e-06,0.121174339579846,-0.00490744924804032,-6.28406075291466e-05,-0.00198535828570456,-0.00190500782904923,-0.00152773816036955,-0.0036757516938577,-0.00165205918959721,-0.00163965619928064,-0.000173249670284648,0.000536656828389326,5.48715957888746e-05,-0.0048813845963136,-0.0023639677013092,-5.23376440408896e-06,-0.00133358220428459,-0.00171763499237443,-6.28406075291466e-05,-0.00164537742557336,-0.00448101339484275,2.08886468291425e-05,-2.77528898839918e-05,7.26600853777626e-05,-0.000137054534317116,-0.000962003597956951,-5.02624383358352e-06,-0.0018220250280212,-3.22282768312476e-05,-5.23376440408896e-06,-0.00309910287188941,-0.00231946542441186,-0.00179979698415078,-0.0010065401520043,-0.000173242374403415,-0.00142645348473458,-0.000809370572656398,-0.00131140107562278,-3.22282768303594e-05,-0.00366046169766943,-6.92156404555888e-05,-0.00157485823145276,4.49708250958025e-05,-0.00257296067392598,-0.00142645348473458,-5.98618134040052e-05,-0.000667469962040812,2.36761560925558e-05,-0.00366046169766943,-0.00142645348473458,-0.00317439783612095
"8:76404158:C:A",-0.00608748753650667,-0.00182315855378201,-0.00259555729335359,5.47382001592212e-06,-0.00955910363204948,0.000133690328024016,-0.013432710253074,-0.00281441868030186,-0.00591324241550995,-0.00187280292924896,-0.0005163136865729,-0.00808373806924267,-0.00454457244008788,4.2327647431506e-06,-0.00719933360083136,-0.00306635596648119,-0.00365133781101079,-0.0111755131948206,-0.00535076398827528,-0.00505233370610281,-0.00216276801052206,-0.00502028872230209,-0.00689012082474072,-0.00211941360449597,-0.00498752733802288,-0.00112189874897561,-0.00150955985436152,-0.00303998136234007,-0.00115745491866237,-0.00252514807535054,-0.00346850083847228,-5.89433997921773e-06,-0.00498752733802288,-0.00432899848907109,-0.00115745491866237,-0.00298621152629241,-0.000922912430169731,-0.00195311774107498,-0.00015382889540172,-0.00273000693183523,-0.00490744924804032,-0.00184280946489679,2.08508803467566e-06,-0.00490744924804032,0.250515627862995,-0.00111643754772039,-0.00106151882946515,-0.011085919911352,-0.00184280946489679,-0.0011929105089763,-0.000194848830505023,-0.00104168057235476,0.000240123336944453,-0.00695541292370683,-0.00252514807535054,-0.000626796850077938,-1.64555962145485e-05,-5.27545488457903e-05,-0.000504393049991947,-0.00490209752886628,-0.00111643754772039,-0.00111181805320104,-0.00731144476182966,-0.00748992314703179,-0.00011632160531283,-0.00412866380512078,-0.00175172226064113,-0.00216032998680449,-0.00300572205652117,0.000214133338062084,-0.00546973676535156,-5.27545488457903e-05,-0.00323528896199932,-0.000331554920351529,0.000532518284633188,8.51260663905506e-05,-0.00206072266265389,-0.00363190746959141,0.000476519478051163,-0.00106725902199978,-0.00022734580487338,0.000171179243873887,-0.00321749672140204,-0.00185517197593565,-0.000864379527093284,-9.88464150282198e-05,-0.00363190746959141,0.000145166252817575,-0.000937239671898737,-0.00150955985436152,0.000171179243873887,-0.00363190746959141,-0.00193734175839833
"8:76409791:C:T",0.000115929781113522,-1.6227227409793e-05,-5.07710427504193e-05,-3.0918953148884e-06,-2.99678110238233e-06,1.48369395649439e-05,-0.000156402037978509,-5.27198815083452e-05,0.000116869069367809,-7.485263164142e-05,-4.50668979912194e-05,-0.000140818877421012,-0.00248869682561814,-2.12256641871633e-05,-4.26515767619762e-05,-7.42744678765561e-05,0.000318427682933553,-0.000852499275414864,-5.66914399682261e-05,2.98559069520365e-05,-9.61181464163019e-05,-0.00110545243779558,-3.53453022245986e-05,-0.000128083815889468,-0.00106695775209165,-5.27198815083452e-05,1.48369395649439e-05,-0.000139123947174191,-6.9658123390326e-05,-0.00114560732965341,-0.00648464283956329,-3.79802304149024e-05,-0.00106695775209165,-6.00539304391745e-05,-6.9658123390326e-05,-5.62094439437999e-05,7.23206895676398e-05,-7.42744678765561e-05,-1.80280001700339e-05,-0.00108287631019444,-6.28406075291466e-05,-3.53453022245986e-05,-1.53685808168547e-06,-6.28406075291466e-05,-0.00111643754772039,0.0288148700011686,8.20242380932257e-05,7.36748835006296e-06,-3.53453022245986e-05,-4.13785014012902e-05,-1.45144065939462e-05,-0.000595625553222234,-8.01306680688896e-05,-4.49093397989486e-05,-0.00114560732965341,-0.00110584482295195,2.66452802843986e-06,-0.00128893251671958,-3.16847969452638e-05,-7.8693623493109e-06,0.0017186194818315,-1.6227227409793e-05,-0.00242098653263412,-2.69679351969643e-05,-1.6227227409793e-05,4.63402151753556e-05,-6.37730007850834e-05,-0.00112334448195028,-2.21586866810952e-06,5.55195148592702e-05,-1.95546078778364e-05,-0.00128893251671958,7.71462687083613e-05,7.36748835006296e-06,-0.00119662233028706,-0.000962100027854795,-8.04629768209608e-05,-2.46281179734353e-05,0.000176908989556246,-9.63672176679253e-05,-1.95546078769482e-05,-1.61780504193132e-05,-4.13785014012902e-05,-0.00078608936872282,2.84777748458254e-05,-1.11513899581084e-05,-2.46281179734353e-05,-3.53453022245986e-05,9.58298553630499e-05,1.48369395649439e-05,-1.61780504193132e-05,-2.46281179734353e-05,-0.000957930336547008
"8:76411016:A:G",-0.00268732415820772,-0.00232640544763907,-0.00193072248227111,-0.0021869580864049,-0.00100850158890342,-0.0049961408453667,-0.00468619238352375,3.33969337811268e-05,-0.00263978844651103,0.000158450844542024,-0.00640812164949001,0.000147285642537298,7.78125181835065e-05,-0.00285932442679826,-0.00121115142531991,-0.00180789620587873,0.000199097690757988,-0.00806823649171395,-0.00194221558125296,0.000847025005887403,-0.00304366899938202,-0.00489459764731759,7.01618696226092e-05,0.000118141092270818,-0.00112168937128621,3.33969337811268e-05,-0.00127262694508268,0.000165302361146757,-0.000209420402556226,-0.00311395373228152,-4.14273253088737e-05,-0.00164830280750117,-0.00112168937128621,-0.000345831039445521,-0.000209420402556226,0.000120604924866541,-0.000341176824198541,-5.64144239492137e-05,-2.43835147335503e-05,-0.00119555519012993,-0.00198535828570456,-3.98208762248942e-05,2.71751257407971e-06,-0.00198535828570456,-0.00106151882946515,8.20242380932257e-05,0.156674193337862,-0.00162776774554718,-3.98208762248942e-05,8.8247845663858e-05,-0.00233855265269778,-0.00438417396753188,-0.00167216669694081,-0.00408066578735511,-0.00311395373228152,-0.00208959017300936,-6.75122159599084e-05,-0.00737666533933634,-0.00215974740497948,1.38707253078962e-05,8.20242380932257e-05,-6.70512961962189e-05,-0.000261599129409262,-0.000401263893943238,-0.00232640544763907,-0.000903349396162767,-0.00177449102898564,-0.00279925772126077,-0.00750867159531232,-0.00627876179534592,4.27236025855038e-05,-0.00737666533933634,-0.000193138893839873,-0.00162776774554718,-0.0020868544343311,-0.00338750254667808,-0.00182484457065524,5.15896456851905e-05,-0.004773931205591,-0.000349634393195686,4.27236025855038e-05,-0.000167410078573127,-0.00167397582095763,-0.0020345187889621,-0.00126858516055073,-0.00180937978477758,5.15896456851905e-05,-0.00213528631460491,-0.000105243976038061,-0.00127262694508268,-0.000167410078573127,5.15896456851905e-05,-0.00715653239038794
"8:76412137:T:C",-0.00301781873807538,3.10147169280128e-06,9.42386529700912e-06,6.08901212117985e-07,-2.06799791548917e-05,-3.37099867842028e-06,-0.000228527249362287,-0.00233461449390404,-0.00306318738023847,1.31972905252908e-05,8.53934713163085e-06,1.95447989304043e-05,-0.00418490132418547,4.2875859094238e-06,-5.77663821843544e-06,1.29558810613162e-05,1.58778513519309e-05,-0.000179381491211217,1.03118373644406e-05,-7.03390061218556e-06,1.50431275880436e-05,-5.05693216297232e-05,6.72855700489805e-06,-0.004286872079593,-0.0111262881427141,9.71953940887005e-06,-3.37099867842028e-06,-0.00345414721299697,-0.00215857243284479,-0.0025601664227235,5.67840561771504e-06,6.58934168473735e-06,-0.0111262881427141,1.09988435017527e-05,-0.00215857243284479,1.04394501585503e-05,-0.00197266598393497,1.29558810613162e-05,3.1120342667279e-06,-0.0109491783327869,-0.00190500782904923,6.72855700489805e-06,3.03720501193538e-07,-0.00190500782904923,-0.011085919911352,7.36748835006296e-06,-0.00162776774554718,0.116390264495667,6.72855700489805e-06,7.95220988525358e-06,2.78506739803674e-06,1.12018108566758e-05,1.33232063275202e-05,-0.00201281321064251,-0.0025601664227235,-0.0112433102813005,-8.59287480281523e-07,6.08901212117985e-07,6.11257052440806e-06,-0.00232943619536208,7.36748835006296e-06,3.10147169280128e-06,-0.0033602905800354,-0.00211777957621972,3.10147169280128e-06,-1.13083587693907e-05,1.11149877470851e-05,-0.00164842480991467,1.1110580100393e-07,-0.00141857476847917,3.98706449278308e-06,6.08901212117985e-07,-2.02089786220938e-05,-1.81421606360033e-06,-0.00142427975391035,5.18220232503808e-06,1.35711193856025e-05,-0.00200767010293479,-0.000618822998251112,1.57989885440912e-05,3.98706449367126e-06,2.77218822475334e-06,7.95220988525358e-06,-0.00216999330093337,-6.72451358596504e-06,2.1563180432338e-06,-0.00200767010293479,6.72855700489805e-06,-0.000337351031155286,-3.37099867842028e-06,2.77218822475334e-06,-0.00200767010293479,1.42268041081195e-06
"8:76412513:C:T",9.62399491690746e-05,-1.48771001047265e-05,-0.00330316084949889,-0.00277760485144452,-0.0036810482355758,1.3361459243022e-05,-0.00546941995746719,-4.98489114093559e-05,9.69116630251676e-05,-7.1915967109426e-05,-4.23788291854521e-05,-0.000133884099761339,-0.000374134064507814,-0.00445216911787583,-0.00391577096684692,-0.00313290933383836,-9.34556664491382e-05,-0.00113131736351235,-0.00158688303337406,2.65757899411412e-05,-0.00154825435660477,2.83708313126851e-05,-3.29717430540555e-05,-0.00333705383785077,-0.000623645208239765,-4.98489114093559e-05,-0.000349950309261438,-7.60687511123237e-05,-0.000961292663828495,3.23277094782526e-05,8.91921947792085e-05,-0.00035782021117825,-0.000623645208239765,-5.70978484635276e-05,-0.000961292663828495,-5.32978927241246e-05,-0.00197360297429583,-0.00313288448761462,-0.00476916268061878,-0.000638206520557905,-0.00152773816036955,0.000248458487206449,-2.09554992469663e-06,-0.00152773816036955,-0.00184280946489679,-3.53453022245986e-05,-3.98208762248942e-05,6.72855700489805e-06,0.0854730083250126,-3.88098238808254e-05,-1.32876495371193e-05,-5.98618134048934e-05,-0.00361391715366643,-0.00161518652147041,3.23277094782526e-05,-0.00181438782850618,2.50756019326559e-06,-2.80335034918977e-06,-0.00605519671654964,-7.16395971611661e-06,-3.53453022245986e-05,-0.00181287907146999,-0.00234849527965375,-0.00169987954019835,-1.48771001047265e-05,4.0697713772353e-05,-0.00167528612664025,-0.000474580453687423,-1.90920633880154e-06,-0.000113797042557984,-1.80468915891296e-05,-2.80335034918977e-06,-0.000473600568313692,6.72855700489805e-06,-0.00107455335088202,-2.74437642735492e-05,-0.00161813130288113,-2.28009595888423e-05,-0.000644141996573033,-9.40133113012109e-05,-1.80468915882415e-05,0.000179886257181572,-0.00348012421891486,-7.1342705536992e-05,2.5390065829356e-05,-1.01799920289025e-05,-2.28009595888423e-05,-3.29717430540555e-05,-0.000568703219271605,-0.000349950309261438,0.000179886257181572,-2.28009595888423e-05,-0.00187605652141798
"8:76414010:T:A",-0.00196984859376581,-1.7829919945811e-05,-5.57851329974213e-05,-3.39048759556704e-06,-0.00312903182285496,1.61181202766869e-05,-0.00057254016018593,-5.79505975357719e-05,0.000125196952766693,-8.23587027971584e-05,-4.94538724780114e-05,-0.000157310227179686,-0.000105989054083544,-2.32147307421826e-05,-0.00331108733185204,-8.18397587085684e-05,-0.000105768538719353,-0.000442568421062717,-6.23673464499319e-05,3.23716817822728e-05,-0.000106868584053288,3.39311217736338e-05,-3.88098238808254e-05,0.000165632262091542,-0.00112979777083844,-5.79505975357719e-05,1.61181202766869e-05,-8.69327497001748e-05,-0.00334403156094165,3.89725069451785e-05,-3.3844817553863e-05,-4.20290334206541e-05,-0.00112979777083844,-6.59816364070309e-05,-0.00334403156094165,-6.17052639553251e-05,7.78111920780589e-05,-8.18397587085684e-05,-1.99529841617974e-05,-0.00119054069780411,-0.0036757516938577,-3.88098238808254e-05,-1.6848761470456e-06,-0.0036757516938577,-0.0011929105089763,-4.13785014012902e-05,8.8247845663858e-05,7.95220988525358e-06,-3.88098238808254e-05,0.0555437861331409,-1.59437907267801e-05,-6.9215640456477e-05,-8.86997940563461e-05,-0.00352982729005014,3.89725069451785e-05,-0.00114463098262885,2.80097211113883e-06,-3.39048759556704e-06,-3.4760580689408e-05,-8.63561512787214e-06,-4.13785014012902e-05,-1.7829919945811e-05,-0.00739919345185935,-0.00339605194786685,-1.7829919945811e-05,5.01475600342971e-05,-7.04035082179644e-05,-0.00286042272708986,-2.55256731485076e-06,5.99582824269973e-05,-2.13733578782183e-05,-3.39048759556704e-06,8.31380713437468e-05,7.95220988525358e-06,-0.000348092349886642,-0.00318368535364844,-8.89074017607072e-05,-2.6966789422822e-05,0.000188025146449888,-0.000106455754792734,-2.13733578782183e-05,-1.79128607227241e-05,-4.53654902701217e-05,-0.00127162728407715,3.08722657784699e-05,-1.22433301310565e-05,-2.6966789422822e-05,-3.88098238808254e-05,0.000103033062575975,1.61181202766869e-05,-1.79128607227241e-05,-2.6966789422822e-05,-0.00314079330632389
"8:76415603:A:G",-0.00266348927533144,4.61191735521282e-05,-1.97466234617139e-05,-1.07424184125904e-06,-4.77877534876825e-07,5.25039110321757e-06,-0.000443544230510629,-2.05490807712039e-05,-0.00270849468593415,-0.000515382219661298,-1.74243560993048e-05,-0.00236472203586047,-0.000470978212965711,-7.89574087001199e-06,-0.00191842306999934,-3.00162277353522e-05,-0.0007023486652038,-0.000416711014044946,-0.00171446295225941,1.02661282062044e-05,-2.92174742364537e-05,-0.00220609300742147,-0.00182160384602525,-0.000835435177308774,-0.000177503145174285,-2.05490807712039e-05,5.25039110321757e-06,-3.23469062637471e-05,-0.00190652695490812,-0.00224931971925102,-1.12033341785889e-05,-7.41631758405248e-06,-0.000177503145174285,-2.38801242673503e-05,-0.00190652695490812,-0.000659288049043028,-0.00188927434027164,-3.00162277353522e-05,-6.11487221835461e-06,-0.000154731507619577,-0.00165205918959721,-1.32876495371193e-05,-5.32480716408656e-07,-0.00165205918959721,-0.000194848830505023,-1.45144065939462e-05,-0.00233855265269778,2.78506739803674e-06,-1.32876495371193e-05,-1.59437907267801e-05,0.0577702999881118,-2.47903099737101e-05,-2.35928025338339e-05,-0.00174937522608509,-0.00224931971925102,-0.000217682520015305,-0.00212923634640827,-1.07424184125904e-06,-1.18663469566016e-05,-2.75741018462838e-06,-1.45144065939462e-05,-5.76987027578468e-06,-3.04501805636903e-06,-0.00184391767069503,-5.76987027578468e-06,1.53944651231086e-05,-2.16128871981525e-05,-0.00122552257221908,-0.00195237398083492,1.82277611733284e-05,-7.27380374332398e-06,-1.07424184125904e-06,2.40193039928727e-05,-0.00225225073678548,-0.00318177654235408,-0.004288601110785,-3.62525273880365e-05,-9.1726840203421e-06,4.24103726386349e-05,-4.03078671782353e-05,-7.27380374332398e-06,-6.81255942405201e-05,-1.59437907267801e-05,-3.00162277353522e-05,9.84497159262077e-06,-0.00199777217388331,-9.1726840203421e-06,-1.32876495371193e-05,2.85345892532263e-05,5.25039110321757e-06,-6.81255942405201e-05,-9.1726840203421e-06,-0.000410455544755273
"8:76416789:G:A",-0.00216848533163105,-2.77528898839918e-05,-0.00136732318702748,-5.23376440320078e-06,-0.00100037490377858,-0.000573795160553559,9.97874421804212e-06,-8.95121432451518e-05,-0.0022124624767299,-0.000127080786749723,-0.00212455958986624,-0.000350762562283613,-0.00171449839111837,-3.51217976133356e-05,-0.00120444375923157,-0.00133137978831499,-0.000469040482406591,-4.13481471412958e-05,-9.66974106173524e-05,4.72202203267713e-05,-0.00610982364621204,-0.00181188126411591,-0.00320362425617482,-0.00154116631046897,-0.000918542474830808,-8.95121432451518e-05,2.36761560925558e-05,-0.000134627493715733,-0.0011464453871799,-0.00184950803207062,-5.31614445398176e-05,-0.0025383648233035,-0.000918542474830808,-0.000101399666128543,-0.0011464453871799,-9.44523174934986e-05,-0.00172847079062954,-0.000127419246478411,-0.000100139313853553,-0.00103553379054988,-0.00163965619928064,-5.98618134048934e-05,-2.59830893867274e-06,-0.00163965619928064,-0.00104168057235476,-0.000595625553222234,-0.00438417396753188,1.12018108566758e-05,-5.98618134048934e-05,-6.9215640456477e-05,-2.47903099737101e-05,0.0949921660040807,-0.00272482108658245,-0.0014534847030836,-0.00184950803207062,-0.000950708174193515,3.26941777029077e-06,-7.14913673132145e-05,-0.00303187022386631,-0.00264303283125233,-0.000595625553222234,-2.77528898839918e-05,-0.00367682638426547,-0.0012907037156964,-0.00019017411151534,7.26600853768744e-05,-0.00276599824060142,-0.00182002178852692,-0.000159579247803521,8.60656279479954e-05,-3.22282768303594e-05,-7.14913673132145e-05,0.000118578173353256,1.12018108566758e-05,-0.00251208969346184,-5.29053091726794e-05,-0.0028802929884737,-0.00307215420246632,-0.00212628922296343,-0.000167204172454305,0.00101146238107042,-0.00173772073864153,-0.00107999790512281,-0.000127419246478411,4.49708250940262e-05,-1.89962790102527e-05,-0.00307215420246632,-6.28905023765114e-05,0.000145709190167764,2.36761560925558e-05,-0.00173772073864153,-0.00307215420246632,-0.00242047599164152
"8:76419046:C:A",-0.000329214917320186,-2.73419315064416e-05,-0.00342302899569535,-0.00743774017334431,-0.000284170117875959,2.89874739181073e-05,-0.00227061169844545,-0.00163644918539863,-0.000302421690183685,-0.000245743010861332,-9.75773116236311e-05,-0.0077013730168094,-0.000652972342483515,-0.00903599886130557,-0.000190928853259109,-0.00614829555964924,0.00014937810336324,-0.00154873520447474,-0.000149521846415368,-0.00599147107852716,-0.00684451685066367,-0.00416610597773648,-7.35551168355997e-05,4.55120933740005e-06,-1.72700029303918e-05,-0.00163644918539863,-0.00512610417377068,-0.00117179743741769,-0.000117140668281834,-0.000145280192176855,-0.0019427365960123,-0.00379826825817631,-1.72700029303918e-05,-0.000131301185363419,-0.000117140668281834,-0.00046335027228217,0.000113780863730817,-0.00690326826284604,-0.000509857658613555,-2.78741679857752e-05,-0.000173249670284648,-0.00361391715366643,-0.00369141315758004,-0.000173249670284648,0.000240123336944453,-8.01306680688896e-05,-0.00167216669694081,1.33232063275202e-05,-0.00361391715366643,-8.86997940563461e-05,-2.35928025338339e-05,-0.00272482108658245,0.155036606114927,-0.000227922765605015,-0.000145280192176855,0.000242677304873595,-1.81974423885123e-06,-6.68096633393844e-06,-0.00273085829705266,-0.000504716910278979,-8.01306680688896e-05,-0.00389813911100489,-0.000104987282316671,-0.000289140268187715,-0.000815359534061422,-0.000693491540246782,-0.00351677082047885,-0.00544049440535943,-0.000363954879424533,-0.00151447750452327,0.000151551744448142,-6.68096633393844e-06,-0.00111699633902518,-0.00056541031459556,-0.00516931968753953,-0.000170036700446019,-0.003605990155509,-0.000174405869698191,0.000271291604424739,-0.00156419833617072,-4.06626362678963e-05,-0.00430835716492695,-0.00131815397234725,-0.000161890991384084,-0.000416211356513152,-0.000845839070959364,-0.000174405869698191,-0.00102739337663404,0.000168187857843449,-0.00512610417377068,-0.00430835716492695,-0.000174405869698191,-0.00927337358778768
"8:76421624:A:G",-0.00234619098409539,-0.00174184041509573,-6.13042288621912e-05,-3.59215279743808e-06,-0.00212847086692936,1.67469378036245e-05,-0.000523290645520813,-6.38000492898527e-05,-0.00239065736470234,-0.000341265523450929,-5.40542328204552e-05,-0.000229032174975607,-0.000126786828198888,-2.48829028492992e-05,-0.00166208560425485,-0.00141756675682014,-0.00154247953145514,-0.00109071280415662,-0.000781080173276827,-0.00281771306783618,-0.00031400919408231,-0.00194740856650366,-0.00258698377506139,-0.00316786318985152,-0.00739227691085675,-6.38000492898527e-05,1.67469378036245e-05,-9.73850762173711e-05,-0.00366234266445797,3.98044851221968e-05,-0.00171791316362047,-0.000294413836016361,-0.00739227691085675,-7.28892858790076e-05,-0.00366234266445797,-0.000469905573795337,-0.00194182284268329,-0.00141756675682014,-0.00177473389643801,-0.00740192083328228,0.000536656828389326,-0.00161518652147041,-1.78241002490864e-06,0.000536656828389326,-0.00695541292370683,-4.49093397989486e-05,-0.00408066578735511,-0.00201281321064251,-0.00161518652147041,-0.00352982729005014,-0.00174937522608509,-0.0014534847030836,-0.000227922765605015,0.139294831992361,3.98044851221968e-05,-0.00551154441898749,-0.00223784485842504,-3.59215279743808e-06,-0.00142284123501035,-0.00181825889053844,-4.49093397989486e-05,-0.00174184041509573,-0.00350277902037899,0.000261565182446688,-1.91299541745238e-05,5.07251026231614e-05,-8.66621582522598e-05,-0.000979380154760179,-2.79297963068359e-06,-0.00374436028217673,-2.28678389948556e-05,-3.59215279743808e-06,-0.00324077522263,-0.0021960082687027,-0.00222220816373619,-0.00134378594286311,-0.000115361240683676,-0.00151920158619578,-0.000769391432950073,-0.00137052807549409,-2.28678389939674e-05,-0.00386559220501947,-4.94100097503392e-05,-0.00164418933990174,3.17134741960601e-05,-0.00244068858160507,-0.00151920158619578,-4.21949808950828e-05,-0.000587071783573201,1.67469378036245e-05,-0.00386559220501947,-0.00151920158619578,-0.00335510509298498
"8:76422633:A:G",-0.00280943776542486,-0.00223850203285636,4.61041668060602e-05,2.77940443282887e-06,-3.85310008859108e-05,-1.64391981662959e-05,-0.00112507553307895,-0.00050275263646693,-0.0028545384633194,-0.00734495533344415,4.1805232586789e-05,-7.20587591951372e-05,-0.00170657082860881,2.07891165358021e-05,7.60739634042551e-06,6.42742210574809e-05,-0.00469404349606517,-0.00135335273440118,-0.00439819237244166,-3.41577372591217e-05,-1.6537400638228e-05,0.00225754862345795,-0.00951491560457729,-0.00706719227220987,-0.00196515540626185,-1.11692986202172e-05,-1.64391981662959e-05,-0.00135972424060782,-0.00056794513181746,0.00234184176363073,-0.000362671563384431,-6.22869373518853e-05,-0.00196515540626185,-0.00138404244919776,-0.00056794513181746,-0.00678925326335911,-0.00111334060609014,6.42742210574809e-05,-0.000737278536871777,-0.00195688607760225,5.48715957888746e-05,3.23277094782526e-05,1.38498095569872e-06,5.48715957888746e-05,-0.00252514807535054,-0.00114560732965341,-0.00311395373228152,-0.0025601664227235,3.23277094782526e-05,3.89725069451785e-05,-0.00224931971925102,-0.00184950803207062,-0.000145280192176855,3.98044851221968e-05,0.103962241281054,-0.00253918221954352,-5.11681802617403e-06,2.77940443282887e-06,-4.93089666937507e-05,7.01970249039618e-06,-0.00114560732965341,1.42787926327159e-05,-0.000415459505820337,2.3309153209361e-05,-0.00083636798424358,-0.000920225051256551,-0.000261202637307001,-0.00133544677602249,-0.00183511397101821,-6.84972918412186e-05,1.93841782802906e-05,2.77940443282887e-06,-0.000974792050389972,-9.44228917898471e-06,-0.000508812329556463,0.000467376145180332,-0.000384282256568724,2.36240213817851e-05,-0.000652496437526295,-1.83358761498553e-05,1.93841782802906e-05,-6.57163730712895e-05,-0.00290200029748711,-0.000546831193874553,-0.000306170062416733,-0.00227888919668384,2.36240213817851e-05,-0.000658964239485194,-0.000123562151982171,-1.64391981662959e-05,-6.57163730712895e-05,2.36240213817851e-05,-0.0125315002366095
"8:76422757:A:G",-0.00607609822241661,-0.0018297324544041,-0.00251390268109164,4.62402845169407e-06,-0.00949362950784938,0.000119092132277565,-0.0130133573910194,-0.00290182919071302,-0.0059059989564556,-0.00192225138958335,-0.000533027846143952,-0.00793302252544281,-0.00427394883228294,3.38297317892255e-06,-0.00713511486317175,-0.00295205254970954,-0.00361750484025869,-0.0109458668052165,-0.00543953088225457,-0.00512552377312492,-0.00201307254352168,-0.00509286324093416,-0.00681688670873726,-0.00217071889063192,-0.00298420185378045,-0.00117345366832655,-0.00149392721056874,-0.00301259749354355,-0.00109586823418883,-0.00253918221954352,-0.00347245463409562,1.61216484046989e-05,-0.00298420185378045,-0.00436560962424881,-0.00109586823418883,-0.00303565998662769,-0.00111083449158356,-0.00194255209441208,-0.000127764243674555,-0.00458822562898398,-0.0048813845963136,-0.00181438782850618,2.08508803556384e-06,-0.0048813845963136,-0.000626796850077938,-0.00110584482295195,-0.00208959017300936,-0.0112433102813005,-0.00181438782850618,-0.00114463098262885,-0.000217682520015305,-0.000950708174193515,0.000242677304873595,-0.00551154441898749,-0.00253918221954352,0.245320911431225,-1.21494661811106e-05,-4.43316947569272e-05,-0.000541077694167225,-0.00500641442770267,-0.00110584482295195,-0.00108339641681043,-0.00674040772800799,-0.00613938931801394,-0.000104218471837392,-0.00408093217549776,-0.00178192889202355,-0.00210607649354166,-0.00288228762349352,0.00010924191685957,-0.00550260467944064,-4.43316947569272e-05,-0.00326258083271558,-0.000299887426755241,0.000272740573139529,0.000108567755861433,-0.00209092929403809,-0.0037165814922604,0.000408136932841696,-0.00110819501362469,-0.000200367601371987,0.000176306625810696,-0.00312932446657577,-0.00179162444490277,-0.00083332772960798,-8.40609358148114e-05,-0.0037165814922604,0.000139750306518582,-0.000939445593060029,-0.00149392721056874,0.000176306625810696,-0.0037165814922604,-0.00199196785942979
"8:76428239:T:A",-2.30037193267307e-05,-0.00211971606851691,-0.00179912545641514,2.77816030624933e-07,-0.0018838201737239,-1.66318725103309e-06,-0.0100773418579712,-0.00237762360071869,-2.32318813973009e-05,3.25545741830524e-06,2.92345498564828e-06,-2.56649867935721e-06,-0.00700681058518526,1.74655340856589e-06,-0.00202040778637347,-0.00172267678781335,2.7241206410622e-06,-0.0104252667178724,3.19538535986652e-06,-0.001682890866606,-0.00167409956560416,-4.46253944552666e-06,2.50756019326559e-06,-0.00183899144924382,-6.26267235404043e-06,-0.00237762360071869,-1.66318725103309e-06,3.20344258941674e-06,-0.00202143456755355,-5.11681802617403e-06,2.21484524232096e-06,-6.58718083901277e-06,-6.26267235404043e-06,3.25475764473282e-06,-0.00202143456755355,3.20611666548842e-06,-0.00237193080452869,3.27051581994198e-06,1.33842589100652e-06,-1.28575133810926e-05,-0.0023639677013092,2.50756019326559e-06,1.39636072482574e-07,-0.0023639677013092,-1.64555962145485e-05,2.66452802843986e-06,-6.75122159599084e-05,-8.59287480281523e-07,2.50756019326559e-06,2.80097211113883e-06,-0.00212923634640827,3.26941777029077e-06,-1.81974423885123e-06,-0.00223784485842504,-5.11681802617403e-06,-1.21494661811106e-05,0.0986008857973721,2.77816030624933e-07,2.33488015854988e-06,-0.00213142416381995,2.66452802843986e-06,1.32058991031414e-06,-0.00426721999056179,-0.00212426683966083,1.32058991031414e-06,-6.3358266402247e-06,-0.000695303755469112,-2.68149395505901e-05,6.70405153613274e-08,-0.00144818302062255,1.63949465203928e-06,2.77816030624933e-07,-1.24929649762962e-05,-1.06390914034193e-05,-0.000354165870357637,2.07080854419672e-06,-0.000791967693325013,-0.00253151817828989,-0.000640074518573286,-0.00255560325531956,1.63949465292745e-06,-0.00223000320621569,-0.00152762444110977,3.27051582171833e-06,-3.52039672613103e-06,-0.00205080978965988,-0.00253151817828989,2.50756019326559e-06,-0.000363391095612897,-1.66318725103309e-06,-0.00223000320621569,-0.00253151817828989,-0.00488742120788199
"8:76429187:T:C",7.09224924033691e-06,-1.20435531059115e-06,-4.18383548694834e-06,-2.24571349072278e-07,-2.56295447087496e-08,-0.00203692757812579,-0.0022549225474453,-4.3510528824342e-06,7.12687402248946e-06,-6.50440214489123e-06,-0.00429948533885316,-1.26608208494972e-05,-8.11967462421848e-06,-1.67850808363568e-06,-3.29995533299154e-06,-6.36029873213317e-06,-0.00106889359834206,-0.00732272960700886,-4.69458785001819e-06,2.19665372824807e-06,-0.00255488906628987,2.49664291729346e-06,-2.80335034918977e-06,-1.14873748211508e-05,-4.25895370383955e-05,-4.3510528824342e-06,1.12371728366867e-06,-6.88406915205775e-06,-5.61022919676191e-06,2.77940443282887e-06,-2.33449374409389e-06,-2.80348789694074e-06,-4.25895370383955e-05,-5.0809618699077e-06,-5.61022919676191e-06,-4.74322883015077e-06,4.99095998307553e-06,-6.36029873213317e-06,-1.24201615481212e-06,-5.27545488466785e-05,-5.23376440408896e-06,-2.80335034918977e-06,-1.11335618058206e-07,-5.23376440408896e-06,-5.27545488457903e-05,-0.00128893251671958,-0.00737666533933634,6.08901212117985e-07,-2.80335034918977e-06,-3.39048759556704e-06,-1.07424184125904e-06,-7.14913673132145e-05,-6.68096633393844e-06,-3.59215279743808e-06,2.77940443282887e-06,-4.43316947569272e-05,2.77816030624933e-07,0.0352664369926945,-2.50717377969778e-06,-5.76120484652165e-07,-0.00128893251671958,-1.20435531059115e-06,1.59383841680238e-06,-2.03622692840355e-06,-1.20435531059115e-06,3.29129625331603e-06,-5.21077658532931e-06,4.13614205019286e-06,-7.14034715798562e-08,3.90524033111461e-06,-1.5485391680059e-06,9.84416599614235e-06,5.13420921599561e-06,6.08901212117985e-07,-8.42994032526079e-05,-2.14154777200548e-06,-6.82754893155391e-06,-1.94521041141371e-06,-0.00525348823887128,-8.54318456866565e-06,-1.54853916711772e-06,-1.10198567959685e-06,-3.39048759556704e-06,-6.36029873213317e-06,2.10868806149733e-06,-8.20818850222338e-07,-1.94521041141371e-06,-2.80335034918977e-06,6.09510787974443e-06,1.12371728366867e-06,-1.10198567959685e-06,-1.94521041141371e-06,-6.9770956567794e-07
"8:76431772:G:A",-0.0018822068928932,-1.32828783945271e-05,-0.00305135581498828,-0.00303132078478541,-5.14625818057723e-05,1.20586407756917e-05,-0.00690638881818773,-0.00135804185455957,-0.0018561022774346,-6.42549600513576e-05,-0.00375053347135523,-0.0014201606829074,-0.00164166082595241,-0.00375846954514714,-7.75545986586579e-05,-0.00312367201316999,-8.33366684549475e-05,-0.0117233268125405,-4.80050323057313e-05,2.40215174134306e-05,-0.00888855481211781,-4.54336417092804e-05,-0.00149096015812056,-0.00143886504521973,-0.00143932807694069,-0.00135804185455957,-0.00206202535915434,-6.79187387442326e-05,-0.00153110936815626,-4.93089666937507e-05,-0.00561615696342521,-0.00258189031591982,-0.00143932807694069,-0.000850729174586284,-0.00153110936815626,-4.7699080941932e-05,-0.00388160583200836,-0.00665545212600449,-0.00222964184194474,-0.00138358850811704,-0.00133358220428459,-0.00605519671654964,-0.00448681361957881,-0.00133358220428459,-0.000504393049991947,-3.16847969452638e-05,-0.00215974740497948,6.11257052440806e-06,-0.00605519671654964,-3.4760580689408e-05,-1.18663469566016e-05,-0.00303187022386631,-0.00273085829705266,-0.00142284123501035,-4.93089666937507e-05,-0.000541077694167225,2.33488015854988e-06,-2.50717377969778e-06,0.151977548379505,-6.40312877386862e-06,-3.16847969452638e-05,-0.00573571903715209,-0.00710774210592957,-0.00150925117771283,-1.32828783945271e-05,3.68436677398165e-05,-5.40959821515585e-05,-0.00092393680861047,-0.00160656351550692,4.39751314393888e-05,-1.62030124863932e-05,-2.5071737788096e-06,6.00219419757408e-05,6.11257052440806e-06,-0.00135287148109375,-0.000247765404290057,-6.90879892877305e-05,-2.0437080398672e-05,-0.0010519058149816,-0.00122327587772819,-1.62030124863932e-05,-0.00528786391445646,-3.4760580689408e-05,-6.36436545038421e-05,2.29542955230144e-05,-9.0950130120504e-06,-2.0437080398672e-05,-2.94782895124968e-05,7.34748088317971e-05,-0.00206202535915434,-0.00528786391445646,-2.0437080398672e-05,-0.00024574618568618
"8:76433859:C:T",1.80196174843772e-05,-3.09164916867388e-06,-1.06726385640243e-05,-5.76120484652165e-07,-0.00212563424665024,2.85442108349798e-06,-0.000407405310728137,-1.11021956019641e-05,1.81087316200035e-05,-1.65535530509686e-05,-9.42896301836527e-06,-0.000442728682132021,-0.00224911028821495,-4.27576135386687e-06,-0.00198798160227387,-1.62239850123314e-05,-2.18603615778079e-05,-0.000340287312758036,-0.00255784922171554,5.58044540266422e-06,-0.000575573164171672,6.29123620488059e-06,-7.16395971611661e-06,-0.00178276698149205,-0.00491458739133055,-1.11021956019641e-05,2.85442108349798e-06,-1.75280207095341e-05,-0.00197157613544707,7.01970249039618e-06,-5.9970492918282e-06,-0.000613257661367328,-0.00491458739133055,-1.2938289682296e-05,-0.00197157613544707,-1.20715226259449e-05,-3.43473338926259e-06,-1.62239850123314e-05,-3.22555353005072e-06,-0.0047977463932618,-0.00171763499237443,-7.16395971611661e-06,-2.85601567284743e-07,-0.00171763499237443,-0.00490209752886628,-7.8693623493109e-06,1.38707253078962e-05,-0.00232943619536208,-7.16395971611661e-06,-8.63561512787214e-06,-2.75741018462838e-06,-0.00264303283125233,-0.000504716910278979,-0.00181825889053844,7.01970249039618e-06,-0.00500641442770267,-0.00213142416381995,-5.76120484652165e-07,-6.40312877386862e-06,0.0690496510981067,-7.8693623493109e-06,-3.09164916867388e-06,-0.000672087440512392,-0.00191592448980504,-3.09164916867388e-06,-0.00127385788783219,-0.000446715544849319,1.04098498479033e-05,-2.14497903883171e-07,9.9156672854761e-06,-3.94228513034278e-06,-5.76120484652165e-07,1.30486525984352e-05,1.53309880968067e-06,-0.0020473526217657,-5.542580562512e-06,-0.000380922373072856,-0.0017848666508673,2.30237157596846e-05,-2.17898335961308e-05,-3.94228513034278e-06,-2.86511111369236e-06,-8.63561512787214e-06,-1.62239850132195e-05,-0.0016843075720816,-2.10656857291269e-06,-0.0017848666508673,-7.16395971611661e-06,1.54953118087775e-05,2.85442108349798e-06,-2.86511111369236e-06,-0.0017848666508673,-0.000694217775592421
"8:76438290:C:A",0.000115929781113522,-1.6227227409793e-05,-5.07710427504193e-05,-3.0918953148884e-06,-2.99678110238233e-06,1.48369395649439e-05,-0.000156402037978509,-5.27198815083452e-05,0.000116869069367809,-7.485263164142e-05,-4.50668979912194e-05,-0.000140818877421012,-0.00248869682561814,-2.12256641871633e-05,-4.26515767619762e-05,-7.42744678765561e-05,0.000318427682933553,-0.000852499275414864,-5.66914399682261e-05,2.98559069520365e-05,-9.61181464163019e-05,-0.00110545243779558,-3.53453022245986e-05,-0.000128083815889468,-0.00106695775209165,-5.27198815083452e-05,1.48369395649439e-05,-0.000139123947174191,-6.9658123390326e-05,-0.00114560732965341,-0.00648464283956329,-3.79802304149024e-05,-0.00106695775209165,-6.00539304391745e-05,-6.9658123390326e-05,-5.62094439437999e-05,7.23206895676398e-05,-7.42744678765561e-05,-1.80280001700339e-05,-0.00108287631019444,-6.28406075291466e-05,-3.53453022245986e-05,-1.53685808168547e-06,-6.28406075291466e-05,-0.00111643754772039,0.0017186194818315,8.20242380932257e-05,7.36748835006296e-06,-3.53453022245986e-05,-4.13785014012902e-05,-1.45144065939462e-05,-0.000595625553222234,-8.01306680688896e-05,-4.49093397989486e-05,-0.00114560732965341,-0.00110584482295195,2.66452802843986e-06,-0.00128893251671958,-3.16847969452638e-05,-7.8693623493109e-06,0.0288148700011686,-1.6227227409793e-05,-0.00242098653263412,-2.69679351969643e-05,-1.6227227409793e-05,4.63402151753556e-05,-6.37730007850834e-05,-0.00112334448195028,-2.21586866810952e-06,5.55195148592702e-05,-1.95546078778364e-05,-0.00128893251671958,7.71462687083613e-05,7.36748835006296e-06,-0.00119662233028706,-0.000962100027854795,-8.04629768209608e-05,-2.46281179734353e-05,0.000176908989556246,-9.63672176679253e-05,-1.95546078769482e-05,-1.61780504193132e-05,-4.13785014012902e-05,-0.00078608936872282,2.84777748458254e-05,-1.11513899581084e-05,-2.46281179734353e-05,-3.53453022245986e-05,9.58298553630499e-05,1.48369395649439e-05,-1.61780504193132e-05,-2.46281179734353e-05,-0.000957930336547008
"8:76439353:C:A",3.70450992424054e-05,-6.47021675259651e-06,-0.00359967253689764,-0.00260672399664497,-0.00385320470741313,5.86585363926417e-06,-0.00454105364239021,-2.29947718866086e-05,3.72324518993494e-05,-3.41304771582784e-05,-1.94901843215689e-05,-3.90350582479826e-05,-0.000486103201127186,-0.0042721443152054,-0.00397482844293151,-0.00341796635989855,-4.50895499675141e-05,-0.000599752146033694,-0.00170750401240571,1.14699828479559e-05,-0.0020324799452025,1.2744583034241e-05,-1.48771001047265e-05,-0.00172618226280719,-0.000241316581618634,-2.29947718866086e-05,-0.000188129721491848,-3.61692595838292e-05,-0.000754046090690075,1.42787926327159e-05,5.15461381960236e-05,-0.000498294344356331,-0.000241316581618634,-2.67029232361438e-05,-0.000754046090690075,-2.48897350951793e-05,-0.0021602513595127,-0.00519422204629105,-0.00445477562851426,-0.000255877893937217,-0.00164537742557336,-0.00181287907146999,4.8944839274867e-06,-0.00164537742557336,-0.00111181805320104,-1.6227227409793e-05,-6.70512961962189e-05,3.10147169280128e-06,-0.00181287907146999,-1.7829919945811e-05,-5.76987027578468e-06,-2.77528898839918e-05,-0.00389813911100489,-0.00174184041509573,1.42787926327159e-05,-0.00108339641681043,1.32058991031414e-06,-1.20435531059115e-06,-0.00573571903715209,-3.09164916867388e-06,-1.6227227409793e-05,0.0873529216840039,-0.00307349157994086,-0.00183557733062489,-6.47021675259651e-06,1.72017876058916e-05,-0.00179279391768272,-0.000710025887113552,-5.60392985349267e-07,-0.0001355832304899,-8.13291309587072e-06,-1.20435531059115e-06,-0.000506402879095091,3.10147169280128e-06,-0.00254674915174746,-1.17626349824818e-05,-0.00172720557641259,-1.026202408827e-05,-0.00056466706733449,-4.50986263782482e-05,-8.13291309498254e-06,-1.83372859563491e-05,-0.0033113949923429,-3.35850146173655e-05,1.09977524953564e-05,-4.40671598234132e-06,-1.026202408827e-05,-1.48771001047265e-05,-0.000469721725119499,-0.000188129721491848,-1.83372859563491e-05,-1.026202408827e-05,-0.00201924992970426
"8:76440857:T:C",-0.00304776895541048,-1.66382836486179e-06,-0.00245089231600559,-0.00782358564112684,-0.00685475771360355,-1.75924776550929e-05,-0.000500382127134547,-5.27538689829576e-05,-0.00370528640007262,-0.00230863382456192,-0.000296711690979556,-0.00479169590661543,-0.000413385098410046,-0.0095071849835664,-0.00599653901767683,-0.00164590742731052,-0.00207330548120321,-0.00204954881045616,-0.0048650413037663,-0.000199020232734881,-0.00382173658765117,-0.00107687823946279,-0.00525611836822826,-0.00202179140355874,-0.00733498961970902,-0.000238433571499552,-0.00540844435267118,-0.000375900984443511,-0.00711094098210951,-0.000415459505820337,-0.00166012175712504,-2.92133902308755e-05,-0.00733498961970902,-3.4982062722122e-05,-0.00711094098210951,-0.00321339480298288,-0.00381724721424836,-0.00490220877175007,-0.000355262996334815,-0.00805690176324658,-0.00448101339484275,-0.00234849527965375,-0.00390570323135719,-0.00448101339484275,-0.00731144476182966,-0.00242098653263412,-0.000261599129409262,-0.0033602905800354,-0.00234849527965375,-0.00739919345185935,-3.04501805636903e-06,-0.00367682638426547,-0.000104987282316671,-0.00350277902037899,-0.000415459505820337,-0.00674040772800799,-0.00426721999056179,1.59383841680238e-06,-0.00710774210592957,-0.000672087440512392,-0.00242098653263412,-0.00307349157994086,0.266386632042047,-0.00406051154249054,-0.00141541590123406,-0.00102935821281491,-0.000628533259516395,-0.00516568347362822,-0.00131117495966659,-0.00106489336060145,-0.00536627577804616,1.59383841769056e-06,-0.000650362847970598,-0.00339072972852872,-0.00407681651029446,-0.00389819382068923,-0.000950673804790636,-0.000318499186652055,-0.000539272432951599,-0.000119890482205953,8.15253637931335e-07,-0.00248476340130699,-0.00324626512122084,-0.000250995901400763,-0.000235280841976326,-0.00173303825778959,-0.000318499186652055,-0.000581900177454298,-0.001229233284473,-0.00540844435267029,-0.00248476340130699,-0.000318499186652055,-0.0156317848517413
"8:76440960:G:A",-0.00250537826475306,-0.00183557733062489,-3.69042534895669e-05,-2.03622692840355e-06,-0.001968073088503,9.70558051527348e-06,-0.00223995132392707,-3.8430706941206e-05,-0.00255027301095634,-0.000407567931494768,-3.24905568858114e-05,-0.000261979783955368,-5.99561305838492e-05,-1.47030767640999e-05,-0.0018134773100158,-0.00148408341225092,-0.00148839000735013,-0.00243852963312863,-0.000965404257165403,-0.00293346393621796,-0.000367726767638743,-0.00206452403298929,-0.00245534723107443,-0.000910077892115169,-0.00794548114889171,-3.8430706941206e-05,9.70558051527348e-06,-6.01630876602144e-05,-0.00222836584110109,2.3309153209361e-05,-0.00180481866023907,-0.00037538693202066,-0.00794548114889171,-4.44267938970455e-05,-0.00222836584110109,-0.000544831882057117,-0.0017039390391389,-0.00148408341225092,-0.0018677162965135,-0.00797407430128194,2.08886468291425e-05,-0.00169987954019835,-1.00911847589202e-06,2.08886468291425e-05,-0.00748992314703179,-2.69679351969643e-05,-0.000401263893943238,-0.00211777957621972,-0.00169987954019835,-0.00339605194786685,-0.00184391767069503,-0.0012907037156964,-0.000289140268187715,0.000261565182446688,2.3309153209361e-05,-0.00613938931801394,-0.00212426683966083,-2.03622692840355e-06,-0.00150925117771283,-0.00191592448980504,-2.69679351969643e-05,-0.00183557733062489,-0.00406051154249054,0.134334152333347,-1.09552600395801e-05,2.84904294245436e-05,-4.60604316145918e-05,-0.00107905750730364,-0.00226384823289827,-0.000284778975475852,-1.35237175502567e-05,-2.03622692840355e-06,4.44622109432302e-05,-0.00208495770539585,-0.00227133488400888,-0.00170841886395667,-6.71278525494756e-05,-0.0016089193905735,-0.000742551866957264,-7.53046667405499e-05,-1.35237175493685e-05,-0.00406519284167661,-2.96795550189799e-05,-0.00171070599533429,1.81835505435046e-05,-0.00232079509766692,-0.0016089193905735,-2.49469309085981e-05,-0.000519264796987606,9.70558051527348e-06,-0.00406519284167661,-0.0016089193905735,-0.00358799743648497
"8:76441120:C:T",-0.00139011661374244,-6.47021675259651e-06,-0.00165127534187359,-1.20435531059115e-06,-5.02557599979525e-07,5.86585363926417e-06,1.63028950010968e-05,-2.29947718866086e-05,-0.00145700602408727,-3.41304771582784e-05,-0.00291351457090094,-0.0051706043537072,-4.37262529544569e-05,-8.83021857678301e-06,-1.04322014573555e-05,-0.00158628133461125,-4.50895499675141e-05,2.48845975514556e-06,-2.48452084665729e-05,1.14699828479559e-05,-2.4204866656774e-05,-0.000781988640975229,-0.00237234484963444,-6.11168741526669e-05,-0.00021672449403809,-2.29947718866086e-05,5.86585363926417e-06,-3.61692595838292e-05,-0.00245424483637269,-0.00083636798424358,-1.2566448551965e-05,-0.000682009161653951,-0.00021672449403809,-2.67029232361438e-05,-0.00245424483637269,-2.48897350951793e-05,-0.0021602513595127,-3.35850146173655e-05,-0.00384936189024376,-0.000231626302323651,-2.77528898839918e-05,-1.48771001047265e-05,-5.96959264242969e-07,-2.77528898839918e-05,-0.00011632160531283,-1.6227227409793e-05,-0.00232640544763907,3.10147169280128e-06,-1.48771001047265e-05,-1.7829919945811e-05,-5.76987027578468e-06,-0.00019017411151534,-0.000815359534061422,-1.91299541745238e-05,-0.00083636798424358,-0.000104218471837392,1.32058991031414e-06,-1.20435531059115e-06,-1.32828783945271e-05,-3.09164916867388e-06,-1.6227227409793e-05,-6.47021675259651e-06,-0.00141541590123406,-1.09552600395801e-05,0.0610950366316572,-0.00118623441384091,-2.45047800975229e-05,-0.000820137023776368,-0.00468496458558665,2.03612693416844e-05,-0.0055338693911775,-1.20435531059115e-06,-0.000506402879095091,3.10147169280128e-06,-0.000442481038249731,-0.000568542751858025,-4.00288333350929e-05,-1.026202408827e-05,-0.00478892695469391,-4.50986263782482e-05,-8.13291309498254e-06,-6.12630964003102e-06,-1.7829919945811e-05,-0.00181290391769462,-0.00160012400544041,-4.40671598234132e-06,-1.026202408827e-05,-0.00181287907146999,3.18888930355143e-05,5.86585363926417e-06,-6.12630964003102e-06,-1.026202408827e-05,-0.000395507011069718
"8:76441243:C:T",-0.000696673371201051,1.72017876058916e-05,6.0037862120943e-05,3.29129625331603e-06,-4.44741873995014e-06,-1.92364231388353e-05,-0.00713414247090682,6.20825382169343e-05,-0.000672328272488976,9.0885358283721e-05,5.40385236034169e-05,-0.00107998164775402,0.00010278576921241,2.57817811100125e-05,4.48368808481092e-05,8.75578292998114e-05,0.000115342310901489,-0.00738457106889623,6.6241521603061e-05,-3.89262148567937e-05,-0.000358323041121267,5.51674770310484e-06,4.0697713772353e-05,-0.00369808116782178,-0.0041714384531053,6.20825382169343e-05,-1.92364231388353e-05,9.51684762577898e-05,-0.00109692503052905,-0.000920225051256551,3.24317381714678e-05,-0.000383635223119683,-0.0041714384531053,7.26791276983718e-05,-0.00109692503052905,6.86333032513531e-05,-0.000102896652452777,8.75578292998114e-05,-0.00107958326075419,-0.00422118126684712,7.26600853777626e-05,4.0697713772353e-05,1.63678255571398e-06,7.26600853777626e-05,-0.00412866380512078,4.63402151753556e-05,-0.000903349396162767,-1.13083587693907e-05,4.0697713772353e-05,5.01475600342971e-05,1.53944651231086e-05,7.26600853768744e-05,-0.000693491540246782,5.07251026231614e-05,-0.000920225051256551,-0.00408093217549776,-6.3358266402247e-06,3.29129625331603e-06,3.68436677398165e-05,-0.00127385788783219,4.63402151753556e-05,1.72017876058916e-05,-0.00102935821281491,2.84904294245436e-05,-0.00118623441384091,0.0685203728859358,-0.00103854086230371,-0.000958879055435347,-1.19128349496123e-06,-0.000665009196106681,2.40075632964576e-05,3.29129625331603e-06,-0.000102017693598633,-1.13083587693907e-05,-0.00402790727983415,-0.00080720646635779,-0.00134951180968557,-0.00165404034304473,-0.00024155434295281,0.000113270427802625,2.40075632964576e-05,1.34394487192324e-05,5.01475600342971e-05,8.75578292998114e-05,-0.00153022915237422,1.18401747037922e-05,-0.00165404034304473,-0.00131046246244182,-0.000126607779138865,-1.92364231388353e-05,1.34394487192324e-05,-0.00165404034304473,-0.000916276532166194
"8:76441317:C:G",-0.000566397121995799,-2.45047800975229e-05,-0.00277145852023075,-0.00217822073145957,-1.04997189227518e-05,2.33467088390782e-05,-0.000468432566690602,-9.17057992673165e-05,-0.000540010216959708,-0.000912028223999606,-7.72616488662337e-05,-0.00299578357682417,-0.00242212956008725,-0.00367437993711306,-7.09115183603615e-05,-0.000177277106649498,-0.00030887045178396,-0.000161950389034438,-0.000633059401224934,-0.000145827391679454,-0.00109478186735856,-0.000108281945708555,-6.32430552540697e-05,7.95463013334441e-05,-0.00199112587262462,-9.17057992673165e-05,-0.0050747003530045,-0.00108099117705951,-0.000139365778499823,-0.000261202637307001,-4.57663668864683e-05,-0.00190067054564125,-0.00199112587262462,-0.000104123176312143,-0.000139365778499823,-0.00147834875063868,-0.000182139723816199,-0.00303764173374255,-0.000370653330827864,-0.00196195015194967,-0.000137054534317116,-0.00167528612664025,-0.00363407148582517,-0.000137054534317116,-0.00175172226064113,-6.37730007850834e-05,-0.00177449102898564,1.11149877470851e-05,-0.00167528612664025,-7.04035082179644e-05,-2.16128871981525e-05,-0.00276599824060142,-0.00351677082047885,-8.66621582522598e-05,-0.000261202637307001,-0.00178192889202355,-0.000695303755469112,-5.21077658532931e-06,-5.40959821515585e-05,-0.000446715544849319,-6.37730007850834e-05,-0.00179279391768272,-0.000628533259516395,-4.60604316145918e-05,-2.45047800975229e-05,-0.00103854086230371,0.0913488995127256,-0.000712953991104825,-0.00372437890545552,-0.00160877723994179,-3.23903913237444e-05,-5.21077658532931e-06,-0.00121901480209274,-0.00453026535716106,0.000190657991611776,-5.75764777019927e-05,0.00198705778431307,-0.000109867238786698,0.000222951153007855,-0.000175061382572395,-3.23903913237444e-05,-3.8299575789047e-05,-0.00124454236022853,-0.000131872071978734,-0.000644350556912698,-0.00502600529466246,-0.000109867238786698,-6.32430552540697e-05,0.000136451787698277,-0.0050747003530045,-3.8299575789047e-05,-0.000109867238786698,-0.00581434882047738
"8:76441911:G:A",-0.00431473409154659,-0.00122292677575242,-0.00221793192662112,-0.00265306827248057,-0.00255512108413214,-2.64927401332216e-05,-0.00679277991995608,-0.00634046547263978,-0.00467770994060324,-0.00167832498343046,6.05664203430223e-05,-0.00285816822939955,-0.00475823994980162,-0.0018602051666754,-0.00283763875554577,-0.00181910164631738,-0.0040646668637212,-0.00640217996493009,-0.000314031030187678,-0.0034398109164453,-0.00128965213297771,-0.00156057522901953,-0.00793670180412587,-0.00144012201381294,-0.00237873514289877,-0.00400761881643596,-2.64927401332216e-05,-0.0013251383530255,-0.00400117519498666,-0.00133544677602249,-0.00130286826603054,-0.00564597242283149,-0.00237873514289877,-0.00135384450952714,-0.00400117519498666,-0.0011594803513697,-0.000624284643810036,-0.000438819823329162,-0.000122483922748273,-0.00244433034730029,-0.000962003597956951,-0.000474580453687423,2.06331575114405e-06,-0.000962003597956951,-0.00216032998680449,-0.00112334448195028,-0.00279925772126077,-0.00164842480991467,-0.000474580453687423,-0.00286042272708986,-0.00122552257221908,-0.00182002178852692,-0.00544049440535943,-0.000979380154760179,-0.00133544677602249,-0.00210607649354166,-2.68149395505901e-05,4.13614205019286e-06,-0.00092393680861047,1.04098498479033e-05,-0.00112334448195028,-0.000710025887113552,-0.00516568347362822,-0.00107905750730364,-0.000820137023776368,-0.000958879055435347,-0.000712953991104825,0.171089070075053,-3.38041832845803e-05,-0.00266794469195997,-0.00582104424086083,4.13614205019286e-06,-0.000738565510793876,1.78648605242415e-06,-0.0033083719117708,0.0006777254389565,-0.00020000202722148,3.53223573030803e-05,-0.00173376674355996,-0.00356573992987741,2.93298508724504e-05,0.000790580331273105,-0.00686910449341482,1.58739322166923e-05,-0.000329080782487168,-0.000234928280289814,3.53223573030803e-05,-0.000631802104040347,-0.0005050613929658,-2.64927401332216e-05,0.000790580331273105,3.53223573030803e-05,-0.00341654260718638
"8:76442222:G:A",-0.00153402167340033,-0.00194302804769819,-3.53687633847244e-06,-7.14034715798562e-08,-3.82723719383193e-09,1.02097748033714e-07,-0.00020881391905192,-0.00164864004660803,-0.0015088124968603,-7.06012174767068e-06,-2.92083464525916e-06,6.1250082925568e-06,-0.00160408794751099,-8.94951434737834e-07,-2.45172457269405e-06,-6.82649264760471e-06,-1.09304006254973e-05,-0.000248920075170744,-4.23593593357197e-06,-0.000164856330224339,7.59849111986455e-06,-0.00186520236459131,-1.90920633880154e-06,-0.000940205500177704,-0.00295806257602127,-0.00164864004660803,1.02097748033714e-07,-7.72234871337929e-06,-0.00212802789727551,-0.00183511397101821,-1.44899393639264e-06,-0.000478066284237855,-0.00295806257602127,-0.00113527739684027,-0.00212802789727551,-4.29923703926249e-06,-0.002186272316127,-6.82649264760471e-06,-0.00199439885519492,-0.00310404570394862,-5.02624383358352e-06,-1.90920633880154e-06,-3.34080398900483e-08,-5.02624383358352e-06,-0.00300572205652117,-2.21586866810952e-06,-0.00750867159531232,1.1110580100393e-07,-1.90920633880154e-06,-2.55256731485076e-06,-0.00195237398083492,-0.000159579247803521,-0.000363954879424533,-2.79297963068359e-06,-0.00183511397101821,-0.00288228762349352,6.70405153613274e-08,-7.14034715798562e-08,-0.00160656351550692,-2.14497903883171e-07,-2.21586866810952e-06,-5.60392985349267e-07,-0.00131117495966659,-0.00226384823289827,-0.00468496458558665,-1.19128349496123e-06,-0.00372437890545552,-3.38041832845803e-05,0.0938317429488746,-0.00015845640838652,-7.97884676551064e-07,-7.14034715798562e-08,-4.50843434407489e-06,1.1110580100393e-07,-0.00062268614536265,-0.00204709820251381,-0.00357944354204331,-1.10763065030994e-06,-0.00339171681413486,-0.00148164266504835,-7.97884675662885e-07,-0.00205299115808177,-2.55256731485076e-06,-0.00236309188015138,-2.10452888005364e-07,-3.35834337228391e-07,-1.10763065030994e-06,-0.00499003508792928,-0.00488932512025197,1.02097748033714e-07,-0.00205299115808177,-1.10763065030994e-06,-0.000564106781482998
"8:76443031:T:G",-0.000202848841495573,2.03612693416844e-05,-0.00345145250785173,3.90524033111461e-06,-0.00484932283399253,-2.35206475700522e-05,-0.00653098467129176,7.3828863608405e-05,-0.0002039165929828,0.000107693970262446,6.44875948934143e-05,-0.00510932890325044,-4.77280789192847e-05,3.0990409801035e-05,-0.00522536547029784,-0.00334357987427758,0.000135779246322798,-0.0032956221737579,-0.00177580014747036,-4.78268347086086e-05,-5.39759535200801e-05,-0.0013296076489322,4.8486388984692e-05,-0.0011370275569087,0.00015323273483947,7.3828863608405e-05,-2.35206475700522e-05,0.0001125894055507,-0.00147653715636675,-6.84972918412186e-05,-0.000117303350267939,-0.00146267216068185,0.00015323273483947,8.64574964047904e-05,-0.00147653715636675,8.17856710479958e-05,-0.00682583653667113,-0.000102625505371989,1.7584234761614e-05,0.000184170183368249,-0.0018220250280212,-0.000113797042557984,1.94265341768585e-06,-0.0018220250280212,0.000214133338062084,5.55195148592702e-05,-0.00627876179534592,-0.00141857476847917,-0.000113797042557984,5.99582824269973e-05,1.82277611733284e-05,8.60656279479954e-05,-0.00151447750452327,-0.00374436028217673,-6.84972918412186e-05,0.00010924191685957,-0.00144818302062255,3.90524033111461e-06,4.39751314393888e-05,9.9156672854761e-06,5.55195148592702e-05,-0.0001355832304899,-0.00106489336060145,-0.000284778975475852,2.03612693416844e-05,-0.000665009196106681,-0.00160877723994179,-0.00266794469195997,-0.00015845640838652,0.0934412267663607,2.89027964370803e-05,3.90524033111461e-06,-0.000127168122295629,-0.00141857476847917,-0.000380897177689299,3.18256845286413e-05,-0.00167018973513411,3.52298962411624e-05,-0.0059214800980385,-0.00213816303123338,2.89027964379684e-05,-0.00140095869423273,5.99582824269973e-05,0.000103569117394287,-0.00104418775497006,-0.0016135114726179,3.52298962411624e-05,4.8486388984692e-05,-0.00265200736898308,-2.35206475709404e-05,-0.00140095869423273,3.52298962411624e-05,-0.00297664897264305
"8:76444423:A:G",6.01155435377976e-05,-8.13291309587072e-06,-2.61208558018922e-05,-0.00180705928136327,-0.00535763233768538,7.71315590775146e-06,-0.00560862925689953,-0.0011301717886063,6.05627232079797e-05,3.29695454555079e-05,-2.32371161787981e-05,-0.00568084938265478,-4.84570611876123e-05,-0.00105408675281549,-0.00551655030765907,-3.8308642103857e-05,-0.000155585199763664,-0.0056846323526436,-2.9115733268803e-05,1.55046852512442e-05,-0.00149610939488998,1.71038870888651e-05,-0.00147541286077502,-6.53712243519067e-05,-0.00534680286069289,-0.0011301717886063,7.71315590775146e-06,-4.09450057388128e-05,-0.00553189247751096,1.93841782802906e-05,-0.00137464693233014,-0.00146972660355171,-0.00534680286069289,-3.10912649359452e-05,-0.00553189247751096,-0.000109097646362244,3.80149182328537e-05,-0.00104388127317456,-0.00542821161486451,-0.00531233406369225,-3.22282768312476e-05,-1.80468915891296e-05,-7.69652941379206e-07,-3.22282768312476e-05,-0.00546973676535156,-1.95546078778364e-05,4.27236025855038e-05,3.98706449278308e-06,-1.80468915891296e-05,-2.13733578782183e-05,-7.27380374332398e-06,-3.22282768303594e-05,0.000151551744448142,-2.28678389948556e-05,1.93841782802906e-05,-0.00550260467944064,1.63949465203928e-06,-1.5485391680059e-06,-1.62030124863932e-05,-3.94228513034278e-06,-1.95546078778364e-05,-8.13291309587072e-06,-0.00536627577804616,-1.35237175502567e-05,-0.0055338693911775,2.40075632964576e-05,-3.23903913237444e-05,-0.00582104424086083,-7.97884676551064e-07,2.89027964370803e-05,0.111479823687505,-1.5485391680059e-06,3.98988757011054e-05,3.98706449278308e-06,-0.0014388243414114,-1.45307801107109e-05,-4.1159089057885e-05,-1.26504072346378e-05,9.07085264545415e-05,-0.000980043158981481,-1.00978452888256e-05,-0.00151662497283489,-2.13733578782183e-05,-3.8308642103857e-05,1.48205897207987e-05,-5.58744881473672e-06,-1.26504072346378e-05,-0.00569140746177244,4.94147717953197e-05,7.71315590775146e-06,-0.00151662497283489,-1.26504072346378e-05,-6.36166397693927e-06
"8:76444755:C:T",7.09224924033691e-06,-1.20435531059115e-06,-4.18383548694834e-06,-2.24571349072278e-07,-2.56295447087496e-08,-0.00203692757812579,-0.0022549225474453,-4.3510528824342e-06,7.12687402248946e-06,-6.50440214489123e-06,-0.00429948533885316,-1.26608208494972e-05,-8.11967462421848e-06,-1.67850808363568e-06,-3.29995533299154e-06,-6.36029873213317e-06,-0.00106889359834206,-0.00732272960700886,-4.69458785001819e-06,2.19665372824807e-06,-0.00255488906628987,2.49664291729346e-06,-2.80335034918977e-06,-1.14873748211508e-05,-4.25895370383955e-05,-4.3510528824342e-06,1.12371728366867e-06,-6.88406915205775e-06,-5.61022919676191e-06,2.77940443282887e-06,-2.33449374409389e-06,-2.80348789694074e-06,-4.25895370383955e-05,-5.0809618699077e-06,-5.61022919676191e-06,-4.74322883015077e-06,4.99095998307553e-06,-6.36029873213317e-06,-1.24201615481212e-06,-5.27545488466785e-05,-5.23376440408896e-06,-2.80335034918977e-06,-1.11335618058206e-07,-5.23376440408896e-06,-5.27545488457903e-05,-0.00128893251671958,-0.00737666533933634,6.08901212117985e-07,-2.80335034918977e-06,-3.39048759556704e-06,-1.07424184125904e-06,-7.14913673132145e-05,-6.68096633393844e-06,-3.59215279743808e-06,2.77940443282887e-06,-4.43316947569272e-05,2.77816030624933e-07,9.84416599614235e-06,-2.5071737788096e-06,-5.76120484652165e-07,-0.00128893251671958,-1.20435531059115e-06,1.59383841769056e-06,-2.03622692840355e-06,-1.20435531059115e-06,3.29129625331603e-06,-5.21077658532931e-06,4.13614205019286e-06,-7.14034715798562e-08,3.90524033111461e-06,-1.5485391680059e-06,0.0352664369926927,5.13420921599561e-06,6.08901212117985e-07,-8.42994032526079e-05,-2.14154777200548e-06,-6.82754893155391e-06,-1.94521041141371e-06,-0.00525348823887128,-8.54318456866565e-06,-1.54853916711772e-06,-1.10198567959685e-06,-3.39048759556704e-06,-6.36029873213317e-06,2.10868806149733e-06,-8.20818850222338e-07,-1.94521041141371e-06,-2.80335034918977e-06,6.09510787974443e-06,1.12371728366867e-06,-1.10198567959685e-06,-1.94521041141371e-06,-6.9770956567794e-07
"8:76447184:T:G",-0.000840926443022916,2.68400114658007e-05,9.8705454017356e-05,5.13420921599561e-06,-0.00809008804371025,-3.25080193235294e-05,-0.00255022921864256,0.000101924238764539,-0.000817029072079478,0.000151333990353386,8.9262030508408e-05,-1.26840229341951e-05,-0.00234454232129355,4.26798630606129e-05,-0.00770979468758881,0.000144178927498295,0.000191835177560051,-0.00253234586682627,0.000108471902198204,-6.58171215492942e-05,-0.000203338668035791,-0.000997008409683531,6.60653422706048e-05,-0.000134432983277755,-0.00333354455583912,0.000101924238764539,-3.25080193235294e-05,0.000158116208527126,-0.00290047967768015,-0.000974792050389972,-0.000482351286998473,-0.00109079923385114,-0.00333354455583912,0.00012068080181038,-0.00290047967768015,0.000114292343527111,-0.00220935457077864,-0.000439577254132573,-0.000513945400605564,-0.00329879276112166,-0.00309910287188941,-0.000473600568313692,2.55320306230544e-06,-0.00309910287188941,-0.00323528896199932,7.71462687083613e-05,-0.000193138893839873,-2.02089786220938e-05,-0.000473600568313692,8.31380713437468e-05,2.40193039928727e-05,0.000118578173353256,-0.00111699633902518,-0.00324077522263,-0.000974792050389972,-0.00326258083271558,-1.24929649762962e-05,5.13420921599561e-06,6.00219419757408e-05,1.30486525984352e-05,7.71462687083613e-05,-0.000506402879095091,-0.000650362847970598,4.44622109432302e-05,-0.000506402879095091,-0.000102017693598633,-0.00121901480209274,-0.000738565510793876,-4.50843434407489e-06,-0.000127168122295629,3.98988757011054e-05,5.13420921599561e-06,0.0873889409853081,-2.02089786220938e-05,-0.0016271036759683,-0.00104757331077465,-0.00126972369183598,4.83335198318002e-05,-0.000408919761433424,-0.00289010119308308,3.98988757019936e-05,-0.00364023221617682,8.31380713437468e-05,-0.00125750502963129,-6.35668792678956e-05,1.84725882208525e-05,4.83335198318002e-05,-0.000473600568313692,-0.000213605285138918,-3.25080193235294e-05,-0.00364023221617682,4.83335198318002e-05,-0.00226525816658718
"8:76447388:A:G",-3.3616737636244e-05,-0.00224256560421399,-0.00191772798026069,6.08901212117985e-07,-0.00184771450099763,-3.37099867842028e-06,-0.0117901667073372,9.71953940887005e-06,-3.38886151842743e-05,1.31972905252908e-05,8.53934713163085e-06,-0.000615531340936393,-0.00785479888116836,4.2875859094238e-06,-0.00197894841573376,-0.00183820239790577,1.58778513519309e-05,-0.0120504908208687,1.03118373644406e-05,-7.03390061218556e-06,-0.000479348753958497,-8.38459482022103e-06,6.72855700489805e-06,-0.00194786658869095,-0.000325410094234257,9.71953940887005e-06,-3.37099867842028e-06,1.37232174814983e-05,-0.0019760090821288,-9.44228917898471e-06,5.67840561771504e-06,-0.00045944140420584,-0.000325410094234257,1.09988435017527e-05,-0.0019760090821288,1.04394501585503e-05,-0.00250344119696155,1.29558810613162e-05,3.1120342667279e-06,-0.000362346789174239,-0.00231946542441186,6.72855700489805e-06,3.03720501193538e-07,-0.00231946542441186,-0.000331554920351529,7.36748835006296e-06,-0.00162776774554718,-1.81421606360033e-06,6.72855700489805e-06,7.95220988525358e-06,-0.00225225073678548,1.12018108566758e-05,-0.00056541031459556,-0.0021960082687027,-9.44228917898471e-06,-0.000299887426755241,-1.06390914034193e-05,6.08901212117985e-07,6.11257052440806e-06,1.53309880968067e-06,7.36748835006296e-06,3.10147169280128e-06,-0.00339072972852872,-0.00208495770539585,3.10147169280128e-06,-1.13083587693907e-05,-0.00453026535716106,1.78648605242415e-06,1.1110580100393e-07,-0.00141857476847917,3.98706449278308e-06,6.08901212117985e-07,-2.02089786220938e-05,0.0954955503668509,-0.000763303491913003,5.18220232503808e-06,-0.00470639269848139,4.89185215091226e-06,-0.000618822998251112,1.57989885440912e-05,3.98706449367126e-06,-0.0023531992733492,7.95220988525358e-06,1.29558810622044e-05,-6.72451358596504e-06,-0.00201474809698343,4.89185215091226e-06,6.72855700489805e-06,-0.000337351031155286,-3.37099867842028e-06,-0.0023531992733492,4.89185215091226e-06,-0.00662992901062776
"8:76451098:A:G",-0.00537443731099518,-0.0043453108022975,-0.00245483169670679,5.23822413445174e-06,-0.00537720403372255,0.000174108998320932,-0.00438968846752052,-0.00212278948446043,-0.00756746982869094,-7.76919443055135e-05,-0.000655882521027884,-0.00592117797311564,-0.00387379502484952,-0.0028299058182677,-0.00439553696634976,-0.000553295428418643,-0.00101759564810688,-0.00705073484825025,-0.00382575070005409,-0.00405332840479122,-0.00511115966287701,-0.00159238697610808,-0.00339549964283181,-0.00969760743790582,-0.000258647551274471,-0.00236143835874136,-0.00147582490916331,6.24654996963514e-05,-0.00194669871927555,-0.000508812329556463,-0.000468116999932988,-0.00569783674579405,-0.000258647551274471,-0.00448142710850163,-0.00194669871927555,-0.00144343230664568,-0.000231916151601119,-0.000110580868735166,-8.13937106158846e-07,-0.000118319741762019,-0.00179979698415078,-0.00107455335088202,3.80191070892266e-06,-0.00179979698415078,0.000532518284633188,-0.00119662233028706,-0.0020868544343311,-0.00142427975391035,-0.00107455335088202,-0.000348092349886642,-0.00318177654235408,-0.00251208969346184,-0.00516931968753953,-0.00222220816373619,-0.000508812329556463,0.000272740573139529,-0.000354165870357637,-8.42994032526079e-05,-0.00135287148109375,-0.0020473526217657,-0.00119662233028706,-0.00254674915174746,-0.00407681651029446,-0.00227133488400888,-0.000442481038249731,-0.00402790727983415,0.000190657991611776,-0.0033083719117708,-0.00062268614536265,-0.000380897177689299,-0.0014388243414114,-8.42994032526079e-05,-0.0016271036759683,-0.000763303491913003,0.197049286375852,7.32751753109717e-05,0.000283316900808295,-0.00364969075306032,-0.00454608627010211,-0.00135719163481252,-0.000324805909854398,-0.00520608161526059,-0.000948400247670733,-0.000374178308792938,-0.00531114852160375,-0.00140282966011362,-0.00364969075306032,-4.29145888469762e-05,-0.000923290186012338,-0.00147582490916331,-0.00520608161526059,-0.00364969075306032,-0.00256236891385919
"8:76452002:C:T",-0.00761624513720349,-0.0042490880195114,-4.13261120417729e-05,-2.14154777200548e-06,-0.00389947313986472,9.90086067886864e-06,-0.000712625809368372,-0.00365019721361914,-0.00770738390429671,-0.00372764207039467,-3.6105239453299e-05,-0.000468206445486175,-0.00239745670891356,-1.58392285118936e-05,-0.00313132246110381,-0.00166748400025085,-0.00150159146530804,-0.000461778279190916,-0.00260651407038548,1.88734822028636e-05,-0.000294372853478997,0.000375158912642171,-0.00739695342209146,-0.00288254194146642,-2.90817066206372e-05,-0.00174562495792596,9.90086067886864e-06,-0.00124696554181103,-0.00414801921323793,0.000467376145180332,-0.00060086359783007,-0.000269800512154639,-2.90817066206372e-05,-0.00123840745667092,-0.00414801921323793,-0.00314935932318683,-0.00067113425394183,-6.44973076999733e-05,-0.00137479861927847,-6.04646785777874e-05,-0.0010065401520043,-2.74437642735492e-05,-1.05864243860054e-06,-0.0010065401520043,8.51260663905506e-05,-0.000962100027854795,-0.00338750254667808,5.18220232503808e-06,-2.74437642735492e-05,-0.00318368535364844,-0.004288601110785,-5.29053091726794e-05,-0.000170036700446019,-0.00134378594286311,0.000467376145180332,0.000108567755861433,2.07080854419672e-06,-2.14154777200548e-06,-0.000247765404290057,-5.542580562512e-06,-0.000962100027854795,-1.17626349824818e-05,-0.00389819382068923,-0.00170841886395667,-0.000568542751858025,-0.00080720646635779,-5.75764777019927e-05,0.0006777254389565,-0.00204709820251381,3.18256845286413e-05,-1.45307801107109e-05,-2.14154777200548e-06,-0.00104757331077465,5.18220232503808e-06,7.32751753109717e-05,0.117236768560433,-0.000102689348451257,-1.85457189205707e-05,-0.000550159735726474,-0.00161407894032717,-1.45307801098227e-05,-0.00202895279253035,-0.00318368535364844,-0.000436962975181032,-0.000223987661481573,-0.00204684244499198,-1.85457189205707e-05,-0.000424108730412875,4.51879855818405e-05,9.90086067886864e-06,-0.00202895279253035,-1.85457189205707e-05,-0.0068381653931997
"8:76455338:A:C",-0.000114530637547183,-4.00288333350929e-05,-0.00287947979012948,-0.00210614574544188,-2.22848702744471e-05,2.97827963295916e-05,-8.69985603921819e-05,-0.000115916545058603,-0.000148032368858964,-0.000799138539061772,-9.76226075852793e-05,-0.00247748710888196,-0.00266651261005268,-0.00353767499343061,-0.000100064610061068,-0.000217658200296178,-0.00028034616051098,-9.25186952591694e-05,-0.000673440494871613,-0.00013996241573544,-0.00117851711082739,-0.000992755919287269,-8.71029497453435e-05,7.68426472737005e-05,-0.00242014414979419,-0.000115916545058603,-0.0049945305228567,-0.0010418193148034,-0.000165622740453841,-0.000384282256568724,-7.6545066335143e-05,-0.00201720621244483,-0.00242014414979419,-0.000130590212583215,-0.000165622740453841,-0.00143322704185778,-0.000250233006454437,-0.00292424147854309,-4.87259671073659e-05,-0.00239096842911879,-0.000173242374403415,-0.00161813130288113,-0.00356122862850228,-0.000173242374403415,-0.00206072266265389,-8.04629768209608e-05,-0.00182484457065524,1.35711193856025e-05,-0.00161813130288113,-8.89074017607072e-05,-3.62525273880365e-05,-0.0028802929884737,-0.003605990155509,-0.000115361240683676,-0.000384282256568724,-0.00209092929403809,-0.000791967693325013,-6.82754893155391e-06,-6.90879892877305e-05,-0.000380922373072856,-8.04629768209608e-05,-0.00172720557641259,-0.000950673804790636,-6.71278525494756e-05,-4.00288333350929e-05,-0.00134951180968557,0.00198705778431307,-0.00020000202722148,-0.00357944354204331,-0.00167018973513411,-4.1159089057885e-05,-6.82754893155391e-06,-0.00126972369183598,-0.00470639269848139,0.000283316900808295,-0.000102689348451257,0.097827755149785,-5.1386342953208e-05,0.000307654280718772,-0.000217872769031402,-4.1159089057885e-05,-0.00039495174565829,-0.00118939775622007,-0.00168423516740202,-0.00086759153840088,-0.00521023245368646,-5.1386342953208e-05,-8.71029497453435e-05,0.000180422648516476,-0.0049945305228567,-0.00039495174565829,-5.1386342953208e-05,-0.00828391276268903
"8:76455431:A:T",7.17705073300934e-05,-1.026202408827e-05,-3.30967092638801e-05,-1.94521041141371e-06,-0.0018074069031444,9.53596467745399e-06,-2.03324972414265e-05,-3.43739048123126e-05,7.2288185185343e-05,-4.94837170927909e-05,-2.93689086161564e-05,-0.000136335568274859,-6.25814087769072e-05,-1.37188200355354e-05,-0.00168738422027204,-4.88718315514447e-05,-6.38353789268464e-05,4.1238655511755e-05,-0.00298417580888977,1.90767308270168e-05,-0.000250865080428042,2.0818429683267e-05,-2.28009595888423e-05,-0.0015178729398091,-0.0036213762822177,-3.43739048123126e-05,9.53596467745399e-06,-5.22205772695017e-05,-0.00168193655919868,2.36240213817851e-05,-1.95468901376117e-05,-0.000264620729901743,-0.0036213762822177,-3.94381423136636e-05,-0.00168193655919868,-3.69042470067527e-05,-1.41193898031133e-05,-4.88718315514447e-05,-1.11066449113295e-05,-0.00352755633398605,-0.00142645348473458,-2.28009595888423e-05,-9.66290887305377e-07,-0.00142645348473458,-0.00363190746959141,-2.46281179734353e-05,5.15896456851905e-05,-0.00200767010293479,-2.28009595888423e-05,-2.6966789422822e-05,-9.1726840203421e-06,-0.00307215420246632,-0.000174405869698191,-0.00151920158619578,2.36240213817851e-05,-0.0037165814922604,-0.00253151817828989,-1.94521041141371e-06,-2.0437080398672e-05,-0.0017848666508673,-2.46281179734353e-05,-1.026202408827e-05,-0.000318499186652055,-0.0016089193905735,-1.026202408827e-05,-0.00165404034304473,-0.000109867238786698,3.53223573030803e-05,-1.10763065030994e-06,3.52298962411624e-05,-1.26504072346378e-05,-1.94521041141371e-06,4.83335198318002e-05,4.89185215091226e-06,-0.00364969075306032,-1.85457189205707e-05,-5.1386342953208e-05,0.0536876253613459,0.000105999612237895,-6.395538435644e-05,-1.26504072337497e-05,-9.93039848218302e-06,-2.6966789422822e-05,-4.88718315514447e-05,-0.00207261107471801,-7.03805163926319e-06,0.000300976291258692,-2.28009595888423e-05,5.94950712811126e-05,9.53596467745399e-06,-9.93039848218302e-06,0.000300976291258692,-0.000333901780200208
"8:76459249:A:G",-0.000743217198314383,4.73993287393171e-05,0.000493333094808257,-0.00114108338603724,-0.000109180417399379,-0.00291955155716028,-0.00110748571390351,-0.000856478628493029,-0.000719305257623759,0.000349279183136986,-0.00418037930475723,-0.000852236895042324,-0.000360526359179936,-0.00176654989884195,-0.000206820226663851,0.000670729254456326,0.000442428334634926,-0.000655254437047503,-0.000775674480999911,0.00111318534669813,-0.00460031223936763,-0.00118051503639283,0.00013819901487544,-0.000460859236076416,0.000258322114111476,-0.000856478628493029,-0.000272952661526382,0.000362352600848936,-0.00035740973631615,-0.000652496437526295,-0.000484757345725839,6.97719910434103e-05,0.000258322114111476,-0.00192241736476184,-0.00035740973631615,0.000263100279528139,-0.00158372560046871,-0.000810797882631498,-0.00141223988663874,0.000343805878968428,-0.000809370572656398,-0.000644141996573033,4.50201963353436e-06,-0.000809370572656398,0.000476519478051163,0.000176908989556246,-0.004773931205591,-0.000618822998251112,-0.000644141996573033,0.000188025146449888,4.24103726386349e-05,-0.00212628922296343,0.000271291604424739,-0.000769391432950073,-0.000652496437526295,0.000408136932841696,-0.000640074518573286,-0.00525348823887128,-0.0010519058149816,2.30237157596846e-05,0.000176908989556246,-0.00056466706733449,-0.000539272432951599,-0.000742551866957264,-0.00478892695469391,-0.00024155434295281,0.000222951153007855,-0.00173376674355996,-0.00339171681413486,-0.0059214800980385,9.07085264545415e-05,-0.00525348823887128,-0.000408919761433424,-0.000618822998251112,-0.00454608627010211,-0.000550159735726474,0.000307654280718772,0.000105999612237895,0.0714880605873804,-0.000838371161327345,9.07085264545415e-05,-0.000559338805941501,0.000188025146449888,0.000319768893281669,-0.000153363117161298,-0.000752656538092644,0.000105999612237895,-0.00454946071345397,0.00883425941375648,-0.000272952661526382,-0.000559338805941501,0.000105999612237895,-0.00131165545876577
"8:76463755:C:A",6.03699667669488e-05,-4.50986263782482e-05,-0.000231899728974305,-0.00189371928642945,-8.65611456859483e-05,3.64175552123314e-05,-0.00471631768017522,0.00022722262141972,-0.00198499683109166,-0.000192432670099052,-0.00011682073861774,-0.00792811548457628,-0.00158078108966198,-5.44695443247534e-05,-0.000179957558686716,-0.000305912444678036,-0.000429257644464442,-0.00305094997929567,-0.000230419125405668,7.30095447289969e-05,-0.000332116993772225,-2.37771610294146e-05,2.72203998896714e-06,-0.000598597367082121,-0.000523463663067325,0.000228664218979269,3.64175552123314e-05,-0.000860179424218011,-0.00311946443531497,-1.83358761498553e-05,-0.00277507887308381,-0.00156904605666952,-0.000523463663067325,0.00119523300793123,-0.00311946443531497,-0.000301274660523099,8.20574930262552e-05,-0.000195134290113863,-0.00156053472400153,-0.000918599870232573,-0.00131140107562278,-9.40133113012109e-05,-4.24354867245569e-06,-0.00131140107562278,-0.00106725902199978,-9.63672176679253e-05,-0.000349634393195686,1.57989885440912e-05,-9.40133113012109e-05,-0.000106455754792734,-4.03078671782353e-05,-0.000167204172454305,-0.00156419833617072,-0.00137052807549409,-1.83358761498553e-05,-0.00110819501362469,-0.00255560325531956,-8.54318456866565e-06,-0.00122327587772819,-2.17898335961308e-05,-9.63672176679253e-05,-4.50986263782482e-05,-0.000119890482205953,-7.53046667405499e-05,-4.50986263782482e-05,0.000113270427802625,-0.000175061382572395,-0.00356573992987741,-0.00148164266504835,-0.00213816303123338,-0.000980043158981481,-8.54318456866565e-06,-0.00289010119308308,1.57989885440912e-05,-0.00135719163481252,-0.00161407894032717,-0.000217872769031402,-6.395538435644e-05,-0.000838371161327345,0.0726742753444873,-4.98207653638616e-05,-5.0127800534483e-05,-0.00390325304729711,-0.00150178236267973,6.92263605861498e-05,-3.09224612147219e-05,-6.395538435644e-05,-9.40133113012109e-05,0.00023190234139836,3.64175552123314e-05,-5.0127800534483e-05,-6.395538435644e-05,-0.00159931036296523
"8:76463916:A:G",6.01155435377976e-05,-8.13291309498254e-06,-2.61208558018922e-05,-1.54853916711772e-06,-8.30439793375604e-07,7.71315590775146e-06,0.000111523653052892,-2.71064874182159e-05,6.05627232079797e-05,-3.88616925546259e-05,0.00250834330212957,-7.14689874152796e-05,-4.84570611876123e-05,-1.09384277209301e-05,-2.14062142198657e-05,-3.83086421029688e-05,-4.98194893383541e-05,0.00017461500375493,-2.9115733268803e-05,1.55046852521323e-05,-4.83719050432541e-05,1.71038870897533e-05,0.000188779435914554,-6.53712243519067e-05,-0.000194348444602532,-2.71064874182159e-05,7.71315590775146e-06,-4.09450057388128e-05,-3.5009037560485e-05,1.93841782802906e-05,-1.54159669811804e-05,-1.86972688949183e-05,-0.000194348444602532,-3.1091264935057e-05,-3.5009037560485e-05,-2.91418932123477e-05,3.80149182328537e-05,-3.83086421029688e-05,-8.70340206482467e-06,-0.00022734580487338,-3.22282768303594e-05,-1.80468915882415e-05,-7.69652941379206e-07,-3.22282768303594e-05,-0.00022734580487338,-1.95546078769482e-05,4.27236025855038e-05,3.98706449367126e-06,-1.80468915882415e-05,-2.13733578782183e-05,-7.27380374332398e-06,0.00101146238107042,-4.06626362678963e-05,-2.28678389939674e-05,1.93841782802906e-05,-0.000200367601371987,1.63949465292745e-06,-1.54853916711772e-06,-1.62030124863932e-05,-3.94228513034278e-06,-1.95546078769482e-05,-8.13291309498254e-06,8.15253637931335e-07,-1.35237175493685e-05,-8.13291309498254e-06,2.40075632964576e-05,-3.23903913237444e-05,2.93298508724504e-05,-7.97884675662885e-07,2.89027964379684e-05,-1.00978452888256e-05,-1.54853916711772e-06,3.98988757019936e-05,3.98706449367126e-06,-0.000324805909854398,-1.45307801098227e-05,-4.1159089057885e-05,-1.26504072337497e-05,9.07085264545415e-05,-4.98207653638616e-05,-0.00186669980185616,-7.77781834937485e-06,-2.13733578782183e-05,-3.83086421029688e-05,1.48205897207987e-05,-5.58744881473672e-06,-1.26504072337497e-05,-1.80468915882415e-05,4.94147717953197e-05,7.71315590775146e-06,-7.77781834937485e-06,-1.26504072337497e-05,-6.36166397693927e-06
"8:76464063:A:G",-0.000299454699298707,-6.81370316604202e-05,-0.00731344517106436,-1.10198567959685e-06,-0.000141205521095422,5.11348542797663e-06,-0.00350936289450354,-2.36497954988479e-05,-0.000334649677768084,-0.00143830060349259,-1.97331497124864e-05,-0.00365734350845681,-0.00168297146366836,-0.00170928604808918,-0.00113145642759527,-0.00178809859043305,-0.000809117473273169,-0.00199197114331406,-0.00851526333207708,-0.00317627075573057,-5.47208494143803e-05,-0.000770297043979795,-0.000476173890804787,-0.000541431456313468,7.15700446467515e-05,-2.36497954988479e-05,5.11348542797663e-06,-3.90308254267779e-05,-3.00549533411854e-05,-6.57163730712895e-05,-0.00128837855133757,-0.00499281385656758,7.15700446467515e-05,-2.7850490786463e-05,-3.00549533411854e-05,-0.000761366937665819,-0.00170649227337449,0.000319942502967407,-0.00400610828721959,6.15962515633228e-05,-0.00366046169766943,0.000179886257181572,-5.43918136308719e-07,-0.00366046169766943,0.000171179243873887,-1.61780504193132e-05,-0.000167410078573127,2.77218822475334e-06,0.000179886257181572,-1.79128607227241e-05,-6.81255942405201e-05,-0.00173772073864153,-0.00430835716492695,-0.00386559220501947,-6.57163730712895e-05,0.000176306625810696,-0.00223000320621569,-1.10198567959685e-06,-0.00528786391445646,-2.86511111369236e-06,-1.61780504193132e-05,-1.83372859563491e-05,-0.00248476340130699,-0.00406519284167661,-6.12630964003102e-06,1.34394487192324e-05,-3.8299575789047e-05,0.000790580331273105,-0.00205299115808177,-0.00140095869423273,-0.00151662497283489,-1.10198567959685e-06,-0.00364023221617682,-0.0023531992733492,-0.00520608161526059,-0.00202895279253035,-0.00039495174565829,-9.93039848218302e-06,-0.000559338805941501,-5.0127800534483e-05,-7.77781834937485e-06,0.108417649999998,-0.00313544765746432,-0.00223605685312833,9.17470453920544e-06,-0.00209820029785313,-9.93039848218302e-06,-1.47500828617808e-05,-0.000301789449275169,5.11348542797663e-06,0.0020556602983044,-9.93039848218302e-06,-0.00136400836865658
"8:76466095:C:T",-0.00250637644484009,-1.7829919945811e-05,-5.57851329974213e-05,-3.39048759556704e-06,-0.00312903182285496,1.61181202766869e-05,-0.00338195043007516,-0.00367757468982077,-0.00247986535617351,-8.23587027971584e-05,-4.94538724780114e-05,-0.00130756755125194,-0.000105989054083544,-2.32147307421826e-05,-0.00331108733185204,-8.18397587085684e-05,-0.000105768538719353,-0.00359876187441088,-6.23673464499319e-05,3.23716817822728e-05,-0.00109583440755667,-0.00293764076326486,-0.001247516936842,-0.000142601243250162,-0.00314162533572304,-0.00367757468982077,1.61181202766869e-05,-8.69327497001748e-05,-7.71506725083526e-05,-0.00290200029748711,-0.0033009455621329,-0.00138483283943547,-0.00314162533572304,-6.59816364070309e-05,-7.71506725083526e-05,-6.17052639553251e-05,-0.000179765886042738,-0.00379941347798152,-1.99529841617974e-05,-0.00324909745131041,-6.92156404555888e-05,-0.00348012421891486,-1.6848761470456e-06,-6.92156404555888e-05,-0.00321749672140204,-4.13785014012902e-05,-0.00167397582095763,7.95220988525358e-06,-0.00348012421891486,-4.53654902701217e-05,-1.59437907267801e-05,-0.00107999790512281,-0.00131815397234725,-4.94100097503392e-05,-0.00290200029748711,-0.00312932446657577,-0.00152762444110977,-3.39048759556704e-06,-3.4760580689408e-05,-8.63561512787214e-06,-4.13785014012902e-05,-0.0033113949923429,-0.00324626512122084,-2.96795550189799e-05,-1.7829919945811e-05,5.01475600342971e-05,-0.00124454236022853,-0.00686910449341482,-2.55256731485076e-06,5.99582824269973e-05,-2.13733578782183e-05,-3.39048759556704e-06,8.31380713437468e-05,7.95220988525358e-06,-0.000948400247670733,-0.00318368535364844,-0.00118939775622007,-2.6966789422822e-05,0.000188025146449888,-0.00390325304729711,-2.13733578782183e-05,-0.00313544765746432,0.10688233259511,-8.18397587103448e-05,3.08722657784699e-05,-1.22433301310565e-05,-2.6966789422822e-05,-3.88098238808254e-05,0.000103033062575975,1.61181202766869e-05,-0.00313544765746432,-2.6966789422822e-05,-0.000258443784046491
"8:76466767:G:A",-0.000188050800508321,-3.35850146173655e-05,-0.000101684428400972,-6.36029873213317e-06,-0.00187928643373514,2.82487500067319e-05,-0.00360537165045427,-0.00158742831708647,-0.000174261852676771,0.00140855689811037,-8.96136192274355e-05,-0.000392113617215806,-0.000287704691350754,-4.17825378367098e-05,-0.00181041974902918,-0.000149628296603588,0.00118876168291582,-0.00346561679615531,0.000237027007865542,5.65794700921884e-05,-0.00019859162930036,-1.21249217954755e-06,-7.1342705536992e-05,-0.000465304225366836,-0.00154271951007967,-0.00158742831708647,2.82487500067319e-05,0.00209889910585392,-0.000373986456788877,-0.000546831193874553,-6.10495419355317e-05,2.02966540179261e-05,-0.00154271951007967,-0.000119227800616351,-0.000373986456788877,0.00129369821443159,-0.00194139403246041,-0.000149628296603588,-3.92669974598192e-05,-0.00164609940551497,-0.00157485823145276,-7.1342705536992e-05,-3.1591614453319e-06,-0.00157485823145276,-0.00185517197593565,-0.00078608936872282,-0.0020345187889621,-0.00216999330093337,-7.1342705536992e-05,-0.00127162728407715,-3.00162277353522e-05,-0.000127419246478411,-0.000161890991384084,-0.00164418933990174,-0.000546831193874553,-0.00179162444490277,3.27051582171833e-06,-6.36029873213317e-06,-6.36436545038421e-05,-1.62239850132195e-05,-0.00078608936872282,-3.35850146173655e-05,-0.000250995901400763,-0.00171070599533429,-0.00181290391769462,8.75578292998114e-05,-0.000131872071978734,1.58739322166923e-05,-0.00236309188015138,0.000103569117394287,-3.8308642103857e-05,-6.36029873213317e-06,-0.00125750502963129,1.29558810622044e-05,-0.000374178308792938,-0.000436962975181032,-0.00168423516740202,-4.88718315514447e-05,0.000319768893281669,-0.00150178236267973,-3.83086421029688e-05,-0.00223605685312833,-8.18397587103448e-05,0.0590938497748819,-0.0028221623321798,-0.00183928024513058,-4.88718315514447e-05,-0.00170109787527384,0.000178445497978075,2.82487500067319e-05,-0.00223605685312833,-4.88718315514447e-05,-0.00243900392462759
"8:76466932:C:T",-0.000486572961113652,1.09977524953564e-05,3.7078784491662e-05,2.10868806149733e-06,-1.66127285972095e-06,-1.1842850468291e-05,-0.00302085546812325,3.83594233319684e-05,-0.000503323889277318,5.54386556093078e-05,3.33163392713942e-05,-0.00124327603402019,6.42121300957754e-05,1.59467735638685e-05,2.85440054943464e-05,5.37855574753721e-05,7.01139510574933e-05,-0.00321762746806176,4.09616876915209e-05,-2.40307567436204e-05,-0.000204114506544784,-0.000832191725399944,2.5390065829356e-05,-0.00268160810011864,-0.0008903738608117,3.83594233319684e-05,-1.1842850468291e-05,-0.00216494990003646,-0.0015327557269913,-0.000306170062416733,2.06864558780495e-05,-0.000205858888727484,-0.0008903738608117,4.45399261010948e-05,-0.0015327557269913,4.2017981439102e-05,-6.31545034863734e-05,5.37855574753721e-05,-0.00149285276751776,-0.000923335751293664,4.49708250958025e-05,2.5390065829356e-05,1.04892504904086e-06,4.49708250958025e-05,-0.000864379527093284,2.84777748458254e-05,-0.00126858516055073,-6.72451358596504e-06,2.5390065829356e-05,3.08722657784699e-05,9.84497159262077e-06,4.49708250940262e-05,-0.000416211356513152,3.17134741960601e-05,-0.000306170062416733,-0.00083332772960798,-3.52039672613103e-06,2.10868806149733e-06,2.29542955230144e-05,-0.0016843075720816,2.84777748458254e-05,1.09977524953564e-05,-0.000235280841976326,1.81835505435046e-05,-0.00160012400544041,-0.00153022915237422,-0.000644350556912698,-0.000329080782487168,-2.10452888005364e-07,-0.00104418775497006,1.48205897207987e-05,2.10868806149733e-06,-6.35668792678956e-05,-6.72451358596504e-06,-0.00531114852160375,-0.000223987661481573,-0.00086759153840088,-0.00207261107471801,-0.000153363117161298,6.92263605861498e-05,1.48205897207987e-05,9.17470453920544e-06,3.08722657784699e-05,-0.0028221623321798,0.0495666865196549,7.57604324963523e-06,-0.00207261107471801,-0.00173348101474335,-7.92750719389446e-05,-1.1842850468291e-05,9.17470453920544e-06,-0.00207261107471801,-0.000271280181526556
"8:76468869:G:T",2.55045191721592e-05,-0.00198881845041132,-0.00168099167312352,-8.20818850222338e-07,-0.0020716866874162,4.03944277937995e-06,-0.0139743031661528,-1.57598395205127e-05,2.56317663183125e-05,-2.34563023679968e-05,-1.33741219814354e-05,-0.000925589666002757,-0.00997174222485864,-6.06261406321806e-06,-0.00222253706936648,-0.00161265766204721,-3.09807163114684e-05,-0.0143099206455606,-1.70188467398802e-05,7.89776159226818e-06,-0.000767581203350964,-0.0022353963192776,-1.01799920289025e-05,-0.00174471101945617,-7.57166341447402e-05,-1.57598395205127e-05,4.03944277937995e-06,-0.00118891112352593,-0.0022329695526393,-0.00227888919668384,-8.55216811057602e-06,-0.000719236525057454,-7.57166341447402e-05,-1.83406443854395e-05,-0.0022329695526393,-1.71053980277946e-05,-0.00220392875568898,-2.30254856452561e-05,-4.6336190102636e-06,-9.52483321947639e-05,-0.00257296067392598,-1.01799920289025e-05,-4.06885465764617e-07,-0.00257296067392598,-9.88464150282198e-05,-1.11513899581084e-05,-0.00180937978477758,2.1563180432338e-06,-1.01799920289025e-05,-1.22433301310565e-05,-0.00199777217388331,-1.89962790102527e-05,-0.000845839070959364,-0.00244068858160507,-0.00227888919668384,-8.40609358148114e-05,-0.00205080978965988,-8.20818850222338e-07,-9.0950130120504e-06,-2.10656857291269e-06,-1.11513899581084e-05,-4.40671598234132e-06,-0.00173303825778959,-0.00232079509766692,-4.40671598234132e-06,1.18401747037922e-05,-0.00502600529466246,-0.000234928280289814,-3.35834337228391e-07,-0.0016135114726179,-5.58744881473672e-06,-8.20818850222338e-07,1.84725882208525e-05,-0.00201474809698343,-0.00140282966011362,-0.00204684244499198,-0.00521023245368646,-7.03805163926319e-06,-0.000752656538092644,-3.09224612147219e-05,-5.58744881473672e-06,-0.00209820029785313,-1.22433301310565e-05,-0.00183928024513058,7.57604324963523e-06,0.11326626460851,-7.03805163926319e-06,-1.01799920289025e-05,-0.000512177902882271,4.03944277937995e-06,-0.00209820029785313,-7.03805163926319e-06,-0.00272527939087297
"8:76471779:A:G",7.17705073300934e-05,-1.026202408827e-05,-3.30967092638801e-05,-1.94521041141371e-06,-0.0018074069031444,9.53596467745399e-06,-2.03324972414265e-05,-3.43739048123126e-05,7.2288185185343e-05,-4.94837170927909e-05,-2.93689086161564e-05,-0.000136335568274859,-6.25814087769072e-05,-1.37188200355354e-05,-0.00168738422027204,-4.88718315514447e-05,-6.38353789268464e-05,4.1238655511755e-05,-0.00298417580888977,1.90767308270168e-05,-0.000250865080428042,2.0818429683267e-05,-2.28009595888423e-05,-0.0015178729398091,-0.0036213762822177,-3.43739048123126e-05,9.53596467745399e-06,-5.22205772695017e-05,-0.00168193655919868,2.36240213817851e-05,-1.95468901376117e-05,-0.000264620729901743,-0.0036213762822177,-3.94381423136636e-05,-0.00168193655919868,-3.69042470067527e-05,-1.41193898031133e-05,-4.88718315514447e-05,-1.11066449113295e-05,-0.00352755633398605,-0.00142645348473458,-2.28009595888423e-05,-9.66290887305377e-07,-0.00142645348473458,-0.00363190746959141,-2.46281179734353e-05,5.15896456851905e-05,-0.00200767010293479,-2.28009595888423e-05,-2.6966789422822e-05,-9.1726840203421e-06,-0.00307215420246632,-0.000174405869698191,-0.00151920158619578,2.36240213817851e-05,-0.0037165814922604,-0.00253151817828989,-1.94521041141371e-06,-2.0437080398672e-05,-0.0017848666508673,-2.46281179734353e-05,-1.026202408827e-05,-0.000318499186652055,-0.0016089193905735,-1.026202408827e-05,-0.00165404034304473,-0.000109867238786698,3.53223573030803e-05,-1.10763065030994e-06,3.52298962411624e-05,-1.26504072346378e-05,-1.94521041141371e-06,4.83335198318002e-05,4.89185215091226e-06,-0.00364969075306032,-1.85457189205707e-05,-5.1386342953208e-05,0.000300976291258692,0.000105999612237895,-6.395538435644e-05,-1.26504072337497e-05,-9.93039848218302e-06,-2.6966789422822e-05,-4.88718315514447e-05,-0.00207261107471801,-7.03805163926319e-06,0.0536876253613459,-2.28009595888423e-05,5.94950712811126e-05,9.53596467745399e-06,-9.93039848218302e-06,0.000300976291258692,-0.000333901780200208
"8:76472201:A:G",-0.00117235338840871,-1.48771001047265e-05,-0.00152778695707845,-2.80335034918977e-06,-8.5553657189763e-06,1.3361459243022e-05,-0.00183266111287672,-4.98489114093559e-05,-0.0012388328577968,-7.1915967109426e-05,-0.00261443521244331,-0.0071045423656253,-9.32921585068414e-05,-1.96084147026099e-05,-3.85248610097477e-05,-0.00147447529219136,-9.34556664491382e-05,-0.00191442168379163,-0.00158688303337406,2.65757899411412e-05,-8.71936607484969e-05,-0.000606742788013648,-0.00253853284485306,-0.000178296187787197,6.23933255967657e-05,-4.98489114093559e-05,1.3361459243022e-05,-7.60687511123237e-05,-0.00434303905454581,-0.000658964239485194,-2.85208407131421e-05,-0.000872779321984041,6.23933255967657e-05,-5.70978484635276e-05,-0.00434303905454581,-5.32978927241246e-05,-0.00197360297429583,-7.13427055378801e-05,-0.00571427967709592,6.55742690431893e-05,-5.98618134040052e-05,-3.29717430540555e-05,-1.39159006717904e-06,-5.98618134040052e-05,0.000145166252817575,-3.53453022245986e-05,-0.00213528631460491,6.72855700489805e-06,-3.29717430540555e-05,-3.88098238808254e-05,-1.32876495371193e-05,-6.28905023765114e-05,-0.00102739337663404,-4.21949808950828e-05,-0.000658964239485194,0.000139750306518582,2.50756019326559e-06,-2.80335034918977e-06,-2.94782895124968e-05,-7.16395971611661e-06,-3.53453022245986e-05,-1.48771001047265e-05,-0.000581900177454298,-2.49469309085981e-05,-0.00181287907146999,-0.00131046246244182,-6.32430552540697e-05,-0.000631802104040347,-0.00499003508792928,4.8486388984692e-05,-0.00569140746177244,-2.80335034918977e-06,-0.000473600568313692,6.72855700489805e-06,-4.29145888469762e-05,-0.000424108730412875,-8.71029497453435e-05,-2.28009595888423e-05,-0.00454946071345397,-9.40133113012109e-05,-1.80468915882415e-05,-1.47500828617808e-05,-3.88098238808254e-05,-0.00170109787527384,-0.00173348101474335,-1.01799920289025e-05,-2.28009595888423e-05,0.070726482631255,8.07078795324045e-05,1.3361459243022e-05,-1.47500828617808e-05,-2.28009595888423e-05,-0.000230560668728508
"8:76473181:T:A",-0.00033910397068837,3.18888930355143e-05,0.000439591350932744,6.09510787974443e-06,-0.00137710752320785,-4.05150432012391e-05,-0.000625081643344849,0.000125639726255677,-0.000340424678973328,0.000188749075468841,0.000110398698859981,0.000465428390122646,-0.000235653771062161,5.2737627797228e-05,-0.00170832250180464,0.000571299638187917,0.000239610454703332,-8.58301211854595e-05,-0.000626438669955931,-8.19098284425834e-05,-0.000248258656873723,-0.000286740839943178,8.07078795324045e-05,-0.000395967190974567,-0.00104529740722725,0.000125639726255677,-4.05150432012391e-05,0.00019699467331602,-0.000328478406744992,-0.000123562151982171,-0.000411861618372811,6.09997707057275e-05,-0.00104529740722725,0.000149999149246405,-0.000328478406744992,0.000142274978498946,-0.00082574670679314,-0.000747328178341888,2.29471588273356e-05,-0.00103556331932797,-0.000667469962040812,-0.000568703219271605,3.03076270835589e-06,-0.000667469962040812,-0.000937239671898737,9.58298553630499e-05,-0.000105243976038061,-0.000337351031155286,-0.000568703219271605,0.000103033062575975,2.85345892532263e-05,0.000145709190167764,0.000168187857843449,-0.000587071783573201,-0.000123562151982171,-0.000939445593060029,-0.000363391095612897,6.09510787974443e-06,7.34748088317971e-05,1.54953118087775e-05,9.58298553630499e-05,-0.000469721725119499,-0.001229233284473,-0.000519264796987606,3.18888930355143e-05,-0.000126607779138865,0.000136451787698277,-0.0005050613929658,-0.00488932512025197,-0.00265200736898308,4.94147717953197e-05,6.09510787974443e-06,-0.000213605285138918,-0.000337351031155286,-0.000923290186012338,4.51879855818405e-05,0.000180422648516476,5.94950712811126e-05,0.00883425941375648,0.00023190234139836,4.94147717953197e-05,-0.000301789449275169,0.000103033062575975,0.000178445497978075,-7.92750719389446e-05,-0.000512177902882271,5.94950712811126e-05,8.07078795324045e-05,0.0177776143155324,-4.05150432012391e-05,-0.000301789449275169,5.94950712811126e-05,-0.000339396753974874
"8:76476905:A:G",-5.05426217136673e-05,5.86585363926417e-06,1.94422460966237e-05,-0.00203692757812579,-4.2303947100919e-07,-6.0970229984747e-06,-0.00149584410784076,2.01287401644379e-05,-5.08818823412582e-05,2.89900012901967e-05,1.74265591841305e-05,-0.00140108414447759,3.42253592489072e-05,-0.00368726076143133,1.52518647080768e-05,2.82487500067319e-05,3.67604289106538e-05,-0.0013939604909341,2.1524341816459e-05,-1.23496354866859e-05,-0.00522596252743224,-1.47613425278692e-05,1.3361459243022e-05,4.5848635632062e-05,-0.00152265846606969,2.01287401644379e-05,0.000367100882473714,3.04134415651802e-05,-0.0015921323042134,-1.64391981662959e-05,-0.000148366726639537,-0.00525503096682467,-0.00152265846606969,2.32822276018396e-05,-0.0015921323042134,2.19294863681441e-05,-3.18785625852414e-05,-0.000681363029393367,-0.00153520588999889,-0.00153914090142671,2.36761560925558e-05,-0.000349950309261438,-0.00145262123686507,2.36761560925558e-05,-0.00150955985436152,1.48369395649439e-05,-0.00127262694508268,-3.37099867842028e-06,-0.000349950309261438,1.61181202766869e-05,5.25039110321757e-06,2.36761560925558e-05,-0.00512610417377068,1.67469378036245e-05,-1.64391981662959e-05,-0.00149392721056874,-1.66318725103309e-06,1.12371728366867e-06,-0.00206202535915434,2.85442108349798e-06,1.48369395649439e-05,-0.000188129721491848,-0.00540844435267029,9.70558051527348e-06,5.86585363926417e-06,-1.92364231388353e-05,-0.0050747003530045,-2.64927401332216e-05,1.02097748033714e-07,-2.35206475709404e-05,7.71315590775146e-06,1.12371728366867e-06,-3.25080193235294e-05,-3.37099867842028e-06,-0.00147582490916331,9.90086067886864e-06,-0.0049945305228567,9.53596467745399e-06,-0.000272952661526382,3.64175552123314e-05,7.71315590775146e-06,5.11348542797663e-06,1.61181202766869e-05,2.82487500067319e-05,-1.1842850468291e-05,4.03944277937995e-06,9.53596467745399e-06,1.3361459243022e-05,-4.05150432012391e-05,0.0662991113460079,5.11348542797663e-06,9.53596467745399e-06,-0.00534757091713622
"8:76478991:G:A",-0.000299454699298707,-6.81370316604202e-05,-0.00731344517106436,-1.10198567959685e-06,-0.000141205521095422,5.11348542797663e-06,-0.00350936289450354,-2.36497954988479e-05,-0.000334649677768084,-0.00143830060349259,-1.97331497124864e-05,-0.00365734350845681,-0.00168297146366836,-0.00170928604808918,-0.00113145642759527,-0.00178809859043305,-0.000809117473273169,-0.00199197114331406,-0.00851526333207708,-0.00317627075573057,-5.47208494143803e-05,-0.000770297043979795,-0.000476173890804787,-0.000541431456313468,7.15700446467515e-05,-2.36497954988479e-05,5.11348542797663e-06,-3.90308254267779e-05,-3.00549533411854e-05,-6.57163730712895e-05,-0.00128837855133757,-0.00499281385656758,7.15700446467515e-05,-2.7850490786463e-05,-3.00549533411854e-05,-0.000761366937665819,-0.00170649227337449,0.000319942502967407,-0.00400610828721959,6.15962515633228e-05,-0.00366046169766943,0.000179886257181572,-5.43918136308719e-07,-0.00366046169766943,0.000171179243873887,-1.61780504193132e-05,-0.000167410078573127,2.77218822475334e-06,0.000179886257181572,-1.79128607227241e-05,-6.81255942405201e-05,-0.00173772073864153,-0.00430835716492695,-0.00386559220501947,-6.57163730712895e-05,0.000176306625810696,-0.00223000320621569,-1.10198567959685e-06,-0.00528786391445646,-2.86511111369236e-06,-1.61780504193132e-05,-1.83372859563491e-05,-0.00248476340130699,-0.00406519284167661,-6.12630964003102e-06,1.34394487192324e-05,-3.8299575789047e-05,0.000790580331273105,-0.00205299115808177,-0.00140095869423273,-0.00151662497283489,-1.10198567959685e-06,-0.00364023221617682,-0.0023531992733492,-0.00520608161526059,-0.00202895279253035,-0.00039495174565829,-9.93039848218302e-06,-0.000559338805941501,-5.0127800534483e-05,-7.77781834937485e-06,0.0020556602983044,-0.00313544765746432,-0.00223605685312833,9.17470453920544e-06,-0.00209820029785313,-9.93039848218302e-06,-1.47500828617808e-05,-0.000301789449275169,5.11348542797663e-06,0.108417649999998,-9.93039848218302e-06,-0.00136400836865658
"8:76479868:G:A",7.17705073300934e-05,-1.026202408827e-05,-3.30967092638801e-05,-1.94521041141371e-06,-0.0018074069031444,9.53596467745399e-06,-2.03324972414265e-05,-3.43739048123126e-05,7.2288185185343e-05,-4.94837170927909e-05,-2.93689086161564e-05,-0.000136335568274859,-6.25814087769072e-05,-1.37188200355354e-05,-0.00168738422027204,-4.88718315514447e-05,-6.38353789268464e-05,4.1238655511755e-05,-0.00298417580888977,1.90767308270168e-05,-0.000250865080428042,2.0818429683267e-05,-2.28009595888423e-05,-0.0015178729398091,-0.0036213762822177,-3.43739048123126e-05,9.53596467745399e-06,-5.22205772695017e-05,-0.00168193655919868,2.36240213817851e-05,-1.95468901376117e-05,-0.000264620729901743,-0.0036213762822177,-3.94381423136636e-05,-0.00168193655919868,-3.69042470067527e-05,-1.41193898031133e-05,-4.88718315514447e-05,-1.11066449113295e-05,-0.00352755633398605,-0.00142645348473458,-2.28009595888423e-05,-9.66290887305377e-07,-0.00142645348473458,-0.00363190746959141,-2.46281179734353e-05,5.15896456851905e-05,-0.00200767010293479,-2.28009595888423e-05,-2.6966789422822e-05,-9.1726840203421e-06,-0.00307215420246632,-0.000174405869698191,-0.00151920158619578,2.36240213817851e-05,-0.0037165814922604,-0.00253151817828989,-1.94521041141371e-06,-2.0437080398672e-05,-0.0017848666508673,-2.46281179734353e-05,-1.026202408827e-05,-0.000318499186652055,-0.0016089193905735,-1.026202408827e-05,-0.00165404034304473,-0.000109867238786698,3.53223573030803e-05,-1.10763065030994e-06,3.52298962411624e-05,-1.26504072346378e-05,-1.94521041141371e-06,4.83335198318002e-05,4.89185215091226e-06,-0.00364969075306032,-1.85457189205707e-05,-5.1386342953208e-05,0.000300976291258692,0.000105999612237895,-6.395538435644e-05,-1.26504072337497e-05,-9.93039848218302e-06,-2.6966789422822e-05,-4.88718315514447e-05,-0.00207261107471801,-7.03805163926319e-06,0.000300976291258692,-2.28009595888423e-05,5.94950712811126e-05,9.53596467745399e-06,-9.93039848218302e-06,0.0536876253613459,-0.000333901780200208
"8:76480054:C:A",-0.00342995393272982,-0.000395507011069718,-0.00243836550961163,-0.0024233698343048,-0.00545148702216736,2.10003779077539e-06,-0.0041552075443696,-0.0036263306213753,-0.00336081044655678,-0.00371017726542089,-2.0731511412464e-05,-0.00805248316708829,-0.0020310237115102,-0.00166393335803949,-0.00482017322061434,-0.000221930052043184,-0.0014846238272197,-0.00572608999148194,-0.00738951730550674,-0.000192659518016391,-0.00826912298601146,-0.0118426194367629,-0.0042731157247502,-0.00122695328753553,-0.00233857866541465,-0.00173695303992805,-0.00534757091713622,-0.00265802607289345,-0.00584150145395768,-0.0125315002366095,-0.00124675990509537,-0.0100044050498278,-0.00233857866541465,-0.00122784991241698,-0.00584150145395768,-0.00313361406978974,-0.0021210926276094,-0.00165437677689351,-0.00114974747962471,-0.00228833795902572,-0.00317439783612095,-0.00187605652141798,-0.00388148001040189,-0.00317439783612095,-0.00193734175839833,-0.000957930336547008,-0.00715653239038794,1.42268041081195e-06,-0.00187605652141798,-0.00314079330632389,-0.000410455544755273,-0.00242047599164152,-0.00927337358778768,-0.00335510509298498,-0.0125315002366095,-0.00199196785942979,-0.00488742120788199,-6.9770956567794e-07,-0.00024574618568618,-0.000694217775592421,-0.000957930336547008,-0.00201924992970426,-0.0156317848517413,-0.00358799743648497,-0.000395507011069718,-0.000916276532166194,-0.00581434882047738,-0.00341654260718638,-0.000564106781482998,-0.00297664897264305,-6.36166397693927e-06,-6.9770956567794e-07,-0.00226525816658718,-0.00662992901062776,-0.00256236891385919,-0.0068381653931997,-0.00828391276268903,-0.000333901780200208,-0.00131165545876577,-0.00159931036296523,-6.36166397693927e-06,-0.00136400836865658,-0.000258443784046491,-0.00243900392462759,-0.000271280181526556,-0.00272527939087297,-0.000333901780200208,-0.000230560668728508,-0.000339396753974874,-0.00534757091713622,-0.00136400836865658,-0.000333901780200208,0.291774677646608
