"","19:19323997:G:A","19:19324806:C:G","19:19328858:T:C","19:19330823:G:A","19:19334282:T:A","19:19336608:C:T","19:19341850:G:A","19:19344450:G:A","19:19346397:T:A","19:19348311:T:A","19:19348947:T:C","19:19349377:A:G","19:19351968:G:A","19:19352928:C:T","19:19353979:G:T","19:19354627:G:T","19:19354697:T:C","19:19354937:T:C","19:19355160:C:T","19:19355485:C:T","19:19355966:G:A"
"19:19323997:G:A",0.0170260023434468,-0.000165415519629342,9.59432490788004e-07,-7.06115959747677e-06,1.07051665878544e-05,-3.60416269780117e-05,2.90625456322857e-06,-2.02496379486661e-05,-0.00444140076878252,9.90759102235117e-05,1.54763663440249e-05,-2.02496379486661e-05,-0.00377496742678307,-3.36625222461251e-05,-0.00127175139104541,-1.27605767357153e-05,3.89390755106689e-06,-0.00556224965791152,-0.000170934017437396,-3.61355939437757e-05,-0.00160613984421953
"19:19324806:C:G",-0.000165415519629342,0.0305315309846708,4.66215436301098e-06,-0.000346913607011778,-0.00106129024942891,0.000376707793719788,-0.00282616701421912,-0.000118872739405695,-0.00164344026669472,-0.000645463214153708,0.000158895757024879,-0.00310120786160883,-0.00612826928568655,-0.000895034305885112,-0.000395073809321467,-0.00503608199225969,-0.0024413096221565,-0.00478265962647617,-8.94479006330329e-06,-0.000138599646704485,-0.00133705313907306
"19:19328858:T:C",9.59432490788004e-07,4.66215436301098e-06,-2.54480294614723e-06,3.56530902578811e-07,-6.83948611523988e-07,-3.71619887573615e-06,-1.68433871294837e-07,1.00456487217571e-06,-6.6883726077549e-06,-7.91771548414033e-06,-8.99621857897159e-07,1.00456487217571e-06,4.08501562088048e-06,1.59931555643311e-06,3.52726395114189e-06,6.2030018721515e-07,-2.26514956125357e-07,3.86410483965705e-06,-7.97445295575017e-07,1.70982427860622e-06,2.49982571531859e-07
"19:19330823:G:A",-7.06115959747677e-06,-0.000346913607011778,3.56530902578811e-07,0.00764291108311532,-0.00056467394608184,1.79928691412812e-05,1.07676773364318e-06,-7.41690773242709e-06,2.69221848538947e-05,-0.00232599730134542,5.47820117802189e-06,-7.41690773242709e-06,-0.000695779588778755,-1.25886104234141e-05,-0.00017374954053917,-4.49173809347059e-06,1.44049686667813e-06,-0.000974728183217977,4.82418238689775e-06,-1.36018004441851e-05,-0.00256658302517998
"19:19334282:T:A",1.07051665878544e-05,-0.00106129024942891,-6.83948611523988e-07,-0.00056467394608184,0.0220924315461608,-0.000548959052003362,-2.10287612034676e-06,-0.00172613834957769,-0.00297170056493368,-0.00478095966080971,-1.13930010847696e-05,-0.00172613834957769,-0.000247459130506389,1.69766251119086e-05,-0.000182666959751998,-0.00206625298745333,-0.00197538786136242,-0.00035813857874345,-0.00183095802214961,1.79800708508537e-05,-0.0020831898705147
"19:19336608:C:T",-3.60416269780117e-05,0.000376707793719788,-3.71619887573615e-06,1.79928691412812e-05,-0.000548959052003362,0.0283885259545085,-0.00159210033736912,-0.00155824733131116,-0.000347105552261695,-0.000344352411693727,-0.00170407573722819,-0.00268388314403545,-5.79024564770769e-05,-0.00275105891793448,0.000167202822209944,-0.00213052749421383,-0.00225419684733819,-0.00441016326899391,-0.00843475953106498,-9.62895466551927e-05,2.9500148546191e-06
"19:19341850:G:A",2.90625456322857e-06,-0.00282616701421912,-1.68433871294837e-07,1.07676773364318e-06,-2.10287612034676e-06,-0.00159210033736912,0.00875404701065463,3.04404098816491e-06,-0.00103907987715157,-2.40918858604999e-05,-2.73349665036449e-06,3.04404098816491e-06,-0.00171630386285315,4.84946335355119e-06,1.06955579166623e-05,1.87046067523511e-06,-6.91299822719316e-07,-0.00158159781704281,-2.43489820128673e-06,5.18675462579665e-06,7.5144766320534e-07
"19:19344450:G:A",-2.02496379486661e-05,-0.000118872739405695,1.00456487217571e-06,-7.41690773242709e-06,-0.00172613834957769,-0.00155824733131116,3.04404098816491e-06,0.0146798866325968,-0.00208037344650425,-6.17367593438445e-05,1.62856359535724e-05,-2.11877264923999e-05,-0.00225595292618586,-3.51275126790895e-05,-9.66863952509556e-05,-0.00147690489719121,-0.00288135689073599,-0.00233077549896876,1.38892627576936e-05,-3.76842321330173e-05,-5.39888570738611e-06
"19:19346397:T:A",-0.00444140076878252,-0.00164344026669472,-6.6883726077549e-06,2.69221848538947e-05,-0.00297170056493368,-0.000347105552261695,-0.00103907987715157,-0.00208037344650425,0.0304600606653143,-0.0026657706936799,-0.00117814374348768,9.40078000866151e-05,-0.00240978008790371,0.00015978478649803,0.000395581331921413,-0.00254900774450828,-2.72918281476464e-05,-0.00395506758376207,-0.00601135021049704,0.000176441411980477,1.34025602678278e-05
"19:19348311:T:A",9.90759102235117e-05,-0.000645463214153708,-7.91771548414033e-06,-0.00232599730134542,-0.00478095966080971,-0.000344352411693727,-2.40918858604999e-05,-6.17367593438445e-05,-0.0026657706936799,0.0232746871902489,0.000327953522051949,0.00010638159579468,5.99686690159196e-05,-0.00281051799707033,-0.00364162336866602,-0.00245722676985682,-3.23531320960413e-05,-0.000269440890138917,-0.00162314238556771,0.00020081597776489,-0.0023782886793331
"19:19348947:T:C",1.54763663440249e-05,0.000158895757024879,-8.99621857897159e-07,5.47820117802189e-06,-1.13930010847696e-05,-0.00170407573722819,-2.73349665036449e-06,1.62856359535724e-05,-0.00117814374348768,0.000327953522051949,0.0087220207090386,1.62856359535724e-05,-0.00217036693998374,2.68520252788562e-05,6.78441513981554e-05,-0.00263040996371622,-3.66819194308476e-06,-0.00167542808568832,-1.26564712896737e-05,2.89947389155998e-05,3.68850979270974e-06
"19:19349377:A:G",-2.02496379486661e-05,-0.00310120786160883,1.00456487217571e-06,-7.41690773242709e-06,-0.00172613834957769,-0.00268388314403545,3.04404098816491e-06,-2.11877264923999e-05,9.40078000866151e-05,0.00010638159579468,1.62856359535724e-05,0.0206102863721371,-0.00711608555791887,-3.51275126790895e-05,-0.00120840695946356,-1.33978489760267e-05,4.07925330581094e-06,-0.00487279390162243,1.38892627576936e-05,-3.76842321330173e-05,-5.39888570738611e-06
"19:19351968:G:A",-0.00377496742678307,-0.00612826928568655,4.08501562088048e-06,-0.000695779588778755,-0.000247459130506389,-5.79024564770769e-05,-0.00171630386285315,-0.00225595292618586,-0.00240978008790371,5.99686690159196e-05,-0.00217036693998374,-0.00711608555791887,0.0377311489403911,-0.00294713131467272,0.000637856065003994,-0.000857282722112274,-0.00253357744664129,-0.00181230079730543,-0.00251902720061103,0.000228763060927228,-0.00141963500653919
"19:19352928:C:T",-3.36625222461251e-05,-0.000895034305885112,1.59931555643311e-06,-1.25886104234141e-05,1.69766251119086e-05,-0.00275105891793448,4.84946335355119e-06,-3.51275126790895e-05,0.00015978478649803,-0.00281051799707033,2.68520252788562e-05,-3.51275126790895e-05,-0.00294713131467272,0.0140991704063564,-0.000949606043091578,-2.29369332984675e-05,6.50084938680351e-06,-0.000106799102221444,-0.00307008838811917,0.000579125428276761,-0.00122517973949776
"19:19353979:G:T",-0.00127175139104541,-0.000395073809321467,3.52726395114189e-06,-0.00017374954053917,-0.000182666959751998,0.000167202822209944,1.06955579166623e-05,-9.66863952509556e-05,0.000395581331921413,-0.00364162336866602,6.78441513981554e-05,-0.00120840695946356,0.000637856065003994,-0.000949606043091578,0.0133571491679669,-7.0494598075399e-05,1.43378047354759e-05,-0.000378414746925237,-5.76110000425345e-05,-0.000165351690980309,-0.00606275766195008
"19:19354627:G:T",-1.27605767357153e-05,-0.00503608199225969,6.2030018721515e-07,-4.49173809347059e-06,-0.00206625298745333,-0.00213052749421383,1.87046067523511e-06,-0.00147690489719121,-0.00254900774450828,-0.00245722676985682,-0.00263040996371622,-1.33978489760267e-05,-0.000857282722112274,-2.29369332984675e-05,-7.0494598075399e-05,0.0268969552380929,-0.00208235631176201,-0.00173589323785883,-0.00193911281669568,-2.47808070428235e-05,-0.00178952655910525
"19:19354697:T:C",3.89390755106689e-06,-0.0024413096221565,-2.26514956125357e-07,1.44049686667813e-06,-0.00197538786136242,-0.00225419684733819,-6.91299822719316e-07,-0.00288135689073599,-2.72918281476464e-05,-3.23531320960413e-05,-3.66819194308476e-06,4.07925330581094e-06,-0.00253357744664129,6.50084938680351e-06,1.43378047354759e-05,-0.00208235631176201,0.020170397990606,-0.00597291614009254,-3.27558280499574e-06,6.95450405441278e-06,1.00286335324995e-06
"19:19354937:T:C",-0.00556224965791152,-0.00478265962647617,3.86410483965705e-06,-0.000974728183217977,-0.00035813857874345,-0.00441016326899391,-0.00158159781704281,-0.00233077549896876,-0.00395506758376207,-0.000269440890138917,-0.00167542808568832,-0.00487279390162243,-0.00181230079730543,-0.000106799102221444,-0.000378414746925237,-0.00173589323785883,-0.00597291614009254,0.0424151911054502,-0.000115658983133038,8.11013445636277e-05,-0.00160513045475064
"19:19355160:C:T",-0.000170934017437396,-8.94479006330329e-06,-7.97445295575017e-07,4.82418238689775e-06,-0.00183095802214961,-0.00843475953106498,-2.43489820128673e-06,1.38892627576936e-05,-0.00601135021049704,-0.00162314238556771,-1.26564712896737e-05,1.38892627576936e-05,-0.00251902720061103,-0.00307008838811917,-5.76110000425345e-05,-0.00193911281669568,-3.27558280499574e-06,-0.000115658983133038,0.0266211011954276,-0.000856231122321915,3.27896196505861e-06
"19:19355485:C:T",-3.61355939437757e-05,-0.000138599646704485,1.70982427860622e-06,-1.36018004441851e-05,1.79800708508537e-05,-9.62895466551927e-05,5.18675462579665e-06,-3.76842321330173e-05,0.000176441411980477,0.00020081597776489,2.89947389155998e-05,-3.76842321330173e-05,0.000228763060927228,0.000579125428276761,-0.000165351690980309,-2.47808070428235e-05,6.95450405441278e-06,8.11013445636277e-05,-0.000856231122321915,8.94914942097813e-05,-1.02059380893138e-05
"19:19355966:G:A",-0.00160613984421953,-0.00133705313907306,2.49982571531859e-07,-0.00256658302517998,-0.0020831898705147,2.9500148546191e-06,7.5144766320534e-07,-5.39888570738611e-06,1.34025602678278e-05,-0.0023782886793331,3.68850979270974e-06,-5.39888570738611e-06,-0.00141963500653919,-0.00122517973949776,-0.00606275766195008,-0.00178952655910525,1.00286335324995e-06,-0.00160513045475064,3.27896196505861e-06,-1.02059380893138e-05,0.0220691633491992
