"","1:163113260:G:T","1:163115186:G:A","1:163115938:C:T","1:163117796:C:T","1:163119958:A:G","1:163120238:C:T","1:163125196:T:A","1:163128558:G:A","1:163128665:C:T","1:163129252:A:G","1:163130440:G:C","1:163183999:G:C","1:163193441:A:G","1:163193584:C:T","1:163195122:T:C","1:163195925:G:T","1:163195988:G:A","1:163196437:C:T","1:163199332:C:T","1:163205031:G:C","1:163205346:T:G","1:163207342:G:A","1:163208083:A:G","1:163209741:T:C","1:163209848:T:C","1:163212997:C:T","1:163214990:G:A","1:163217755:A:G","1:163219580:C:T","1:163221217:C:T","1:163221362:A:G","1:163222214:T:A","1:163224139:G:C","1:163224580:T:C","1:163224635:C:G","1:163224759:G:A","1:163225024:T:C","1:163228732:G:A","1:163229070:T:C","1:163229135:C:T","1:163229838:A:G","1:163233645:A:C","1:163235144:C:A","1:163240377:T:C","1:163241577:G:A","1:163241589:T:C","1:163243473:T:C","1:163244640:G:C","1:163246218:T:G","1:163246976:T:A","1:163252747:A:G","1:163253070:G:C","1:163254515:T:C","1:163257533:C:T","1:163257958:A:G","1:163260796:T:C","1:163260844:A:G","1:163261918:C:T","1:163262589:T:C","1:163264969:G:C","1:163267043:G:A","1:163268290:C:G","1:163268715:G:A","1:163269138:A:G","1:163271348:C:T","1:163271469:A:T","1:163272050:G:C","1:163272514:C:T","1:163272877:A:G","1:163273840:A:C","1:163274067:C:T","1:163274169:G:T","1:163275169:C:T","1:163276396:A:G","1:163279407:C:T","1:163280358:C:T","1:163281187:C:G","1:163281275:T:C","1:163282821:A:G","1:163283721:T:C","1:163285299:T:C","1:163285589:C:T","1:163285921:T:G","1:163286726:G:A","1:163289571:C:T","1:163291048:C:T"
"1:163113260:G:T",0.42607797941326,-0.00158602258544338,-0.0010307751309897,-0.000401212306976539,-0.00077050674326351,-0.00384833946676411,-0.000762540951591006,-0.00357250009389087,-0.00975213775202244,-0.0010307751309897,-0.000844475584988125,-0.00274631044267659,-0.00135790826867144,-0.00373395271710386,-0.0110298071556487,-0.0092903302222771,-0.000538411092070312,-0.00573055253614285,-0.00479618604579057,-0.00492786864134098,-0.00711809525406215,-0.00238274808067196,-0.00614531854109668,-0.000571804756575922,-0.0131715621851312,-0.0107672564239136,-0.00472147220339014,-0.0166487027478377,-0.00551383122861715,-0.00561453463143735,-9.29369950197767e-05,-0.000538411092070312,-0.00012863496644222,-0.00522358867232287,-0.00711809525406215,-0.00238274808067196,-0.00253604079614433,-0.00352665177431222,-0.01342596509348,-0.0084558607038101,-0.000538411092070312,-0.00253504856666664,-9.29369950197767e-05,0.000311388728344575,-0.00833753162511108,-0.00238274808067196,-0.00490783157394636,-0.00404304426186997,-0.0172306738699382,-0.00253504856666664,-0.00338159462368504,-0.01342596509348,-0.0084558607038101,-0.0114914922208498,-0.000329474002388253,-0.00238274808067196,-0.01342596509348,-0.00360720075549903,-0.00404304426186997,-0.00253604079614433,-0.0107672564239136,-0.0114914922208498,-0.00187727787014413,-0.00135790826867144,-0.00253504856666664,-0.00517860972840012,-0.0013000309117972,-0.0110499789972489,-0.00227483183073529,-0.0108170221747916,-0.00278434301889607,-0.000538411092070312,-0.00614486007129766,-0.0133135450733946,-0.00261849586374652,-0.00012863496644222,-0.00187727787014413,-0.00253504856666664,-0.00278434301889607,-0.0110499789972489,-0.00522358867232287,-0.0116184021492769,-0.000538411092070312,-0.00349539065785187,-0.00798010606156874,-0.00559154136294104
"1:163115186:G:A",-0.00158602258544338,0.0999624959591969,4.41446296441939e-05,3.89007283363441e-05,-3.80097943528668e-05,9.45387420188126e-05,5.09046629613152e-05,-2.50158717847171e-05,-0.00311285609850476,4.41446296441939e-05,4.81575908448661e-05,-1.57479406235339e-05,-2.59904198145477e-05,-0.00611656413440897,-0.000798021177810249,-0.000123541734481591,6.40386233525803e-05,-0.00632044904158846,-0.00707700251745358,1.02661282044281e-05,-0.000110008559484953,-7.03390061218556e-06,-0.00146486331385187,5.09046629604271e-05,-0.00666943938146591,-0.000776092610863088,-0.000868665559374371,1.90767308252404e-05,-0.00924282564854462,3.49413505276175e-05,1.4338928979285e-05,6.40386233525803e-05,1.78733884688143e-05,-0.0075872832444146,-0.000110008559484953,-7.03390061218556e-06,2.27651824467046e-05,5.97031993203601e-05,8.76303502446163e-05,-0.00137610215345685,6.40386233525803e-05,-5.60297874763194e-07,1.4338928979285e-05,-5.30432694008098e-05,-0.000825505066169185,-7.03390061218556e-06,-0.000436658023772907,-0.0071034880523797,-0.00150134262499257,-5.60297874763194e-07,-0.000745448766484635,8.76303502446163e-05,-0.00137610215345685,-0.000725060482016815,-9.19467847904087e-06,-7.03390061218556e-06,8.76303502446163e-05,-2.98091174970594e-05,-0.0071034880523797,2.27651824467046e-05,-0.000776092610863088,-0.000725060482016815,6.25987932254546e-05,-2.59904198145477e-05,-5.60297874763194e-07,-2.20281329079697e-05,-8.12016132556437e-06,9.97105986249025e-05,-0.00673839350653704,-0.000798021177810249,6.73282541718834e-06,6.40386233525803e-05,-0.000815547704938524,-0.00256466893359786,7.3993828267227e-05,1.78733884688143e-05,6.25987932254546e-05,-5.60297874763194e-07,6.73282541718834e-06,9.97105986249025e-05,-0.00758728324441549,-0.000734810893318283,6.40386233525803e-05,-6.58171215501824e-05,-0.00732416745271003,6.73282541718834e-06
"1:163115938:C:T",-0.0010307751309897,4.41446296441939e-05,0.060723253194034,-7.60387702971599e-05,6.66508036379909e-05,-0.000188952986707847,-9.84706197693086e-05,4.41446296424175e-05,-0.000721632444529163,0.00308659216413965,-9.23997935426968e-05,2.40502875197279e-05,4.6246318899712e-05,1.51177623024523e-05,-0.00147836848569227,0.000208116346746223,-0.000123805616669692,-0.00207107437445764,-2.98252026578183e-05,-0.000659288049043028,0.000187698762903921,1.04394501585503e-05,-0.00210061249257798,-9.84706197693086e-05,-0.00163955492903423,-0.00152604633753572,-2.75491112553539e-05,-3.69042470067527e-05,-2.6769579323016e-05,-6.73343776407265e-05,-2.66150414232058e-05,-0.000123805616669692,-3.428595459809e-05,7.16555058577484e-05,0.000187698762903921,1.04394501585503e-05,-0.000499768189505367,-0.000147216112710069,-0.00140523338205956,-0.00658976822309842,-0.000123805616669692,-9.30620073358313e-06,-2.66150414232058e-05,-0.00592538109617724,-0.00141074649764672,1.04394501585503e-05,-0.000995777497021066,-3.14917339370169e-05,-0.00741248471618228,-9.30620073358313e-06,-3.29684209630088e-05,-0.00140523338205956,-0.00658976822309842,0.000561117332486205,1.51177623033405e-05,1.04394501585503e-05,-0.00140523338205956,-0.00692999330863131,-3.14917339370169e-05,-0.000499768189505367,-0.00152604633753572,0.000561117332486205,-0.000120599481260086,4.6246318899712e-05,-9.30620073358313e-06,3.76880092103349e-05,1.27926517832222e-05,-0.00135512096973844,-4.7699080941932e-05,-0.00147836848569227,-1.45732677303556e-05,-0.000123805616669692,-0.000121326935984101,0.000613755456213561,-0.000142431248581154,-3.428595459809e-05,-0.000120599481260086,-9.30620073358313e-06,-1.45732677303556e-05,-0.00135512096973844,7.16555058586366e-05,0.000561117332487093,-0.000123805616669692,0.000114292343527111,-0.00697054770145122,-1.45732677303556e-05
"1:163117796:C:T",-0.000401212306976539,3.89007283363441e-05,-7.60387702971599e-05,0.186962191425099,5.83676715226744e-05,-0.00337334503781772,-8.98867365233258e-05,3.89007283354559e-05,-0.00155891658029628,-7.60387702971599e-05,-0.000860271907164645,-0.00170101446965543,4.06987208920739e-05,1.35120340676309e-05,-0.00604010598722748,-0.00266509607345711,-0.000113803192973272,-0.0055581131131448,-0.000130477435804188,-0.00284566345717341,-0.00352928022976595,9.42386529523276e-06,-0.00760353564152272,-8.98867365233258e-05,-0.000916467856356462,-0.00592780544047056,-2.44758967591352e-05,-3.30967092647683e-05,-0.000145330824341983,-6.09378299705199e-05,-2.38572010555771e-05,-0.000113803192973272,-3.07399956955834e-05,-0.00310734088369991,-0.00352928022976595,9.42386529523276e-06,-4.03631422747353e-05,-0.00567732350061689,-0.00327647488285532,-0.00902944433170383,-0.000113803192973272,-0.000247592428106458,-2.38572010555771e-05,8.08977775257347e-05,-0.00637254340783144,9.42386529523276e-06,-0.00466975617653276,-0.00222003800570558,-0.00878975390634817,-0.000247592428106458,-2.93405768694299e-05,-0.00327647488285532,-0.00902944433170383,-0.0114583986322208,1.35120340685191e-05,9.42386529523276e-06,-0.00327647488285532,-0.000201794608963191,-0.00222003800570558,-4.03631422747353e-05,-0.00592780544047056,-0.0114583986322208,-0.000110773849264056,4.06987208920739e-05,-0.000247592428106458,3.33611295744163e-05,-0.00423635206446082,-0.00341629425634249,-0.00133416307226497,-0.00604010598722748,-1.2894678171449e-05,-0.000113803192973272,-0.000111230909424442,-0.00967341450881243,-0.000301668969008517,-3.07399956955834e-05,-0.000110773849264056,-0.000247592428106458,-1.2894678171449e-05,-0.00341629425634249,-0.00310734088369991,-0.0111271657143086,-0.000113803192973272,-0.00111978995009032,-0.00134012691542296,-0.00288102240413934
"1:163119958:A:G",-0.00077050674326351,-3.80097943528668e-05,6.66508036379909e-05,5.83676715226744e-05,0.118816309870651,0.000142106842122125,7.66157576919113e-05,-3.80097943519786e-05,-6.02993404186236e-06,6.66508036379909e-05,7.25658671054674e-05,-2.45215948710964e-05,-3.94275990425186e-05,-1.41574725454063e-05,-0.00324342420316714,-0.000603203634511829,9.65169990054804e-05,-0.000993076691802486,-0.00114490280232626,1.50325243328808e-05,-0.000320341713032413,-1.1002487908307e-05,-0.000863738526272861,7.66157576919113e-05,-0.00497252496374845,-0.0033110463304995,1.85791340800989e-05,2.86184255822164e-05,-1.80796577708975e-05,5.25413771201855e-05,2.16644779129638e-05,9.65169990054804e-05,2.68520252788562e-05,-6.62748603392771e-05,-0.000320341713032413,-1.1002487908307e-05,-0.00040632701388077,-2.15551165796413e-05,-0.00593163211274383,-0.00598302987050392,9.65169990054804e-05,-0.00117301165799244,2.16644779129638e-05,-8.04735325585781e-05,-0.00304379499728924,-1.1002487908307e-05,-0.00399692648607264,1.69766251110204e-05,-0.00379020773438743,-0.00117301165799244,2.22061681620644e-05,-0.00593163211274383,-0.00598302987050392,-0.00886366195518296,-1.41574725454063e-05,-1.1002487908307e-05,-0.00593163211274383,-0.00121154395249778,1.69766251110204e-05,-0.00040632701388077,-0.0033110463304995,-0.00886366195518296,9.43906748096524e-05,-3.94275990425186e-05,-0.00117301165799244,-3.36625222461251e-05,-1.25886104234141e-05,-0.00630787591192838,3.58782591094453e-05,-0.00324342420316714,9.85767509131819e-06,9.65169990054804e-05,8.8298079615079e-05,-0.00874798974274782,0.000111708857622794,2.68520252788562e-05,9.43906748096524e-05,-0.00117301165799244,9.85767509131819e-06,-0.00630787591192838,-6.62748603383889e-05,-0.00880306877815595,9.65169990054804e-05,-0.00052035968678954,-0.00120380974707146,9.85767509131819e-06
"1:163120238:C:T",-0.00384833946676411,9.45387420188126e-05,-0.000188952986707847,-0.00337334503781772,0.000142106842122125,0.174923398639768,-0.00122873329210549,9.45387420188126e-05,-0.00505136317952637,-0.000188952986707847,-0.000211337554876678,-7.36711453264149e-06,9.96627815972317e-05,-0.00637215773604183,-0.00298503160385888,-0.00296913976151814,0.000320281938202882,-0.00118740223543723,-0.00827848459922809,-5.52299833493919e-05,0.000391958046207286,-0.000976036139642034,-0.00137017817702922,0.000228661918377782,-0.00477413929596171,-0.00290642962262844,-6.84778014994336e-05,-0.00315026471862634,-0.00534709793219079,-0.000154531923695522,0.00039968562495396,0.000320281938202882,-7.83195635545297e-05,-0.00653211632114203,0.000391958046207286,-0.000976036139642034,-0.00312657928836835,-0.00325291525842442,-0.000450555671710262,-0.00782828556251181,0.000320281938202882,-0.000141913695393292,0.00039968562495396,-0.000974687314906575,-0.00569229205813571,-0.000976036139642034,-0.00570033947854576,-0.00724170924274059,-0.00957987183341968,-0.000141913695393292,-8.21132571351413e-05,-0.000450555671710262,-0.00782828556251181,-0.000790104456821261,-0.00231457528965962,-0.000976036139642034,-0.000450555671710262,7.26449301158283e-06,-0.00724170924274059,-0.00312657928836835,-0.00290642962262844,-0.000790104456821261,-0.00309659940640827,9.96627815972317e-05,-0.000141913695393292,-0.0048145103289654,2.4702100296814e-05,-0.000249844391610132,-0.00739350448580822,-0.00234172814128986,-6.59216884209002e-05,0.000320281938202882,-0.00287675819535504,-0.00127007623465447,-0.000326330886280424,-7.83195635545297e-05,-0.00309659940640827,-0.000141913695393292,-6.59216884209002e-05,-0.000249844391610132,-0.00653211632114115,-0.00147318859991685,0.000320281938202882,-0.00290333662741027,-0.00579962968079917,-0.00163756357227918
"1:163125196:T:A",-0.000762540951591006,5.09046629613152e-05,-9.84706197693086e-05,-8.98867365233258e-05,7.66157576919113e-05,-0.00122873329210549,0.0649946459333206,5.09046629622034e-05,-0.00276883604103517,-9.84706197693086e-05,-0.000109172905879973,2.73508852171034e-05,5.33576150623105e-05,1.73530861209414e-05,4.68548332861474e-05,-0.000318103707835249,-0.000146909930481165,-0.000851852626393423,-0.00274035340679024,-0.00296548336537672,-0.00148073734602772,1.18383342195827e-05,-0.000970007955936936,-0.000116544831756826,-0.00153859355605501,4.18772037997783e-05,-3.27188960262959e-05,-4.33698894859447e-05,-0.00314870822595203,-7.93805560386218e-05,-3.10970718473413e-05,-0.000146909930481165,-4.02425884491464e-05,8.19027996561417e-05,-0.00148073734602772,1.18383342195827e-05,-0.001287869996621,7.53824129073877e-06,-0.00126923871840745,-0.00121110815999614,-0.000146909930481165,-0.00272769500176739,-3.10970718473413e-05,-0.0038716122699185,-7.8912330936376e-06,1.18383342195827e-05,-0.00100060335624352,-3.80202161931464e-05,-0.00197315708283075,-0.00272769500176739,-3.91936476153987e-05,-0.00126923871840745,-0.00121110815999614,-0.000290481594580339,-0.00187966786541249,1.18383342195827e-05,-0.00126923871840745,-8.70780063619847e-05,-3.80202161931464e-05,-0.001287869996621,4.18772037997783e-05,-0.000290481594580339,-0.000706601196756473,5.33576150623105e-05,-0.00272769500176739,4.33564030632994e-05,1.46134750584892e-05,-0.00120808048164989,-5.62938080443942e-05,4.68548332861474e-05,-1.72672800724527e-05,-0.000146909930481165,-0.00147958634093026,-0.000278701861494479,-0.00016922031591271,-4.02425884491464e-05,-0.000706601196756473,-0.00272769500176739,-1.72672800724527e-05,-0.00120808048164989,8.19027996570298e-05,-0.000215024049391666,-0.000146909930481165,0.000130528591590462,-0.00733163554351757,-0.00148219869559174
"1:163128558:G:A",-0.00357250009389087,-2.50158717847171e-05,4.41446296424175e-05,3.89007283354559e-05,-3.80097943519786e-05,9.45387420188126e-05,5.09046629622034e-05,0.0946031448995299,-3.05203153949662e-06,4.41446296424175e-05,-0.002485507532624,-0.00120418159077129,-0.000586165854009835,-9.19467847904087e-06,-0.00350056617275474,-0.000123541734480703,6.40386233525803e-05,-0.00177661125526996,-0.00120541113513539,-0.0036346664109983,-0.000110008559484065,-7.03390061307374e-06,-0.00267535689479903,5.09046629613152e-05,-0.00328444035910902,-0.00355885228315689,-0.00142954337415624,1.90767308261286e-05,-2.73732014282047e-05,3.49413505285057e-05,1.43389289801732e-05,6.40386233525803e-05,1.78733884697024e-05,-0.000951949306825739,-0.000110008559484065,-7.03390061307374e-06,2.27651824475927e-05,-0.00141946328096321,-0.00165025466434088,-0.00675999738922961,6.40386233525803e-05,-5.60297875651372e-07,1.43389289801732e-05,-5.30432693999217e-05,-0.00333493037926669,-7.03390061307374e-06,-0.000133500232969652,-0.00119655210160996,-0.00754187778878013,-5.60297875651372e-07,-0.0013063265812665,-0.00165025466434088,-0.00675999738922961,-0.00259157255575193,-9.19467847904087e-06,-7.03390061307374e-06,-0.00165025466434088,-2.98091174961712e-05,-0.00119655210160996,2.27651824475927e-05,-0.00355885228315689,-0.00259157255575193,6.25987932254546e-05,-0.000586165854009835,-5.60297875651372e-07,-2.20281329070815e-05,-8.12016132645255e-06,-0.00175492768031127,-0.00166456555114891,-0.00350056617275474,6.73282541807652e-06,6.40386233525803e-05,-0.00137642551972128,-0.00476976318603217,7.39938282681152e-05,1.78733884697024e-05,6.25987932254546e-05,-5.60297875651372e-07,6.73282541807652e-06,-0.00175492768031127,-0.000951949306825739,-0.00258679281042085,6.40386233525803e-05,-6.58171215510706e-05,-0.0028118506801853,6.73282541807652e-06
"1:163128665:C:T",-0.00975213775202244,-0.00311285609850476,-0.000721632444529163,-0.00155891658029628,-6.02993404186236e-06,-0.00505136317952637,-0.00276883604103517,-3.05203153949662e-06,0.228129224275269,-0.000721632444529163,-0.00135346788324853,-5.11406776748657e-06,-0.000961194516959196,-0.00144914662237206,-0.00530628161391977,-0.0044684449010477,-0.00292857118128964,-0.00388499407715992,-0.0110741197083257,-0.00204976484298136,-0.00473693681490683,-0.000386076984087325,-0.00188093815958057,-0.00256970112653399,-0.00361784215930694,-0.00511744899147804,1.48668920729733e-07,-0.00251906367490307,-0.00829905495346051,-2.03828846956355e-06,1.02985898919883e-07,-0.00292857118128964,-7.67957857306101e-08,-0.0055652232221961,-0.00473693681490683,-0.000386076984087325,-4.70290516751959e-07,-0.000382153161353926,-0.00168737216281656,-0.00514330887411019,-0.00292857118128964,-0.00858099432187753,1.02985898919883e-07,-0.00336102595119137,-0.00765994043609908,-0.000386076984087325,-0.00149973165812956,-0.000798677029731465,-0.0026292896115705,-0.00858099432187753,-4.64883948581019e-06,-0.00168737216281656,-0.00514330887411019,-0.000118582388542787,-0.00401816163939994,-0.000386076984087325,-0.00168737216281656,-0.00623457883334488,-0.000798677029731465,-4.70290516751959e-07,-0.00511744899147804,-0.000118582388542787,-0.00120188065377924,-0.000961194516959196,-0.00858099432187753,-0.00160767171656495,-5.68695872615876e-07,-0.0037483822399933,-0.0040130912361116,-0.00391486667049357,-1.37067255323586e-07,-0.00292857118128964,-2.8241831353526e-06,-0.00112738632052434,-0.0049712457759199,-7.67957857306101e-08,-0.00120188065377924,-0.00858099432187753,-1.37067255323586e-07,-0.0037483822399933,-0.00556522322219699,-0.000419959393600067,-0.00292857118128964,-1.55056045869628e-05,-0.00163559237609334,-0.00209701283813946
"1:163129252:A:G",-0.0010307751309897,4.41446296441939e-05,0.00308659216413965,-7.60387702971599e-05,6.66508036379909e-05,-0.000188952986707847,-9.84706197693086e-05,4.41446296424175e-05,-0.000721632444529163,0.060723253194034,-9.23997935426968e-05,2.40502875197279e-05,4.6246318899712e-05,1.51177623024523e-05,-0.00147836848569227,0.000208116346746223,-0.000123805616669692,-0.00207107437445764,-2.98252026578183e-05,-0.000659288049043028,0.000187698762903921,1.04394501585503e-05,-0.00210061249257798,-9.84706197693086e-05,-0.00163955492903423,-0.00152604633753572,-2.75491112553539e-05,-3.69042470067527e-05,-2.6769579323016e-05,-6.73343776407265e-05,-2.66150414232058e-05,-0.000123805616669692,-3.428595459809e-05,7.16555058577484e-05,0.000187698762903921,1.04394501585503e-05,-0.000499768189505367,-0.000147216112710069,-0.00140523338205956,-0.00658976822309842,-0.000123805616669692,-9.30620073358313e-06,-2.66150414232058e-05,-0.00592538109617724,-0.00141074649764672,1.04394501585503e-05,-0.000995777497021066,-3.14917339370169e-05,-0.00741248471618228,-9.30620073358313e-06,-3.29684209630088e-05,-0.00140523338205956,-0.00658976822309842,0.000561117332486205,1.51177623033405e-05,1.04394501585503e-05,-0.00140523338205956,-0.00692999330863131,-3.14917339370169e-05,-0.000499768189505367,-0.00152604633753572,0.000561117332486205,-0.000120599481260086,4.6246318899712e-05,-9.30620073358313e-06,3.76880092103349e-05,1.27926517832222e-05,-0.00135512096973844,-4.7699080941932e-05,-0.00147836848569227,-1.45732677303556e-05,-0.000123805616669692,-0.000121326935984101,0.000613755456213561,-0.000142431248581154,-3.428595459809e-05,-0.000120599481260086,-9.30620073358313e-06,-1.45732677303556e-05,-0.00135512096973844,7.16555058586366e-05,0.000561117332487093,-0.000123805616669692,0.000114292343527111,-0.00697054770145122,-1.45732677303556e-05
"1:163130440:G:C",-0.000844475584988125,4.81575908448661e-05,-9.23997935426968e-05,-0.000860271907164645,7.25658671054674e-05,-0.000211337554876678,-0.000109172905879973,-0.002485507532624,-0.00135346788324853,-9.23997935426968e-05,0.114878227284769,-0.00148934520269162,5.0466342360167e-05,1.64498931072288e-05,-0.00739589880265434,0.000223672365093464,-0.0007834552181194,-0.00234214905608887,-0.00114638144226031,-2.47102697477075e-05,0.000202165807500876,-0.00309179114696168,-0.00457600953193271,-0.000977959363850367,-0.000525234895525806,-0.00727844756254648,-0.00128104495423642,-4.07309218344309e-05,-3.04183027131089e-05,-7.44666210970024e-05,-2.92724335579919e-05,-0.0007834552181194,-3.78126299640513e-05,-0.00267836948497191,0.000202165807500876,-0.00309179114696168,-4.97100566132502e-05,-0.00178246350499478,-0.000198110810837093,-0.00462086925443206,-0.0007834552181194,0.000629842465079022,-2.92724335579919e-05,0.000101224003258515,-0.00281765044011184,-0.00309179114696168,-0.00248148081396149,-0.000307992917486288,-0.00407960259885698,0.000629842465079022,-0.00139545195455693,-0.000198110810837093,-0.00462086925443206,4.99444492785273e-06,1.64498931063406e-05,-0.00309179114696168,-0.000198110810837093,-0.00464675800520808,-0.000307992917486288,-4.97100566132502e-05,-0.00727844756254648,4.99444492785273e-06,-0.00013386390062653,5.0466342360167e-05,0.000629842465079022,4.10576083975656e-05,1.38805086100646e-05,-0.000224963438161474,-0.00358705024072314,-0.00739589880265434,-0.00336070869563887,-0.0007834552181194,-0.00132124749311568,-0.000150462983959265,-0.000158307537321711,-3.78126299640513e-05,-0.00013386390062653,0.000629842465079022,-0.00336070869563887,-0.000224963438161474,-0.0026783694849728,-0.000109804030274496,-0.0007834552181194,0.000123927473442365,-0.00835171972519966,-1.61612272364664e-05
"1:163183999:G:C",-0.00274631044267659,-1.57479406235339e-05,2.40502875197279e-05,-0.00170101446965543,-2.45215948710964e-05,-7.36711453264149e-06,2.73508852171034e-05,-0.00120418159077129,-5.11406776748657e-06,2.40502875197279e-05,-0.00148934520269162,0.166833517503491,-1.64102599553573e-05,-5.55334157148479e-06,-0.00102600626546856,-9.16838509024132e-05,-0.00551057272659161,-0.00124538679715958,-0.00776020990551984,-0.00220882051937377,-8.00580030135833e-05,-0.00250714001571506,-0.00151019001047326,-0.00347274865034919,-2.09617819049157e-05,-0.00213805094574226,7.61259496950828e-06,1.10758730951233e-05,-0.0047272649386052,-0.00175801648899654,8.36296320194663e-06,-0.00551057272659161,1.03923276615348e-05,-0.00284314992821955,-8.00580030135833e-05,-0.00250714001571506,1.31475273636994e-05,-0.000456804501308916,-0.00181445254629153,-0.000838002984060005,-0.00551057272659161,-0.00778906367549403,8.36296320194663e-06,-3.51964351601453e-05,-0.00370310734583956,-0.00250714001571506,-0.00298238814667418,-6.47223033389821e-07,-0.000381281435849701,-0.00778906367549403,9.0504252723278e-06,-0.00181445254629153,-0.000838002984060005,-0.00171182510019152,-0.00171408196558964,-0.00250714001571506,-0.00181445254629153,-0.007794438290186,-6.47223033389821e-07,1.31475273636994e-05,-0.00213805094574226,-0.00171182510019152,3.25860415584245e-05,-1.64102599553573e-05,-0.00778906367549403,-0.00337903462405542,-4.86745060079841e-06,-0.00171967549574426,-0.00201751360803293,-0.00225400499410799,-0.00225785330316164,-0.00551057272659161,3.14225543789348e-05,-0.00174299797857058,3.73121833110446e-05,1.03923276615348e-05,3.25860415584245e-05,-0.00778906367549403,-0.00225785330316164,-0.00171967549574426,-0.00284314992822043,-0.00177690143375964,-0.00551057272659161,-0.00384788324061347,-0.00463556259017794,-0.00199552877699105
"1:163193441:A:G",-0.00135790826867144,-2.59904198145477e-05,4.6246318899712e-05,4.06987208920739e-05,-3.94275990425186e-05,9.96627815972317e-05,5.33576150623105e-05,-0.000586165854009835,-0.000961194516959196,4.6246318899712e-05,5.0466342360167e-05,-1.64102599553573e-05,0.0803570857049962,-9.58169582432333e-06,-0.00609602341464388,-0.000126883982728643,6.72521058593389e-05,-0.00220277826715254,8.91314520501396e-06,-0.00623173724874704,-0.000113150739114332,-7.3412938572659e-06,-0.00211533533013331,5.33576150614223e-05,-0.00104363882157443,-0.0061551701678777,-0.00111018904927196,1.99084086967005e-05,-0.000117105324555666,3.65458804241214e-05,1.49647211040715e-05,6.72521058593389e-05,1.86522559362245e-05,-4.48099808751934e-05,-0.000113150739114332,-7.3412938572659e-06,2.3760944748652e-05,6.23229381204737e-05,-0.00132648143642466,-0.00621434070097404,6.72521058593389e-05,-6.69887141313552e-07,1.49647211040715e-05,-5.49170180601521e-05,-0.0059264247930475,-7.3412938572659e-06,-0.000136976998016181,1.25598172679986e-05,-0.00702525504059182,-6.69887141313552e-07,-0.000986851590359272,-0.00132648143642466,-0.00621434070097404,-0.00181525535997018,-9.58169582432333e-06,-7.3412938572659e-06,-0.00132648143642466,-3.10262877389889e-05,1.25598172679986e-05,2.3760944748652e-05,-0.0061551701678777,-0.00181525535997018,6.5730862318425e-05,0.00124754268337313,-6.69887141313552e-07,-2.29040689534443e-05,-8.46771511575639e-06,-0.00143028352355135,2.50739339620054e-05,-0.00609602341464388,7.00144534171443e-06,6.72521058593389e-05,-0.00105452056130328,-0.00180074957554766,7.78276448709647e-05,1.86522559362245e-05,6.5730862318425e-05,-6.69887141313552e-07,7.00144534171443e-06,-0.00143028352355135,-4.48099808743052e-05,-0.00188633518475623,6.72521058593389e-05,-6.80426496666442e-05,-0.000147901495791025,7.00144534171443e-06
"1:163193584:C:T",-0.00373395271710386,-0.00611656413440897,1.51177623024523e-05,1.35120340676309e-05,-1.41574725454063e-05,-0.00637215773604183,1.73530861209414e-05,-9.19467847904087e-06,-0.00144914662237206,1.51177623024523e-05,1.64498931072288e-05,-5.55334157148479e-06,-9.58169582432333e-06,0.10161947863993,-0.00156795647407648,-4.97727575377027e-05,2.14274506831202e-05,-0.000743758356811952,3.6888217511688e-06,3.79730094568487e-06,-4.38837545866377e-05,-2.44216150413479e-06,-0.000595761830245678,1.73530861209414e-05,-0.00682511988149859,-0.00153394157272047,-0.00368041741845815,6.78625804262367e-06,-0.00193090438606536,1.21628615330494e-05,5.08393166498422e-06,2.14274506831202e-05,6.35576771035318e-06,-1.59821455003595e-05,-4.38837545866377e-05,-2.44216150413479e-06,8.09776159194087e-06,2.12733892510641e-05,-0.00647406412183216,-0.00304617999401646,2.14274506831202e-05,2.57568959050047e-07,5.08393166498422e-06,-2.00940815213713e-05,-0.00164430829041429,-2.44216150413479e-06,-0.00108947778410684,4.69433795391438e-06,-0.00290347789446699,2.57568959050047e-07,-0.00340834015312286,-0.00647406412183216,-0.00304617999401646,-0.00180459952779266,-3.26722690680015e-06,-2.44216150413479e-06,-0.00647406412183216,-1.0512503049398e-05,4.69433795391438e-06,8.09776159194087e-06,-0.00153394157272047,-0.00180459952779266,2.09732521714301e-05,-9.58169582432333e-06,2.57568959050047e-07,-8.01303759701e-06,-2.85644279962582e-06,-0.00629080781761449,8.54170142972066e-06,-0.00156795647407648,2.50068446927543e-06,2.14274506831202e-05,-0.00357899607988976,-0.00177731948409754,-0.00171503182799437,6.35576771035318e-06,2.09732521714301e-05,2.57568959050047e-07,2.50068446927543e-06,-0.00629080781761449,-1.59821454994713e-05,-0.00185167118425511,2.14274506831202e-05,-2.52104141749143e-05,-0.00435384756843682,2.50068446927543e-06
"1:163195122:T:C",-0.0110298071556487,-0.000798021177810249,-0.00147836848569227,-0.00604010598722748,-0.00324342420316714,-0.00298503160385888,4.68548332861474e-05,-0.00350056617275474,-0.00530628161391977,-0.00147836848569227,-0.00739589880265434,-0.00102600626546856,-0.00609602341464388,-0.00156795647407648,0.163851251885116,-0.000176460748303242,-5.88614034668922e-05,-0.00163994797414002,-0.00221837107438461,-0.00974783554407832,-4.68858577278297e-05,-0.000313122287789902,-0.00163654923797596,-0.000165076750154647,-0.00306171129895505,-0.00145839176699791,-0.000431566361301705,-0.00137189437809404,-0.000811018450693091,-0.00321046352211951,-3.70510992331319e-05,-5.88614034668922e-05,-0.00163082747713617,-0.000134728913718796,-4.68858577278297e-05,-0.000313122287789902,-0.00108662736980758,-0.00265844481254396,-0.00248090069615881,-0.00173405421031703,-5.88614034668922e-05,-0.0030888436660641,-3.70510992331319e-05,0.000104656841939388,-0.00167533625727057,-0.000313122287789902,-0.00278969343426194,-0.000423509179970694,-0.000773642756003667,-0.0030888436660641,-0.000561410141514784,-0.00248090069615881,-0.00173405421031703,0.000264554177180631,-0.00233322748586584,-0.000313122287789902,-0.00248090069615881,-0.00298204421465975,-0.000423509179970694,-0.00108662736980758,-0.00145839176699791,0.000264554177180631,-0.00239015997908698,-0.00609602341464388,-0.0030888436660641,-0.00245468118649583,-4.535413573592e-06,-0.00287972471734488,-7.39919181720339e-05,-0.0032775377511074,-0.000162603474790579,-5.88614034668922e-05,-0.000118418289360989,-0.00146912963969026,-0.000785716762673694,-0.00163082747713617,-0.00239015997908698,-0.0030888436660641,-0.000162603474790579,-0.00287972471734488,-0.000134728913719684,-0.00152422645211736,-5.88614034668922e-05,-0.000409145881294037,-0.0108763040442454,-0.00193760586290193
"1:163195925:G:T",-0.0092903302222771,-0.000123541734481591,0.000208116346746223,-0.00266509607345711,-0.000603203634511829,-0.00296913976151814,-0.000318103707835249,-0.000123541734480703,-0.0044684449010477,0.000208116346746223,0.000223672365093464,-9.16838509024132e-05,-0.000126883982728643,-4.97727575377027e-05,-0.000176460748303242,0.110177288145497,0.000297918299962063,0.000784638966277118,-0.00466178110765991,3.74603696160491e-05,0.00378736344223629,-4.2100625948116e-05,0.000722384372934926,0.00023433439237408,-0.00213653847706041,-0.000180944387968118,4.6318019276903e-05,8.56338167887216e-05,-0.00108996976734943,-0.00170223482505882,6.79539812589169e-05,0.000297918299962063,8.11402312823617e-05,-0.000915980072647038,0.00378736344223629,-4.2100625948116e-05,-0.00304932051780682,0.000123647585771103,-0.00112963980203151,0.00117973500199087,0.000297918299962063,-0.00482857424183525,6.79539812589169e-05,-0.0018213628471484,-5.21854595989524e-05,-4.2100625948116e-05,-0.00385813853332451,-0.000961292563490979,0.00056300564733025,-0.00482857424183525,-0.00337012604746612,-0.00112963980203151,0.00117973500199087,-0.00565196344090868,-4.97727575368145e-05,-4.2100625948116e-05,-0.00112963980203151,-0.0014298889089801,-0.000961292563490979,-0.00304932051780682,-0.000180944387968118,-0.00565196344090868,-0.00229041675482389,-0.000126883982728643,-0.00482857424183525,-0.000913866921570694,-4.59584318495132e-05,-0.00118722185959186,0.000104121376772959,-0.000176460748303242,2.45497057349553e-05,0.000297918299962063,-0.00663072931701336,-0.0103834371076141,0.000348622108816699,8.11402312823617e-05,-0.00229041675482389,-0.00482857424183525,2.45497057349553e-05,-0.00118722185959186,-0.000915980072647926,-0.0100013867042232,0.000297918299962063,-0.000323901123953974,-0.00453626154136888,2.45497057349553e-05
"1:163195988:G:A",-0.000538411092070312,6.40386233525803e-05,-0.000123805616669692,-0.000113803192973272,9.65169990054804e-05,0.000320281938202882,-0.000146909930481165,6.40386233525803e-05,-0.00292857118128964,-0.000123805616669692,-0.0007834552181194,-0.00551057272659161,6.72521058593389e-05,2.14274506831202e-05,-5.88614034668922e-05,0.000297918299962063,0.0572718014377247,-0.00292403742180669,-0.00323446935289606,-0.00137846789313745,0.000269620706458973,-0.00161856485388689,-0.00311248424325417,0.00098422992039815,0.00118819195056652,-0.000571098612496712,-4.23859665001913e-05,-5.50329833366447e-05,-4.54430367815561e-05,-0.000100325977062887,-3.91945115101322e-05,0.00348866923632052,-5.09988544603601e-05,0.000102056766084324,0.000269620706458973,-0.00161856485388689,-6.74467769847809e-05,-0.00220940035509987,-0.000268076199327005,-0.00302000812852121,0.00348866923632052,-0.00321030475055917,-3.91945115101322e-05,0.000134947542904662,-0.000101902187738645,-0.00161856485388689,-0.00219809935670234,7.05437659487274e-05,-0.00106314265000584,-0.00321030475055917,-5.07579052513307e-05,-0.000268076199327005,-0.00302000812852121,-0.00178246419298134,2.14274506840084e-05,-0.00161856485388689,-0.000268076199327005,-0.00313044178840816,7.05437659487274e-05,-6.74467769847809e-05,-0.000571098612496712,-0.00178246419298134,-0.000179672457292668,6.72521058593389e-05,-0.00321030475055917,-0.00259950081270066,1.78598542293074e-05,-0.000303669665663975,-7.16918557408519e-05,-0.000618015711652653,-0.00141443705224287,0.00348866923632052,-0.000184361058262361,-0.00181284667226622,-0.000212094073605229,-5.09988544603601e-05,-0.000179672457292668,-0.00321030475055917,-0.00141443705224287,-0.000303669665663975,0.000102056766084324,-0.001606787884187,0.00348866923632052,0.000165047376426308,-0.000273801115455274,-0.00328997730122005
"1:163196437:C:T",-0.00573055253614285,-0.00632044904158846,-0.00207107437445764,-0.0055581131131448,-0.000993076691802486,-0.00118740223543723,-0.000851852626393423,-0.00177661125526996,-0.00388499407715992,-0.00207107437445764,-0.00234214905608887,-0.00124538679715958,-0.00220277826715254,-0.000743758356811952,-0.00163994797414002,0.000784638966277118,-0.00292403742180669,0.179697720397124,-0.00122265235442098,-0.00578798533127767,0.000589831488125192,-7.23959400561469e-05,0.00233907838574732,-0.00408536062210318,-0.00254743377832689,-0.00120331007295338,-0.00263624920676842,-0.0003354558592088,-0.00044453027042346,-0.000847786611984702,-0.000136591296373112,-0.00292403742180669,-0.00318609835271477,-0.00336819220218754,0.000589831488125192,-7.23959400561469e-05,-0.00283612141125911,-0.000439640150890597,-0.00117373268703957,0.00195616112874886,-0.00292403742180669,-0.00260387291445996,-0.000136591296373112,0.000406344781613832,-0.00206286734483685,-7.23959400561469e-05,0.000753872551542578,-0.00282406100275612,-0.000344925576750921,-0.00260387291445996,-0.00127079973196942,-0.00117373268703957,0.00195616112874886,-0.0104745140009532,-0.00566683646116761,-7.23959400561469e-05,-0.00117373268703957,-0.00768882117256497,-0.00282406100275612,-0.00283612141125911,-0.00120331007295338,-0.0104745140009532,0.00038599180837906,-0.00220277826715343,-0.00260387291445996,-0.000338141089823552,-0.00104214299082184,-0.00145722559033556,0.00017058023688854,-0.00127825739975362,-9.57349761447901e-05,-0.00292403742180669,0.000779551680053725,-0.00997362753643083,-0.00274530511752324,-0.00318609835271477,0.00038599180837906,-0.00260387291445996,-9.57349761447901e-05,-0.00145722559033556,-0.00336819220218754,-0.010753666635225,-0.00292403742180669,-0.00112789314617334,-0.00619315866138637,-0.00113006135598859
"1:163199332:C:T",-0.00479618604579057,-0.00707700251745358,-2.98252026578183e-05,-0.000130477435804188,-0.00114490280232626,-0.00827848459922809,-0.00274035340679024,-0.00120541113513539,-0.0110741197083257,-2.98252026578183e-05,-0.00114638144226031,-0.00776020990551984,8.91314520501396e-06,3.6888217511688e-06,-0.00221837107438461,-0.00466178110765991,-0.00323446935289606,-0.00122265235442098,0.209956132933273,-0.00421451057693201,-0.00369077573411491,-0.00178224242703795,-0.00406239322298818,-0.00368763030034724,-0.00392494209615801,-0.0020715468755661,-0.00209331478641595,-6.15872125022676e-05,-0.000712938352415371,-2.24174036267399e-05,-7.59514978465603e-06,-0.00323446935289606,-9.9679407776776e-06,-0.00431654803452641,-0.00369077573411491,-0.00178224242703795,-0.00193313547013751,-0.000916341797659204,-0.000386116533156233,-0.0058173440374456,-0.00323446935289606,-0.000421590192380528,-7.59514978465603e-06,-0.00179549293792647,-0.000408584198110074,-0.00178224242703795,-0.00139562163469442,-0.00506507127243783,-0.00445572954898266,-0.000421590192380528,-0.00220331187185163,-0.000386116533156233,-0.0058173440374456,-0.00596128676731089,3.68882175294516e-06,-0.00178224242703795,-0.000386116533156233,-0.00635363731747063,-0.00506507127243783,-0.00193313547013751,-0.0020715468755661,-0.00596128676731089,-0.00273015745131211,8.91314520501396e-06,-0.000421590192380528,-9.52794354738273e-05,-3.29431792467361e-05,-0.000327526199980888,-0.0042052770013381,-0.00221837107438372,-0.00203166125349963,-0.00323446935289606,-0.00044403705888385,-0.00185682961588451,-0.000853282861447369,-9.9679407776776e-06,-0.00273015745131211,-0.000421590192380528,-0.00203166125349963,-0.000327526199980888,-0.00431654803452641,-0.00606508917361204,-0.00323446935289606,-0.000987125164392921,-0.0087168272109639,-0.000610578677652462
"1:163205031:G:C",-0.00492786864134098,1.02661282044281e-05,-0.000659288049043028,-0.00284566345717341,1.50325243328808e-05,-5.52299833493919e-05,-0.00296548336537672,-0.0036346664109983,-0.00204976484298136,-0.000659288049043028,-2.47102697477075e-05,-0.00220882051937377,-0.00623173724874704,3.79730094568487e-06,-0.00974783554407832,3.74603696160491e-05,-0.00137846789313745,-0.00578798533127767,-0.00421451057693201,0.172345618680655,3.49638041603484e-05,-0.00225225073678548,-0.00533187159673432,-0.0015936534027654,-0.00389704589710149,-0.00967937368283067,-6.40573820298584e-06,-9.1726840203421e-06,-0.0020100352461796,-1.74243560975285e-05,-6.66255284098582e-06,-0.00137846789313745,-8.52861492628421e-06,1.6454857781234e-05,3.49638041603484e-05,-0.00225225073678548,-0.00108068888632395,-0.00222810606350432,-0.00165933031220344,-0.00373255400439021,-0.00137846789313745,-0.00424622140331898,-6.66255284098582e-06,2.01530462398125e-05,-0.00879165187200837,-0.00225225073678548,-0.000123532623823586,-0.00214177404049121,-0.00129180864200551,-0.00424622140331898,-7.71306885205547e-06,-0.00165933031220344,-0.00373255400439021,-9.77144500535765e-05,3.79730094479669e-06,-0.00225225073678548,-0.00165933031220344,-0.00421930541326798,-0.00214177404049121,-0.00108068888632395,-0.00967937368283067,-9.77144500535765e-05,-3.32803872726828e-05,-0.00623173724874704,-0.00424622140331898,8.98007591221273e-06,3.29567236523332e-06,-0.00157732549446177,-1.18663469566016e-05,-0.00974783554407832,-0.00201751201710287,-0.00137846789313745,-0.00223944847473057,-7.29937969814465e-05,-4.03280782981241e-05,-8.52861492628421e-06,-3.32803872726828e-05,-0.00424622140331898,-0.00201751201710287,-0.00157732549446177,1.6454857781234e-05,-7.50605260506632e-05,-0.00137846789313745,2.40193039928727e-05,2.97693519568654e-06,-3.33852831513326e-06
"1:163205346:T:G",-0.00711809525406215,-0.000110008559484953,0.000187698762903921,-0.00352928022976595,-0.000320341713032413,0.000391958046207286,-0.00148073734602772,-0.000110008559484065,-0.00473693681490683,0.000187698762903921,0.000202165807500876,-8.00580030135833e-05,-0.000113150739114332,-4.38837545866377e-05,-4.68858577278297e-05,0.00378736344223629,0.000269620706458973,0.000589831488125192,-0.00369077573411491,3.49638041603484e-05,0.0607166630118559,-3.67017878240006e-05,0.000494431690120756,0.000212083310652034,-0.000549785298654015,-4.30701347671203e-05,4.32322373828953e-05,7.75424380732304e-05,-0.000821914513355004,-0.00145421030296955,6.1073888819152e-05,0.000269620706458973,7.33564814741072e-05,-0.000627388450457289,0.00515705685737267,-3.67017878240006e-05,9.03865535022419e-05,-0.00396533314054004,0.000356558141968222,0.00103690540654933,0.000269620706458973,-0.00385455492477949,6.1073888819152e-05,-0.000230445576316463,5.08823551967907e-05,-3.67017878240006e-05,-0.00163212617661479,-0.0006983407722565,-0.00191043684107806,-0.00385455492477949,-0.00422109501212109,0.000356558141968222,0.00103690540654933,-0.000400513892513388,-4.38837545866377e-05,-3.67017878240006e-05,0.000356558141968222,-0.00393070952085672,-0.0006983407722565,9.03865535022419e-05,-4.30701347671203e-05,-0.000400513892513388,0.000264342976747933,-0.000113150739114332,-0.00385455492477949,-0.000638690550449184,-4.03131404098644e-05,0.000411345118613404,9.47660715091558e-05,-4.68858577278297e-05,2.29127329243184e-05,0.000269620706458973,-0.00882444153191919,-0.00296377339484222,0.000315365129917922,7.33564814741072e-05,0.000264342976747933,-0.00385455492477949,2.29127329243184e-05,0.000411345118613404,-0.000627388450457289,-0.00285151908418468,0.000269620706458973,-0.00028740380644976,-0.0038951060665906,2.29127329243184e-05
"1:163207342:G:A",-0.00238274808067196,-7.03390061218556e-06,1.04394501585503e-05,9.42386529523276e-06,-1.1002487908307e-05,-0.000976036139642034,1.18383342195827e-05,-7.03390061307374e-06,-0.000386076984087325,1.04394501585503e-05,-0.00309179114696168,-0.00250714001571506,-7.3412938572659e-06,-2.44216150413479e-06,-0.000313122287789902,-4.2100625948116e-05,-0.00161856485388689,-7.23959400561469e-05,-0.00178224242703795,-0.00225225073678548,-3.67017878240006e-05,0.0555088768676271,-3.26224980691237e-05,-0.0018438458496739,-0.000693736522658028,-0.000281680791325734,3.41920256730077e-06,-5.37417721613309e-05,2.39191942430494e-06,8.5393471334072e-06,3.68764713076786e-06,-0.00161856485388689,4.58918955814624e-06,-1.2470195835057e-05,-3.67017878240006e-05,2.32651052298749e-05,5.8059370777741e-06,2.58426368660025e-06,-1.83214296542999e-05,-7.16876980941805e-05,-0.00161856485388689,-0.00179843659266865,3.68764713076786e-06,-1.58915628798439e-05,-0.00140248571827772,2.32651052298749e-05,-0.00147900804149703,-0.00242058602967532,1.45323557942945e-05,-0.00179843659266865,4.05855500140717e-06,-1.83214296542999e-05,-7.16876980941805e-05,-7.36149320150759e-05,-2.44216150324661e-06,2.32651052298749e-05,-1.83214296542999e-05,-0.00180098731875145,-0.00242058602967532,5.8059370777741e-06,-0.000281680791325734,-7.36149320150759e-05,1.39854090619451e-05,-7.3412938572659e-06,-0.00179843659266865,-6.09973007836828e-06,-2.12905908547611e-06,-3.79383751241136e-05,6.11257052351988e-06,-0.00195906128627144,-0.00179331699145724,-0.00161856485388689,1.90483193396318e-06,-0.00298211054248831,1.58778513519309e-05,4.58918955814624e-06,1.39854090619451e-05,-0.00179843659266865,-0.00179331699145724,-3.79383751241136e-05,-1.2470195835057e-05,-0.00302279464179112,-0.00161856485388689,-2.02089786220938e-05,-0.00177542091662009,1.84400902725201e-06
"1:163208083:A:G",-0.00614531854109668,-0.00146486331385187,-0.00210061249257798,-0.00760353564152272,-0.000863738526272861,-0.00137017817702922,-0.000970007955936936,-0.00267535689479903,-0.00188093815958057,-0.00210061249257798,-0.00457600953193271,-0.00151019001047326,-0.00211533533013331,-0.000595761830245678,-0.00163654923797596,0.000722384372934926,-0.00311248424325417,0.00233907838574732,-0.00406239322298818,-0.00533187159673432,0.000494431690120756,-3.26224980691237e-05,0.164056011374318,-0.00432338729376935,-0.00162853385534323,-0.0012087305527464,-0.00404877018477201,-0.000460739411225042,-0.0017732175369658,-0.00301347265691554,-8.03319266733382e-05,-0.00311248424325505,-0.0029458336872219,0.000358402404832869,0.000494431690120756,-3.26224980691237e-05,-0.00307224668271111,-0.000948851044062504,-0.00105927556328611,0.00225444530496821,-0.00311248424325505,-0.00168834725370326,-8.03319266733382e-05,0.000394588548865649,-0.00190332311217034,-3.26224980691237e-05,0.000267039862098084,-0.00106586541918796,-0.00300606843627138,-0.00168834725370326,-0.00208984394379685,-0.00105927556328611,0.00225444530496821,-0.00760015835683081,-0.00629311620031014,-3.26224980691237e-05,-0.00105927556328611,-0.00697882571451824,-0.00106586541918796,-0.00307224668271111,-0.0012087305527464,-0.00760015835683081,0.000174713754901745,-0.00211533533013419,-0.00168834725370326,0.000137311193693535,-0.00302309700471159,-0.00110920002885306,-0.000379835619828128,-0.00124675946580499,-9.6667956121621e-05,-0.00311248424325505,0.000887564453827316,-0.00729360688417291,-0.00238863768322162,-0.0029458336872219,0.000174713754901745,-0.00168834725370326,-9.6667956121621e-05,-0.00110920002885306,0.000358402404834646,-0.00800879531179088,-0.00311248424325505,-0.0012800396649455,-0.00597990733744913,-0.000198331719310829
"1:163209741:T:C",-0.000571804756575922,5.09046629604271e-05,-9.84706197693086e-05,-8.98867365233258e-05,7.66157576919113e-05,0.000228661918377782,-0.000116544831756826,5.09046629613152e-05,-0.00256970112653399,-9.84706197693086e-05,-0.000977959363850367,-0.00347274865034919,5.33576150614223e-05,1.73530861209414e-05,-0.000165076750154647,0.00023433439237408,0.00098422992039815,-0.00408536062210318,-0.00368763030034724,-0.0015936534027654,0.000212083310652034,-0.0018438458496739,-0.00432338729376935,0.0746306785730471,0.00110189907189007,-0.000252511167293967,-3.27188960262959e-05,-4.33698894868328e-05,-0.00262632609422209,-7.93805560386218e-05,-3.10970718473413e-05,0.00098422992039815,-4.02425884482582e-05,8.19027996561417e-05,0.000212083310652034,-0.0018438458496739,-5.29989952875454e-05,-0.00158088104619569,-0.000212656692071711,-0.00407536196919178,0.00098422992039815,-0.0036698940443376,-3.10970718473413e-05,0.000106756065184399,-0.00257297812816049,-0.0018438458496739,-0.00190747234652733,0.00043242605240934,-0.0010843753656804,-0.0036698940443376,-3.91936476153987e-05,-0.000212656692071711,-0.00407536196919178,-0.000816923492966914,1.73530861209414e-05,-0.0018438458496739,-0.000212656692071711,-0.00360567603187523,0.00043242605240934,-5.29989952875454e-05,-0.000252511167293967,-0.000816923492966914,-0.000142989577855523,5.33576150614223e-05,-0.0036698940443376,-0.00225635160012416,1.4613475057601e-05,-0.000241637286771734,-5.6293808043506e-05,-0.000289671183488771,-0.00163216565444912,0.00098422992039815,-0.000145051393364071,-0.000837065884886634,-0.00016922031591271,-4.02425884482582e-05,-0.000142989577855523,-0.0036698940443376,-0.00163216565444912,-0.000241637286771734,8.1902799657918e-05,-0.000680411006182435,0.00098422992039815,-0.00162945777918289,-0.000510947129011008,-0.00374844147255882
"1:163209848:T:C",-0.0131715621851312,-0.00666943938146591,-0.00163955492903423,-0.000916467856356462,-0.00497252496374845,-0.00477413929596171,-0.00153859355605501,-0.00328444035910902,-0.00361784215930694,-0.00163955492903423,-0.000525234895525806,-2.09617819049157e-05,-0.00104363882157443,-0.00682511988149859,-0.00306171129895505,-0.00213653847706041,0.00118819195056652,-0.00254743377832689,-0.00392494209615801,-0.00389704589710149,-0.000549785298654015,-0.000693736522658028,-0.00162853385534323,0.00110189907189007,0.151610699283244,-0.00201532238241553,-7.74040729742964e-05,-0.00284064985279908,-0.00436785855627697,-0.0030838383193732,-7.49811077600526e-05,0.00118819195056652,-0.000100737659933792,-0.000767855084889746,-0.000549785298652239,-0.000693736522658028,-0.00174899444694088,-0.00939485834717946,-7.62617120297904e-05,-0.00302551635302839,0.00118819195056652,-0.000937677669640813,-7.49811077600526e-05,-0.00082945656111999,-0.00563831482823174,-0.000693736522658028,0.00022611785901816,0.000428414513554465,-0.00162083285274495,-0.000937677669640813,-0.000100499110357255,-7.62617120297904e-05,-0.00302551635302839,-0.00158978079879235,3.62848355228707e-05,-0.000693736522658028,-7.62617120297904e-05,-0.000109208639237579,0.000428414513554465,-0.00174899444694088,-0.00201532238241553,-0.00158978079879235,-0.00330796405430611,-0.00104363882157443,-0.000937677669640813,-0.0037922302126665,-0.00194227831572658,-0.000121478817027842,-0.00119824102451993,-0.00185700565316527,-0.000452047771093866,0.00118819195056652,-0.000361432720660027,-0.00329110011293121,-0.00560896538137534,-0.000100737659933792,-0.00330796405430611,-0.000937677669640813,-0.000452047771093866,-0.000121478817027842,-0.000767855084890634,-0.00153109834063869,0.00118819195056652,-0.0024135968844945,-0.00654984605644415,-2.17853115049849e-05
"1:163212997:C:T",-0.0107672564239136,-0.000776092610863088,-0.00152604633753572,-0.00592780544047056,-0.0033110463304995,-0.00290642962262844,4.18772037997783e-05,-0.00355885228315689,-0.00511744899147804,-0.00152604633753572,-0.00727844756254648,-0.00213805094574226,-0.0061551701678777,-0.00153394157272047,-0.00145839176699791,-0.000180944387968118,-0.000571098612496712,-0.00120331007295338,-0.0020715468755661,-0.00967937368283067,-4.30701347671203e-05,-0.000281680791325734,-0.0012087305527464,-0.000252511167293967,-0.00201532238241553,0.162154016609629,-0.000462287618039348,-0.00144080677721359,-0.000891066716318889,-0.00326453453109465,-2.62961871051459e-05,-0.000571098612496712,-0.00165720304190842,-0.000165557682869633,-4.30701347662321e-05,-0.000281680791325734,-0.00102872732264547,-0.00238627647397482,-0.00263552016876911,-0.00163050466100723,-0.000571098612496712,-0.00295428350434968,-2.62961871051459e-05,6.66684152852426e-05,-0.00325945426206875,-0.000281680791325734,-0.00260002528504444,-7.38959624371205e-05,-0.000769328337399067,-0.00295428350434968,-0.000589804853416531,-0.00263552016876911,-0.00163050466100723,0.000130962331964746,-0.00237958593095478,-0.000281680791325734,-0.00263552016876911,-0.00286750852731465,-7.38959624371205e-05,-0.00102872732264547,0.000331117161990413,0.000130962331964746,-0.00242312839741565,-0.0061551701678777,-0.00295428350434968,-0.00251030393653195,-1.04777577449866e-05,-0.00301937455757084,-5.50941533754568e-05,-0.00145839176699791,-0.000164328359325339,-0.000571098612496712,-0.000120234439921596,-0.00148369653242053,-0.00076924107484988,-0.00165720304190842,-0.00242312839741565,-0.00295428350434968,-0.000164328359325339,-0.00301937455757084,-0.000165557682871409,-0.00151906571539939,-0.000571098612496712,-0.00045704358865617,-0.0106715553659846,-0.00197180136069619
"1:163214990:G:A",-0.00472147220339014,-0.000868665559374371,-2.75491112553539e-05,-2.44758967591352e-05,1.85791340800989e-05,-6.84778014994336e-05,-3.27188960262959e-05,-0.00142954337415624,1.48668920729733e-07,-2.75491112553539e-05,-0.00128104495423642,7.61259496950828e-06,-0.00111018904927196,-0.00368041741845815,-0.000431566361301705,4.6318019276903e-05,-4.23859665001913e-05,-0.00263624920676842,-0.00209331478641595,-6.40573820298584e-06,4.32322373828953e-05,3.41920256730077e-06,-0.00404877018477201,-3.27188960262959e-05,-7.74040729742964e-05,-0.000462287618039348,0.100421133400317,-0.00171877678866572,-0.00681982608169651,-2.15838786603584e-05,-8.24225665763123e-06,-4.23859665001913e-05,-0.00167423282354662,-0.00164251100265478,4.32322373828953e-05,3.41920256730077e-06,-1.38592722747077e-05,-2.66518096356805e-05,-0.00165342510246713,-0.00717490959561173,-4.23859665001913e-05,-0.00208352091075792,-8.24225665763123e-06,2.49151404565495e-05,-0.000381900856814887,3.41920256730077e-06,-0.00338365908628901,-0.00197375311389525,-0.00634047796585424,-0.00208352091075792,4.64158723652019e-05,-0.00165342510246713,-0.00717490959561173,-0.0013028867957261,4.67947329063634e-06,3.41920256730077e-06,-0.00165342510246713,-0.00207009663146263,-0.00197375311389525,-1.38592722747077e-05,-0.000462287618039348,-0.0013028867957261,-4.12027079814692e-05,-0.00111018904927196,-0.00208352091075792,1.10862410895862e-05,-0.00198730947838488,-0.00157332203293237,-1.47205814764462e-05,-0.000431566361300817,-4.15547377308201e-06,-4.23859665001913e-05,-0.00287958715430658,-0.00124197671800941,-4.9911022604654e-05,-0.00167423282354662,-4.12027079814692e-05,-0.00208352091075792,-4.15547377308201e-06,-0.00157332203293237,-0.00164251100265478,-0.00134940986799714,-4.23859665001913e-05,2.96930062289036e-05,-0.00303137723856128,-4.15547377308201e-06
"1:163217755:A:G",-0.0166487027478377,1.90767308252404e-05,-3.69042470067527e-05,-3.30967092647683e-05,2.86184255822164e-05,-0.00315026471862634,-4.33698894859447e-05,1.90767308261286e-05,-0.00251906367490307,-3.69042470067527e-05,-4.07309218344309e-05,1.10758730951233e-05,1.99084086967005e-05,6.78625804262367e-06,-0.00137189437809404,8.56338167887216e-05,-5.50329833366447e-05,-0.0003354558592088,-6.15872125022676e-05,-9.1726840203421e-06,7.75424380732304e-05,-5.37417721613309e-05,-0.000460739411225042,-4.33698894868328e-05,-0.00284064985279908,-0.00144080677721359,-0.00171877678866572,0.0777362127225034,-9.55198594887463e-06,-2.93689086134918e-05,-1.15959004727273e-05,-5.50329833366447e-05,-1.48014111820416e-05,3.13430161940076e-05,7.75424380732304e-05,-5.37417721613309e-05,-1.92792574891243e-05,-0.00270045010942876,-0.00305871782067069,-0.00247201732937974,-5.50329833366447e-05,-5.18517463286017e-05,-1.15959004727273e-05,3.95638309891311e-05,-0.00122581529010279,-5.37417721613309e-05,9.02710595012124e-05,-1.23003977208214e-05,-0.00138438008907737,-5.18517463286017e-05,-0.00182965480402597,-0.00305871782067069,-0.00247201732937974,-0.00215499921101081,6.78625804262367e-06,-5.37417721613309e-05,-0.00305871782067069,-2.9399169882538e-05,-1.23003977208214e-05,-1.92792574891243e-05,-0.00144080677721359,-0.00215499921101081,-5.36171468663582e-05,1.99084086967005e-05,-5.18517463286017e-05,1.65156242726283e-05,5.84534231773404e-06,-0.00318662826270977,-2.04370803995602e-05,-0.00631507887692084,-0.00177791726165744,-5.50329833366447e-05,-0.000645536448549144,0.000100042298926795,-6.38353789268464e-05,-1.48014111820416e-05,-5.36171468663582e-05,-5.18517463286017e-05,-0.00177791726165744,-0.00318662826270977,3.13430161948958e-05,0.000101598010409099,-5.50329833366447e-05,4.83335198318002e-05,-6.23410152531534e-05,-0.00274487347472618
"1:163219580:C:T",-0.00551383122861715,-0.00924282564854462,-2.6769579323016e-05,-0.000145330824341983,-1.80796577708975e-05,-0.00534709793219079,-0.00314870822595203,-2.73732014282047e-05,-0.00829905495346051,-2.6769579323016e-05,-3.04183027131089e-05,-0.0047272649386052,-0.000117105324555666,-0.00193090438606536,-0.000811018450693091,-0.00108996976734943,-4.54430367815561e-05,-0.00044453027042346,-0.000712938352415371,-0.0020100352461796,-0.000821914513355004,2.39191942430494e-06,-0.0017732175369658,-0.00262632609422209,-0.00436785855627697,-0.000891066716318889,-0.00681982608169651,-9.55198594887463e-06,0.150195030233351,-8.46491920851733e-05,3.43935291358122e-06,-4.54430367815561e-05,-0.00275285193420149,9.33623760879243e-06,-0.000821914513355004,2.39191942430494e-06,-0.00231926519744974,-0.00608926558843503,-0.0038431819011322,-0.000540301586666292,-4.54430367815561e-05,-0.000705155825601267,3.43935291358122e-06,9.39502921593061e-06,-0.000654790746586364,2.39191942430494e-06,-0.00123209598688501,-0.00183632896426467,-0.0014945862108191,-0.000705155825601267,-0.00636275702731126,-0.0038431819011322,-0.000540301586666292,-0.00219575476966893,-0.00562869197567561,2.39191942430494e-06,-0.0038431819011322,-0.000699386196206575,-0.00183632896426467,-0.00231926519744974,-0.000891066716318889,-0.00219575476966893,-0.00118954636755664,-0.000117105324555666,-0.000705155825601267,-0.00262710651300235,2.79671971625817e-06,-0.0043686261314253,-1.28115319197875e-05,-0.000811018450693091,-3.18831097168015e-06,-4.54430367815561e-05,-0.00188474132117378,-0.00120470695977115,-0.000429124907712186,-0.00275285193420149,-0.00118954636755664,-0.000705155825601267,-3.18831097168015e-06,-0.0043686261314253,9.33623760968061e-06,-0.00142414398100676,-4.54430367815561e-05,-0.00349970003319111,-0.00830059128449534,-3.18831097168015e-06
"1:163221217:C:T",-0.00561453463143735,3.49413505276175e-05,-6.73343776407265e-05,-6.09378299705199e-05,5.25413771201855e-05,-0.000154531923695522,-7.93805560386218e-05,3.49413505285057e-05,-2.03828846956355e-06,-6.73343776407265e-05,-7.44666210970024e-05,-0.00175801648899654,3.65458804241214e-05,1.21628615330494e-05,-0.00321046352211951,-0.00170223482505882,-0.000100325977062887,-0.000847786611984702,-2.24174036267399e-05,-1.74243560975285e-05,-0.00145421030296955,8.5393471334072e-06,-0.00301347265691554,-7.93805560386218e-05,-0.0030838383193732,-0.00326453453109465,-2.15838786603584e-05,-2.93689086134918e-05,-8.46491920851733e-05,0.0697692153951248,-2.12450007737175e-05,-0.000100325977062887,-0.00353997420145102,5.68805298177821e-05,-0.00145421030296955,8.5393471334072e-06,-3.57445835224013e-05,-0.000843785528818586,-0.00327338811452194,-0.000934846406507539,-0.000100325977062887,-6.33434005692379e-06,-2.12450007737175e-05,7.2982642002728e-05,-0.00311993015019052,8.5393471334072e-06,0.000167651736680874,-2.42413007649489e-05,-0.000506220201136109,-6.33434005692379e-06,-2.58571294100562e-05,-0.00327338811452194,-0.000934846406507539,-0.000947859121310124,-0.00199715655128685,8.5393471334072e-06,-0.00327338811452194,3.44588201945939e-05,-2.42413007649489e-05,-3.57445835224013e-05,-0.00326453453109465,-0.000947859121310124,-9.77048331654018e-05,3.65458804241214e-05,-6.33434005692379e-06,3.00032959028584e-05,1.03628364582775e-05,-0.00340999719126245,-3.79265100631798e-05,-0.00321046352211951,-1.13886629806714e-05,-0.000100325977062887,-9.76226075843911e-05,-0.00089394512009644,-0.000115908740334625,-0.00353997420145102,-9.77048331654018e-05,-6.33434005692379e-06,-1.13886629806714e-05,-0.00340999719126245,5.68805298186703e-05,-0.00095760953261248,-0.000100325977062887,8.92620305092962e-05,-0.000889900462694548,-1.13886629806714e-05
"1:163221362:A:G",-9.29369950197767e-05,1.4338928979285e-05,-2.66150414232058e-05,-2.38572010555771e-05,2.16644779129638e-05,0.00039968562495396,-3.10970718473413e-05,1.43389289801732e-05,1.02985898919883e-07,-2.66150414232058e-05,-2.92724335579919e-05,8.36296320194663e-06,1.49647211040715e-05,5.08393166498422e-06,-3.70510992331319e-05,6.79539812589169e-05,-3.91945115101322e-05,-0.000136591296373112,-7.59514978465603e-06,-6.66255284098582e-06,6.1073888819152e-05,3.68764713076786e-06,-8.03319266733382e-05,-3.10970718473413e-05,-7.49811077600526e-05,-2.62961871051459e-05,-8.24225665763123e-06,-1.15959004727273e-05,3.43935291358122e-06,-2.12450007737175e-05,0.00213490843698594,-3.91945115101322e-05,-1.08106461826907e-05,2.38522808642117e-05,6.1073888819152e-05,3.68764713076786e-06,-1.40079136015103e-05,-4.20507960710026e-05,-5.51835888185082e-05,-0.000261143813449216,-3.91945115101322e-05,-1.5282981760123e-06,0.00205388993281996,3.01882872415504e-05,-8.03016110015875e-05,3.68764713076786e-06,-0.000457617800943666,-8.79643920992379e-06,-0.000402987768381102,-1.5282981760123e-06,-9.86089853949323e-06,-5.51835888185082e-05,-0.000261143813449216,-0.000393384230324756,5.08393166676058e-06,3.68764713076786e-06,-5.51835888185082e-05,1.51525966227695e-05,-8.79643920992379e-06,-1.40079136015103e-05,-2.62961871051459e-05,-0.000393384230324756,-3.82299555399257e-05,1.49647211040715e-05,-1.5282981760123e-06,-0.00056454928440175,4.38989509099486e-06,-6.28073825383879e-05,-1.48312311774035e-05,-3.70510992331319e-05,-4.36298639083788e-06,-3.91945115101322e-05,-3.74130808138418e-05,-0.000405295898264768,-4.52582291199377e-05,-1.08106461826907e-05,-3.82299555399257e-05,-1.5282981760123e-06,-4.36298639083788e-06,-6.28073825383879e-05,2.38522808650998e-05,-0.000343526767002444,-3.91945115101322e-05,3.71477935336983e-05,6.79458036545455e-05,-4.36298639083788e-06
"1:163222214:T:A",-0.000538411092070312,6.40386233525803e-05,-0.000123805616669692,-0.000113803192973272,9.65169990054804e-05,0.000320281938202882,-0.000146909930481165,6.40386233525803e-05,-0.00292857118128964,-0.000123805616669692,-0.0007834552181194,-0.00551057272659161,6.72521058593389e-05,2.14274506831202e-05,-5.88614034668922e-05,0.000297918299962063,0.00348866923632052,-0.00292403742180669,-0.00323446935289606,-0.00137846789313745,0.000269620706458973,-0.00161856485388689,-0.00311248424325505,0.00098422992039815,0.00118819195056652,-0.000571098612496712,-4.23859665001913e-05,-5.50329833366447e-05,-4.54430367815561e-05,-0.000100325977062887,-3.91945115101322e-05,0.0572718014377256,-5.09988544603601e-05,0.000102056766084324,0.000269620706458973,-0.00161856485388689,-6.74467769847809e-05,-0.00220940035509987,-0.000268076199327005,-0.00302000812852121,0.00348866923632052,-0.00321030475055917,-3.91945115101322e-05,0.000134947542904662,-0.000101902187738645,-0.00161856485388689,-0.00219809935670234,7.05437659487274e-05,-0.00106314265000584,-0.00321030475055917,-5.07579052513307e-05,-0.000268076199327005,-0.00302000812852121,-0.00178246419298134,2.14274506840084e-05,-0.00161856485388689,-0.000268076199327005,-0.00313044178840816,7.05437659487274e-05,-6.74467769847809e-05,-0.000571098612496712,-0.00178246419298134,-0.000179672457292668,6.72521058593389e-05,-0.00321030475055917,-0.00259950081270066,1.78598542293074e-05,-0.000303669665663975,-7.16918557408519e-05,-0.000618015711652653,-0.00141443705224287,0.00348866923632052,-0.000184361058262361,-0.00181284667226622,-0.000212094073605229,-5.09988544603601e-05,-0.000179672457292668,-0.00321030475055917,-0.00141443705224287,-0.000303669665663975,0.000102056766084324,-0.001606787884187,0.00348866923632052,0.000165047376426308,-0.000273801115455274,-0.00328997730122005
"1:163224139:G:C",-0.00012863496644222,1.78733884688143e-05,-3.428595459809e-05,-3.07399956955834e-05,2.68520252788562e-05,-7.83195635545297e-05,-4.02425884491464e-05,1.78733884697024e-05,-7.67957857306101e-08,-3.428595459809e-05,-3.78126299640513e-05,1.03923276615348e-05,1.86522559362245e-05,6.35576771035318e-06,-0.00163082747713617,8.11402312823617e-05,-5.09988544603601e-05,-0.00318609835271477,-9.9679407776776e-06,-8.52861492628421e-06,7.33564814741072e-05,4.58918955814624e-06,-0.0029458336872219,-4.02425884482582e-05,-0.000100737659933792,-0.00165720304190842,-0.00167423282354662,-1.48014111820416e-05,-0.00275285193420149,-0.00353997420145102,-1.08106461826907e-05,-5.09988544603601e-05,0.0576651269051665,2.94444340198652e-05,7.33564814741072e-05,4.58918955814624e-06,-1.79335778138778e-05,-0.00195091506328726,-7.28243810534934e-05,-0.00305025775999823,-5.09988544603601e-05,-2.16200269953504e-06,-1.08106461826907e-05,3.71812569728291e-05,-0.00158937658635505,4.58918955814624e-06,-0.00217407049849427,-1.13930010856578e-05,-0.00355794985681346,-2.16200269953504e-06,-0.00178496844012965,-7.28243810534934e-05,-0.00305025775999823,-0.00426826271336544,6.35576771124136e-06,4.58918955814624e-06,-7.28243810534934e-05,1.86738201879422e-05,-1.13930010856578e-05,-1.79335778138778e-05,-0.00165720304190842,-0.00426826271336544,-4.96988460998438e-05,1.86522559362245e-05,-2.16200269953504e-06,1.54763663440249e-05,5.47820117802189e-06,-8.32783114486091e-05,-1.90055262017097e-05,-0.00163082747713617,-5.57424675395879e-06,-5.09988544603601e-05,-0.00165015684222514,-0.00431984791739737,-5.91070636266622e-05,0.000339759052751631,-4.96988460998438e-05,-2.16200269953504e-06,-5.57424675395879e-06,-8.32783114486091e-05,2.94444340216415e-05,-0.00436537325189956,-5.09988544603601e-05,4.54912445579936e-05,-0.000368685218314901,-5.57424675395879e-06
"1:163224580:T:C",-0.00522358867232287,-0.0075872832444146,7.16555058577484e-05,-0.00310734088369991,-6.62748603392771e-05,-0.00653211632114203,8.19027996561417e-05,-0.000951949306825739,-0.0055652232221961,7.16555058577484e-05,-0.00267836948497191,-0.00284314992821955,-4.48099808751934e-05,-1.59821455003595e-05,-0.000134728913718796,-0.000915980072647038,0.000102056766084324,-0.00336819220218754,-0.00431654803452641,1.6454857781234e-05,-0.000627388450457289,-1.2470195835057e-05,0.000358402404832869,8.19027996561417e-05,-0.000767855084889746,-0.000165557682869633,-0.00164251100265478,3.13430161940076e-05,9.33623760879243e-06,5.68805298177821e-05,2.38522808642117e-05,0.000102056766084324,2.94444340198652e-05,0.0833093101376901,-0.000627388450457289,-1.2470195835057e-05,3.71454733079091e-05,-0.000147854587420504,0.000136233111076578,9.93344717086231e-05,0.000102056766084324,-6.70757841438885e-05,2.38522808642117e-05,-9.32423500090707e-05,-3.04513629378889e-05,-1.2470195835057e-05,-0.00132720471153114,-0.000927378039485838,-0.00045412167266079,-6.70757841438885e-05,-0.00151783245701953,0.000136233111076578,9.93344717086231e-05,-0.0007489778900025,-1.59821454994713e-05,-1.2470195835057e-05,0.000136233111076578,-0.000111386729114926,-0.000927378039485838,3.71454733079091e-05,-0.000165557682869633,-0.0007489778900025,-0.00233924839637201,-4.48099808751934e-05,-6.70757841438885e-05,-0.00127496347654876,-0.00142427178835547,0.000153581859375862,-0.00264643573983125,-0.000134728913718796,1.08123146285166e-05,0.000102056766084324,-0.00156399381199357,-0.00225889668082679,-0.00446972006802593,2.94444340198652e-05,-0.00233924839637201,-6.70757841438885e-05,1.08123146285166e-05,0.000153581859375862,0.00140949365721887,-0.000714802630621847,0.000102056766084324,-0.000116917873056011,-0.00925737540607452,-0.0038234816980891
"1:163224635:C:G",-0.00711809525406215,-0.000110008559484953,0.000187698762903921,-0.00352928022976595,-0.000320341713032413,0.000391958046207286,-0.00148073734602772,-0.000110008559484065,-0.00473693681490683,0.000187698762903921,0.000202165807500876,-8.00580030135833e-05,-0.000113150739114332,-4.38837545866377e-05,-4.68858577278297e-05,0.00378736344223629,0.000269620706458973,0.000589831488125192,-0.00369077573411491,3.49638041603484e-05,0.00515705685737267,-3.67017878240006e-05,0.000494431690120756,0.000212083310652034,-0.000549785298652239,-4.30701347662321e-05,4.32322373828953e-05,7.75424380732304e-05,-0.000821914513355004,-0.00145421030296955,6.1073888819152e-05,0.000269620706458973,7.33564814741072e-05,-0.000627388450457289,0.0607166630118532,-3.67017878240006e-05,9.03865535022419e-05,-0.00396533314054004,0.000356558141968222,0.00103690540654933,0.000269620706458973,-0.00385455492477949,6.1073888819152e-05,-0.000230445576316463,5.08823551967907e-05,-3.67017878240006e-05,-0.00163212617661479,-0.0006983407722565,-0.00191043684107806,-0.00385455492477949,-0.00422109501212109,0.000356558141968222,0.00103690540654933,-0.000400513892513388,-4.38837545866377e-05,-3.67017878240006e-05,0.000356558141968222,-0.00393070952085672,-0.0006983407722565,9.03865535022419e-05,-4.30701347671203e-05,-0.000400513892513388,0.000264342976747933,-0.000113150739114332,-0.00385455492477949,-0.000638690550449184,-4.03131404098644e-05,0.000411345118613404,9.47660715091558e-05,-4.68858577278297e-05,2.29127329243184e-05,0.000269620706458973,-0.00882444153191919,-0.00296377339484222,0.000315365129917922,7.33564814741072e-05,0.000264342976747933,-0.00385455492477949,2.29127329243184e-05,0.000411345118613404,-0.000627388450457289,-0.00285151908418468,0.000269620706458973,-0.00028740380644976,-0.0038951060665906,2.29127329243184e-05
"1:163224759:G:A",-0.00238274808067196,-7.03390061218556e-06,1.04394501585503e-05,9.42386529523276e-06,-1.1002487908307e-05,-0.000976036139642034,1.18383342195827e-05,-7.03390061307374e-06,-0.000386076984087325,1.04394501585503e-05,-0.00309179114696168,-0.00250714001571506,-7.3412938572659e-06,-2.44216150413479e-06,-0.000313122287789902,-4.2100625948116e-05,-0.00161856485388689,-7.23959400561469e-05,-0.00178224242703795,-0.00225225073678548,-3.67017878240006e-05,2.32651052298749e-05,-3.26224980691237e-05,-0.0018438458496739,-0.000693736522658028,-0.000281680791325734,3.41920256730077e-06,-5.37417721613309e-05,2.39191942430494e-06,8.5393471334072e-06,3.68764713076786e-06,-0.00161856485388689,4.58918955814624e-06,-1.2470195835057e-05,-3.67017878240006e-05,0.0555088768676271,5.8059370777741e-06,2.58426368660025e-06,-1.83214296542999e-05,-7.16876980941805e-05,-0.00161856485388689,-0.00179843659266865,3.68764713076786e-06,-1.58915628798439e-05,-0.00140248571827772,2.32651052298749e-05,-0.00147900804149703,-0.00242058602967532,1.45323557942945e-05,-0.00179843659266865,4.05855500140717e-06,-1.83214296542999e-05,-7.16876980941805e-05,-7.36149320150759e-05,-2.44216150324661e-06,2.32651052298749e-05,-1.83214296542999e-05,-0.00180098731875145,-0.00242058602967532,5.8059370777741e-06,-0.000281680791325734,-7.36149320150759e-05,1.39854090619451e-05,-7.3412938572659e-06,-0.00179843659266865,-6.09973007836828e-06,-2.12905908547611e-06,-3.79383751241136e-05,6.11257052351988e-06,-0.00195906128627144,-0.00179331699145724,-0.00161856485388689,1.90483193396318e-06,-0.00298211054248831,1.58778513519309e-05,4.58918955814624e-06,1.39854090619451e-05,-0.00179843659266865,-0.00179331699145724,-3.79383751241136e-05,-1.2470195835057e-05,-0.00302279464179112,-0.00161856485388689,-2.02089786220938e-05,-0.00177542091662009,1.84400902725201e-06
"1:163225024:T:C",-0.00253604079614433,2.27651824467046e-05,-0.000499768189505367,-4.03631422747353e-05,-0.00040632701388077,-0.00312657928836835,-0.001287869996621,2.27651824475927e-05,-4.70290516751959e-07,-0.000499768189505367,-4.97100566132502e-05,1.31475273636994e-05,2.3760944748652e-05,8.09776159194087e-06,-0.00108662736980758,-0.00304932051780682,-6.74467769847809e-05,-0.00283612141125911,-0.00193313547013751,-0.00108068888632395,9.03865535022419e-05,5.8059370777741e-06,-0.00307224668271111,-5.29989952875454e-05,-0.00174899444694088,-0.00102872732264547,-1.38592722747077e-05,-1.92792574891243e-05,-0.00231926519744974,-3.57445835224013e-05,-1.40079136015103e-05,-6.74467769847809e-05,-1.79335778138778e-05,3.71454733079091e-05,9.03865535022419e-05,5.8059370777741e-06,0.0710757633686931,-0.000108426444050735,-0.00152316265344599,-0.00496419541296245,-6.74467769847809e-05,-0.00191916264424474,-1.40079136015103e-05,4.68723908939594e-05,-0.00126258636584442,5.8059370777741e-06,-0.00791629597196941,-1.51564966692774e-05,-0.00180057078706053,-0.00191916264424474,-1.66238584125011e-05,-0.00152316265344599,-0.00496419541296245,-0.00019664975116207,8.09776159194087e-06,5.8059370777741e-06,-0.00152316265344599,-0.00189345402608065,-1.51564966692774e-05,0.000256611840726784,-0.00102872732264547,-0.00019664975116207,-6.56707388619893e-05,2.3760944748652e-05,-0.00191916264424474,1.96940444165961e-05,6.95991327770429e-06,-0.00144726391325811,-2.48581027308958e-05,-0.00108662736980758,-7.29088035011927e-06,-6.74467769847809e-05,-6.49054117207726e-05,-0.000162011055767852,-7.83709634397667e-05,-1.79335778138778e-05,-6.56707388619893e-05,-0.00191916264424474,-7.29088035011927e-06,-0.00144726391325811,3.71454733087972e-05,-0.000206400162463538,-6.74467769847809e-05,5.70508711268403e-05,-0.00343498711973522,-1.51744055916225e-05
"1:163228732:G:A",-0.00352665177431222,5.97031993203601e-05,-0.000147216112710069,-0.00567732350061689,-2.15551165796413e-05,-0.00325291525842442,7.53824129073877e-06,-0.00141946328096321,-0.000382153161353926,-0.000147216112710069,-0.00178246350499478,-0.000456804501308916,6.23229381204737e-05,2.12733892510641e-05,-0.00265844481254396,0.000123647585771103,-0.00220940035509987,-0.000439640150890597,-0.000916341797659204,-0.00222810606350432,-0.00396533314054004,2.58426368660025e-06,-0.000948851044062504,-0.00158088104619569,-0.00939485834717946,-0.00238627647397482,-2.66518096356805e-05,-0.00270045010942876,-0.00608926558843503,-0.000843785528818586,-4.20507960710026e-05,-0.00220940035509987,-0.00195091506328726,-0.000147854587420504,-0.00396533314054004,2.58426368660025e-06,-0.000108426444050735,0.190290971417166,-0.0088855176482685,-0.00401255967871839,-0.00220940035509987,-0.0021966798422639,-4.20507960710026e-05,-0.00435441672728221,-0.00462764170280971,2.58426368660025e-06,-0.00142170142872233,-0.00111219552582398,-0.0038918449735208,-0.0021966798422639,-0.000418357259681201,-0.0088855176482685,-0.00401255967871839,-0.00164993339390307,-0.000424922092403079,2.58426368660025e-06,-0.0088855176482685,-0.00348086979003437,-0.00111219552582398,-0.000108426444050735,-0.00238627647397394,-0.00164993339390307,-0.00118485592069195,6.23229381204737e-05,-0.0021966798422639,-0.000229756694638539,-0.000457788221526201,-0.0072827307141754,-0.000144483004946849,-0.00265844481254396,-1.46031504835165e-05,-0.00220940035509987,-0.000177671308528637,-0.00746451369616308,-0.000839768248505735,-0.00195091506328726,-0.00118485592069195,-0.0021966798422639,-1.46031504835165e-05,-0.0072827307141754,-0.000147854587420504,-0.00671734908064403,-0.00220940035509987,-0.00713565681492323,-0.00459664328717002,-0.00274950512977412
"1:163229070:T:C",-0.01342596509348,8.76303502446163e-05,-0.00140523338205956,-0.00327647488285532,-0.00593163211274383,-0.000450555671710262,-0.00126923871840745,-0.00165025466434088,-0.00168737216281656,-0.00140523338205956,-0.000198110810837093,-0.00181445254629153,-0.00132648143642466,-0.00647406412183216,-0.00248090069615881,-0.00112963980203151,-0.000268076199327005,-0.00117373268703957,-0.000386116533156233,-0.00165933031220344,0.000356558141968222,-1.83214296542999e-05,-0.00105927556328611,-0.000212656692071711,-7.62617120297904e-05,-0.00263552016876911,-0.00165342510246713,-0.00305871782067069,-0.0038431819011322,-0.00327338811452194,-5.51835888185082e-05,-0.000268076199327005,-7.28243810534934e-05,0.000136233111076578,0.000356558141968222,-1.83214296542999e-05,-0.00152316265344599,-0.0088855176482685,0.092984911894523,-0.000682668178174861,-0.000268076199327005,-0.000337943319302703,-5.51835888185082e-05,-0.00113967588781616,-0.00219369777168144,-1.83214296542999e-05,-0.00179013529195871,-7.89351495003032e-05,6.74167959942018e-05,-0.000337943319302703,-0.00177377879562357,0.00125534068438604,-0.000682668178174861,0.000316471318276168,2.85775307373726e-05,-1.83214296542999e-05,0.00125534068438604,1.26248486722602e-05,-7.89351495003032e-05,-0.00152316265344599,-0.00263552016876822,0.000316471318276168,-0.000260284879370687,-0.00132648143642466,-0.000337943319302703,7.33335967106896e-05,2.33447721580404e-05,0.000938023770872043,-0.000104005330925361,-0.00248090069615881,-4.88731739647363e-05,-0.000268076199327005,-0.000338779566704694,0.000409973745195025,-0.000307804210113893,-7.28243810534934e-05,-0.000260284879370687,-0.000337943319302703,-4.88731739647363e-05,0.000938023770872043,0.000136233111076578,0.000244181020449208,-0.000268076199327005,-0.00130321474825301,-0.0044580973982411,-3.31195643870075e-05
"1:163229135:C:T",-0.0084558607038101,-0.00137610215345685,-0.00658976822309842,-0.00902944433170383,-0.00598302987050392,-0.00782828556251181,-0.00121110815999614,-0.00675999738922961,-0.00514330887411019,-0.00658976822309842,-0.00462086925443206,-0.000838002984060005,-0.00621434070097404,-0.00304617999401646,-0.00173405421031703,0.00117973500199087,-0.00302000812852121,0.00195616112874886,-0.0058173440374456,-0.00373255400439021,0.00103690540654933,-7.16876980941805e-05,0.00225444530496821,-0.00407536196919178,-0.00302551635302839,-0.00163050466100723,-0.00717490959561173,-0.00247201732937974,-0.000540301586666292,-0.000934846406507539,-0.000261143813449216,-0.00302000812852121,-0.00305025775999823,9.93344717086231e-05,0.00103690540654933,-7.16876980941805e-05,-0.00496419541296245,-0.00401255967871839,-0.000682668178174861,0.198298948902026,-0.00302000812851944,-0.00359597251543109,-0.000261143813449216,0.000266524758383291,-0.0041245647373036,-7.16876980941805e-05,0.000499174050767159,-0.0010667620912983,-0.00202062899554134,-0.00359597251543109,-0.00450765279490684,-0.000682668178174861,0.00456906155264036,-0.00242891745725382,-0.00592535783369552,-7.16876980941805e-05,-0.000682668178174861,-0.00810166174611782,-0.0010667620912983,-0.00496419541296156,-0.00163050466100723,-0.00242891745725382,0.000207912516199116,-0.00621434070097404,-0.00359597251543109,0.000175568960247396,-0.00353265696850436,-3.24250224563727e-05,-0.000395449790994817,-0.00201372887782014,-0.000148013741382513,-0.00302000812851944,0.000267139397571281,-0.0020415605506896,-0.00247543690225438,-0.00305025775999734,0.000207912516199116,-0.00359597251543109,-0.000148013741382513,-3.24250224563727e-05,9.93344717086231e-05,-0.00186638470144196,-0.00302000812851944,9.60302792520906e-05,-0.00270426242609378,-0.000138749552071715
"1:163229838:A:G",-0.000538411092070312,6.40386233525803e-05,-0.000123805616669692,-0.000113803192973272,9.65169990054804e-05,0.000320281938202882,-0.000146909930481165,6.40386233525803e-05,-0.00292857118128964,-0.000123805616669692,-0.0007834552181194,-0.00551057272659161,6.72521058593389e-05,2.14274506831202e-05,-5.88614034668922e-05,0.000297918299962063,0.00348866923632052,-0.00292403742180669,-0.00323446935289606,-0.00137846789313745,0.000269620706458973,-0.00161856485388689,-0.00311248424325505,0.00098422992039815,0.00118819195056652,-0.000571098612496712,-4.23859665001913e-05,-5.50329833366447e-05,-4.54430367815561e-05,-0.000100325977062887,-3.91945115101322e-05,0.00348866923632052,-5.09988544603601e-05,0.000102056766084324,0.000269620706458973,-0.00161856485388689,-6.74467769847809e-05,-0.00220940035509987,-0.000268076199327005,-0.00302000812851944,0.0572718014377238,-0.00321030475055917,-3.91945115101322e-05,0.000134947542904662,-0.000101902187738645,-0.00161856485388689,-0.00219809935670234,7.05437659487274e-05,-0.00106314265000584,-0.00321030475055917,-5.07579052513307e-05,-0.000268076199327005,-0.00302000812852121,-0.00178246419298134,2.14274506840084e-05,-0.00161856485388689,-0.000268076199327005,-0.00313044178840816,7.05437659487274e-05,-6.74467769847809e-05,-0.000571098612496712,-0.00178246419298134,-0.000179672457292668,6.72521058593389e-05,-0.00321030475055917,-0.00259950081270066,1.78598542293074e-05,-0.000303669665663975,-7.16918557408519e-05,-0.000618015711652653,-0.00141443705224287,0.00348866923632052,-0.000184361058262361,-0.00181284667226622,-0.000212094073605229,-5.09988544603601e-05,-0.000179672457292668,-0.00321030475055917,-0.00141443705224287,-0.000303669665663975,0.000102056766084324,-0.001606787884187,0.00348866923632052,0.000165047376426308,-0.000273801115455274,-0.00328997730122005
"1:163233645:A:C",-0.00253504856666664,-5.60297874763194e-07,-9.30620073358313e-06,-0.000247592428106458,-0.00117301165799244,-0.000141913695393292,-0.00272769500176739,-5.60297875651372e-07,-0.00858099432187753,-9.30620073358313e-06,0.000629842465079022,-0.00778906367549403,-6.69887141313552e-07,2.57568959050047e-07,-0.0030888436660641,-0.00482857424183525,-0.00321030475055917,-0.00260387291445996,-0.000421590192380528,-0.00424622140331898,-0.00385455492477949,-0.00179843659266865,-0.00168834725370326,-0.0036698940443376,-0.000937677669640813,-0.00295428350434968,-0.00208352091075792,-5.18517463286017e-05,-0.000705155825601267,-6.33434005692379e-06,-1.5282981760123e-06,-0.00321030475055917,-2.16200269953504e-06,-6.70757841438885e-05,-0.00385455492477949,-0.00179843659266865,-0.00191916264424474,-0.0021966798422639,-0.000337943319302703,-0.00359597251543109,-0.00321030475055917,0.150882346230388,-1.5282981760123e-06,-0.00185398387434343,-0.000381452011922079,-0.00179843659266865,-0.00559463025884455,-0.000714102826445462,-0.00451413854466365,0.00207555200351806,-0.00219248037000597,-0.000337943319302703,-0.00359597251543109,-0.00174389206097247,2.57568959050047e-07,-0.00179843659266865,-0.000337943319302703,-0.00398302354276581,-0.000714102826445462,-0.00191916264424474,-0.00295428350434968,-0.00174389206097247,-0.00335909756767716,-6.69887141313552e-07,0.00207555200351806,-0.00272743088673888,-0.00177812021158985,-0.000271742331406699,-2.23651090180965e-05,-0.0030888436660641,-0.00204189104642083,-0.00321030475055917,-0.000412912924036668,-0.00308532000319195,-0.000813762627513093,-2.16200269953504e-06,-0.00335909756767716,0.00207555200351806,-0.00204189104642083,-0.000271742331406699,-6.70757841438885e-05,-0.00192837196905771,-0.00321030475055917,-0.0010237644791351,-0.00683522398197578,-0.00244854811865292
"1:163235144:C:A",-9.29369950197767e-05,1.4338928979285e-05,-2.66150414232058e-05,-2.38572010555771e-05,2.16644779129638e-05,0.00039968562495396,-3.10970718473413e-05,1.43389289801732e-05,1.02985898919883e-07,-2.66150414232058e-05,-2.92724335579919e-05,8.36296320194663e-06,1.49647211040715e-05,5.08393166498422e-06,-3.70510992331319e-05,6.79539812589169e-05,-3.91945115101322e-05,-0.000136591296373112,-7.59514978465603e-06,-6.66255284098582e-06,6.1073888819152e-05,3.68764713076786e-06,-8.03319266733382e-05,-3.10970718473413e-05,-7.49811077600526e-05,-2.62961871051459e-05,-8.24225665763123e-06,-1.15959004727273e-05,3.43935291358122e-06,-2.12450007737175e-05,0.00205388993281996,-3.91945115101322e-05,-1.08106461826907e-05,2.38522808642117e-05,6.1073888819152e-05,3.68764713076786e-06,-1.40079136015103e-05,-4.20507960710026e-05,-5.51835888185082e-05,-0.000261143813449216,-3.91945115101322e-05,-1.5282981760123e-06,0.00213490843698594,3.01882872415504e-05,-8.03016110015875e-05,3.68764713076786e-06,-0.000457617800943666,-8.79643920992379e-06,-0.000402987768381102,-1.5282981760123e-06,-9.86089853949323e-06,-5.51835888185082e-05,-0.000261143813449216,-0.000393384230324756,5.08393166676058e-06,3.68764713076786e-06,-5.51835888185082e-05,1.51525966227695e-05,-8.79643920992379e-06,-1.40079136015103e-05,-2.62961871051459e-05,-0.000393384230324756,-3.82299555399257e-05,1.49647211040715e-05,-1.5282981760123e-06,-0.00056454928440175,4.38989509099486e-06,-6.28073825383879e-05,-1.48312311774035e-05,-3.70510992331319e-05,-4.36298639083788e-06,-3.91945115101322e-05,-3.74130808138418e-05,-0.000405295898264768,-4.52582291199377e-05,-1.08106461826907e-05,-3.82299555399257e-05,-1.5282981760123e-06,-4.36298639083788e-06,-6.28073825383879e-05,2.38522808650998e-05,-0.000343526767002444,-3.91945115101322e-05,3.71477935336983e-05,6.79458036545455e-05,-4.36298639083788e-06
"1:163240377:T:C",0.000311388728344575,-5.30432694008098e-05,-0.00592538109617724,8.08977775257347e-05,-8.04735325585781e-05,-0.000974687314906575,-0.0038716122699185,-5.30432693999217e-05,-0.00336102595119137,-0.00592538109617724,0.000101224003258515,-3.51964351601453e-05,-5.49170180601521e-05,-2.00940815213713e-05,0.000104656841939388,-0.0018213628471484,0.000134947542904662,0.000406344781613832,-0.00179549293792647,2.01530462398125e-05,-0.000230445576316463,-1.58915628798439e-05,0.000394588548865649,0.000106756065184399,-0.00082945656111999,6.66684152852426e-05,2.49151404565495e-05,3.95638309891311e-05,9.39502921593061e-06,7.2982642002728e-05,3.01882872415504e-05,0.000134947542904662,3.71812569728291e-05,-9.32423500090707e-05,-0.000230445576316463,-1.58915628798439e-05,4.68723908939594e-05,-0.00435441672728221,-0.00113967588781616,0.000266524758383291,0.000134947542904662,-0.00185398387434343,3.01882872415504e-05,0.0519788402434118,0.000247664347812204,-1.58915628798439e-05,-0.000282751365938694,2.14729504319777e-05,0.000516609948121527,-0.00185398387434343,2.97881763238195e-05,-0.00113967588781616,0.000266524758383291,0.000155668369900219,-0.000814854577611435,-1.58915628798439e-05,-0.00113967588781616,-0.00353649346338614,2.14729504319777e-05,4.68723908939594e-05,6.66684152852426e-05,0.000155668369900219,-0.00354190175168245,-5.49170180601521e-05,-0.00185398387434343,-4.72953703747336e-05,-1.80045872806289e-05,-0.00123023480947548,4.93637044600703e-05,0.000104656841939388,1.32097817280297e-05,0.000134947542904662,0.00012168980265681,0.000126236031293914,0.000156728376041748,3.71812569728291e-05,-0.00354190175168245,-0.00185398387434343,1.32097817280297e-05,-0.00123023480947548,-9.32423500081825e-05,9.62984495860297e-05,0.000134947542904662,-0.000138711028865757,-0.00192547206843496,1.32097817280297e-05
"1:163241577:G:A",-0.00833753162511108,-0.000825505066169185,-0.00141074649764672,-0.00637254340783144,-0.00304379499728924,-0.00569229205813571,-7.8912330936376e-06,-0.00333493037926669,-0.00765994043609908,-0.00141074649764672,-0.00281765044011184,-0.00370310734583956,-0.0059264247930475,-0.00164430829041429,-0.00167533625727057,-5.21854595989524e-05,-0.000101902187738645,-0.00206286734483685,-0.000408584198110074,-0.00879165187200837,5.08823551967907e-05,-0.00140248571827772,-0.00190332311217034,-0.00257297812816049,-0.00563831482823174,-0.00325945426206875,-0.000381900856814887,-0.00122581529010279,-0.000654790746586364,-0.00311993015019052,-8.03016110015875e-05,-0.000101902187738645,-0.00158937658635505,-3.04513629378889e-05,5.08823551967907e-05,-0.00140248571827772,-0.00126258636584442,-0.00462764170280971,-0.00219369777168144,-0.0041245647373036,-0.000101902187738645,-0.000381452011922079,-8.03016110015875e-05,0.000247664347812204,0.190807457457283,-0.00140248571827772,-0.00439019299096621,-0.00325526833539058,-0.00190206404487814,-0.000381452011922079,-0.000522741376488334,-0.00219369777168144,-0.0041245647373036,-0.00457297843621562,-0.00221425744517489,-0.00140248571827772,-0.00219369777168144,-0.00022836897086087,-0.00325526833539058,-0.00126258636584442,-0.00325945426206875,-0.00457297843621562,-0.00238533500816196,-0.0059264247930475,-0.000381452011922079,1.54509078047482e-05,1.31087235013538e-05,-0.00264332711000304,-0.000158286636166238,-0.00225865534585346,-0.000879817156085316,-0.000101902187738645,-0.000211617348276683,-0.00313208648648899,-0.00092136993934222,-0.00158937658635505,-0.00238533500816196,-0.000381452011922079,-0.000879817156085316,-0.00264332711000304,-3.04513629378889e-05,-0.00297167497590811,-0.000101902187738645,-0.000232833893504925,-0.0117580330969087,-0.00666082867106255
"1:163241589:T:C",-0.00238274808067196,-7.03390061218556e-06,1.04394501585503e-05,9.42386529523276e-06,-1.1002487908307e-05,-0.000976036139642034,1.18383342195827e-05,-7.03390061307374e-06,-0.000386076984087325,1.04394501585503e-05,-0.00309179114696168,-0.00250714001571506,-7.3412938572659e-06,-2.44216150413479e-06,-0.000313122287789902,-4.2100625948116e-05,-0.00161856485388689,-7.23959400561469e-05,-0.00178224242703795,-0.00225225073678548,-3.67017878240006e-05,2.32651052298749e-05,-3.26224980691237e-05,-0.0018438458496739,-0.000693736522658028,-0.000281680791325734,3.41920256730077e-06,-5.37417721613309e-05,2.39191942430494e-06,8.5393471334072e-06,3.68764713076786e-06,-0.00161856485388689,4.58918955814624e-06,-1.2470195835057e-05,-3.67017878240006e-05,2.32651052298749e-05,5.8059370777741e-06,2.58426368660025e-06,-1.83214296542999e-05,-7.16876980941805e-05,-0.00161856485388689,-0.00179843659266865,3.68764713076786e-06,-1.58915628798439e-05,-0.00140248571827772,0.0555088768676271,-0.00147900804149703,-0.00242058602967532,1.45323557942945e-05,-0.00179843659266865,4.05855500140717e-06,-1.83214296542999e-05,-7.16876980941805e-05,-7.36149320150759e-05,-2.44216150324661e-06,2.32651052298749e-05,-1.83214296542999e-05,-0.00180098731875145,-0.00242058602967532,5.8059370777741e-06,-0.000281680791325734,-7.36149320150759e-05,1.39854090619451e-05,-7.3412938572659e-06,-0.00179843659266865,-6.09973007836828e-06,-2.12905908547611e-06,-3.79383751241136e-05,6.11257052351988e-06,-0.00195906128627144,-0.00179331699145724,-0.00161856485388689,1.90483193396318e-06,-0.00298211054248831,1.58778513519309e-05,4.58918955814624e-06,1.39854090619451e-05,-0.00179843659266865,-0.00179331699145724,-3.79383751241136e-05,-1.2470195835057e-05,-0.00302279464179112,-0.00161856485388689,-2.02089786220938e-05,-0.00177542091662009,1.84400902725201e-06
"1:163243473:T:C",-0.00490783157394636,-0.000436658023772907,-0.000995777497021066,-0.00466975617653276,-0.00399692648607264,-0.00570033947854576,-0.00100060335624352,-0.000133500232969652,-0.00149973165812956,-0.000995777497021066,-0.00248148081396149,-0.00298238814667418,-0.000136976998016181,-0.00108947778410684,-0.00278969343426194,-0.00385813853332451,-0.00219809935670234,0.000753872551542578,-0.00139562163469442,-0.000123532623823586,-0.00163212617661479,-0.00147900804149703,0.000267039862098084,-0.00190747234652733,0.00022611785901816,-0.00260002528504444,-0.00338365908628901,9.02710595012124e-05,-0.00123209598688501,0.000167651736680874,-0.000457617800943666,-0.00219809935670234,-0.00217407049849427,-0.00132720471153114,-0.00163212617661479,-0.00147900804149703,-0.00791629597196941,-0.00142170142872233,-0.00179013529195871,0.000499174050767159,-0.00219809935670234,-0.00559463025884455,-0.000457617800943666,-0.000282751365938694,-0.00439019299096621,-0.00147900804149703,0.163597709868066,-0.00284658051547648,0.000644629753587367,-0.00559463025884455,-0.00494907207624795,-0.00179013529195871,0.000499174050766715,0.000124870891705431,-5.38794678748289e-05,-0.00147900804149703,-0.00179013529195871,-0.00576134572148135,-0.00284658051547648,-0.00791629597196941,-0.00260002528504444,0.000124870891705431,0.000303704658877635,-0.000136976998015292,-0.00559463025884455,0.000269583135964702,-4.99126203212796e-05,-0.00163797639608632,-0.00175704177312408,-0.00278969343426194,-0.0016509117964052,-0.00219809935670234,-0.00494513543430841,0.000159065839841155,0.000360538733253257,-0.00217407049849427,0.000303704658877635,-0.00559463025884455,-0.0016509117964052,-0.00163797639608632,-0.00132720471153114,-8.6199519967689e-05,-0.00219809935670234,-0.00035564602798388,-0.0064884253798585,-6.54918284759276e-05
"1:163244640:G:C",-0.00404304426186997,-0.0071034880523797,-3.14917339370169e-05,-0.00222003800570558,1.69766251110204e-05,-0.00724170924274059,-3.80202161931464e-05,-0.00119655210160996,-0.000798677029731465,-3.14917339370169e-05,-0.000307992917486288,-6.47223033389821e-07,1.25598172679986e-05,4.69433795391438e-06,-0.000423509179970694,-0.000961292563490979,7.05437659487274e-05,-0.00282406100275612,-0.00506507127243783,-0.00214177404049121,-0.0006983407722565,-0.00242058602967532,-0.00106586541918796,0.00043242605240934,0.000428414513554465,-7.38959624371205e-05,-0.00197375311389525,-1.23003977208214e-05,-0.00183632896426467,-2.42413007649489e-05,-8.79643920992379e-06,7.05437659487274e-05,-1.13930010856578e-05,-0.000927378039485838,-0.0006983407722565,-0.00242058602967532,-1.51564966692774e-05,-0.00111219552582398,-7.89351495003032e-05,-0.0010667620912983,7.05437659487274e-05,-0.000714102826445462,-8.79643920992379e-06,2.14729504319777e-05,-0.00325526833539058,-0.00242058602967532,-0.00284658051547648,0.103633962553685,-0.00114881605658468,-0.000714102826444574,-0.00185532288632206,-7.89351495003032e-05,-0.0010667620912983,-0.0016058235419929,4.69433795569074e-06,-0.00242058602967532,-7.89351495003032e-05,-0.000699105979496295,0.0017600169099703,-1.51564966692774e-05,-7.38959624371205e-05,-0.0016058235419929,-0.00272168021044994,1.25598172679986e-05,-0.000714102826444574,-0.00334813648346177,-0.00120804997809643,-9.36411543221993e-05,-0.00230056065150208,-8.35304004862536e-05,-0.00218678624217894,7.05437659496155e-05,-0.00201228610890336,-0.00326622866831539,-0.00494968908488858,-1.13930010856578e-05,-0.00272168021044994,-0.000714102826444574,-0.00218678624217894,-9.36411543221993e-05,-0.00092737803948495,-0.00141048020816203,7.05437659496155e-05,-0.000970641506871317,-0.00525169770675804,-2.56880994555786e-05
"1:163246218:T:G",-0.0172306738699382,-0.00150134262499257,-0.00741248471618228,-0.00878975390634817,-0.00379020773438743,-0.00957987183341968,-0.00197315708283075,-0.00754187778878013,-0.0026292896115705,-0.00741248471618228,-0.00407960259885698,-0.000381281435849701,-0.00702525504059182,-0.00290347789446699,-0.000773642756003667,0.00056300564733025,-0.00106314265000584,-0.000344925576750921,-0.00445572954898266,-0.00129180864200551,-0.00191043684107806,1.45323557942945e-05,-0.00300606843627138,-0.0010843753656804,-0.00162083285274495,-0.000769328337399067,-0.00634047796585424,-0.00138438008907737,-0.0014945862108191,-0.000506220201136109,-0.000402987768381102,-0.00106314265000584,-0.00355794985681346,-0.00045412167266079,-0.00191043684107806,1.45323557942945e-05,-0.00180057078706053,-0.0038918449735208,6.74167959942018e-05,-0.00202062899554134,-0.00106314265000584,-0.00451413854466365,-0.000402987768381102,0.000516609948121527,-0.00190206404487814,1.45323557942945e-05,0.000644629753587367,-0.00114881605658468,0.228094231677245,-0.00451413854466365,-0.00434862445693174,6.74167959942018e-05,-0.00202062899554134,-0.00888262656868211,-0.00487648482625147,1.45323557942945e-05,6.74167959942018e-05,-0.00241311437783986,-0.00114881605658468,-0.00180057078706053,-0.000769328337398623,-0.00888262656868211,-0.00320480528536393,-0.00702525504059182,-0.00451413854466365,-0.00152532890729518,-0.00190058557755002,0.000617150730246152,-0.000256475667056222,-0.00108859001407247,-0.000202133935802706,-0.00106314265000584,-0.000630358305903744,-0.00819698232256139,-0.00168819111805618,-0.00355794985681346,-0.00320480528536393,-0.00451413854466365,-0.000202133935802706,0.000617150730246152,-0.00045412167266079,-0.00784101423680994,-0.00106314265000584,-0.000455127270665656,-0.0010038530885228,-0.00563437593028571
"1:163246976:T:A",-0.00253504856666664,-5.60297874763194e-07,-9.30620073358313e-06,-0.000247592428106458,-0.00117301165799244,-0.000141913695393292,-0.00272769500176739,-5.60297875651372e-07,-0.00858099432187753,-9.30620073358313e-06,0.000629842465079022,-0.00778906367549403,-6.69887141313552e-07,2.57568959050047e-07,-0.0030888436660641,-0.00482857424183525,-0.00321030475055917,-0.00260387291445996,-0.000421590192380528,-0.00424622140331898,-0.00385455492477949,-0.00179843659266865,-0.00168834725370326,-0.0036698940443376,-0.000937677669640813,-0.00295428350434968,-0.00208352091075792,-5.18517463286017e-05,-0.000705155825601267,-6.33434005692379e-06,-1.5282981760123e-06,-0.00321030475055917,-2.16200269953504e-06,-6.70757841438885e-05,-0.00385455492477949,-0.00179843659266865,-0.00191916264424474,-0.0021966798422639,-0.000337943319302703,-0.00359597251543109,-0.00321030475055917,0.00207555200351806,-1.5282981760123e-06,-0.00185398387434343,-0.000381452011922079,-0.00179843659266865,-0.00559463025884455,-0.000714102826444574,-0.00451413854466365,0.150882346230387,-0.00219248037000597,-0.000337943319302703,-0.00359597251543109,-0.00174389206097247,2.57568959050047e-07,-0.00179843659266865,-0.000337943319302703,-0.00398302354276581,-0.000714102826445462,-0.00191916264424474,-0.00295428350434968,-0.00174389206097247,-0.00335909756767716,-6.69887141313552e-07,0.00207555200351806,-0.00272743088673888,-0.00177812021158985,-0.000271742331406699,-2.23651090180965e-05,-0.0030888436660641,-0.00204189104642083,-0.00321030475055917,-0.000412912924036668,-0.00308532000319195,-0.000813762627513093,-2.16200269953504e-06,-0.00335909756767716,0.00207555200351806,-0.00204189104642083,-0.000271742331406699,-6.70757841438885e-05,-0.00192837196905771,-0.00321030475055917,-0.0010237644791351,-0.00683522398197578,-0.00244854811865292
"1:163252747:A:G",-0.00338159462368504,-0.000745448766484635,-3.29684209630088e-05,-2.93405768694299e-05,2.22061681620644e-05,-8.21132571351413e-05,-3.91936476153987e-05,-0.0013063265812665,-4.64883948581019e-06,-3.29684209630088e-05,-0.00139545195455693,9.0504252723278e-06,-0.000986851590359272,-0.00340834015312286,-0.000561410141514784,-0.00337012604746612,-5.07579052513307e-05,-0.00127079973196942,-0.00220331187185163,-7.71306885205547e-06,-0.00422109501212109,4.05855500140717e-06,-0.00208984394379685,-3.91936476153987e-05,-0.000100499110357255,-0.000589804853416531,4.64158723652019e-05,-0.00182965480402597,-0.00636275702731126,-2.58571294100562e-05,-9.86089853949323e-06,-5.07579052513307e-05,-0.00178496844012965,-0.00151783245701953,-0.00422109501212109,4.05855500140717e-06,-1.66238584125011e-05,-0.000418357259681201,-0.00177377879562357,-0.00450765279490684,-5.07579052513307e-05,-0.00219248037000597,-9.86089853949323e-06,2.97881763238195e-05,-0.000522741376488334,4.05855500140717e-06,-0.00494907207624795,-0.00185532288632206,-0.00434862445693174,-0.00219248037000597,0.106098952224557,-0.00177377879562357,-0.00450765279490684,-0.000851252080229514,5.57617596985693e-06,4.05855500140717e-06,-0.00177377879562357,-0.00217635009897954,-0.00185532288632206,-1.66238584125011e-05,-0.000589804853416531,-0.000851252080229514,-4.93328268715842e-05,-0.000986851590359272,-0.00219248037000597,-0.00163674849556728,-0.00186593684292813,-0.00169562376495502,-1.76613653097846e-05,-0.000561410141514784,-5.00263756730845e-06,-5.07579052513307e-05,-0.00541990117950775,-0.000826049054582167,-5.97385613660961e-05,-0.00178496844012965,-4.93328268715842e-05,-0.00219248037000597,-5.00263756730845e-06,-0.00169562376495502,-0.00151783245702042,-0.000826261025872022,-5.07579052513307e-05,3.54980950456607e-05,-0.00378280942398579,-5.00263756730845e-06
"1:163253070:G:C",-0.01342596509348,8.76303502446163e-05,-0.00140523338205956,-0.00327647488285532,-0.00593163211274383,-0.000450555671710262,-0.00126923871840745,-0.00165025466434088,-0.00168737216281656,-0.00140523338205956,-0.000198110810837093,-0.00181445254629153,-0.00132648143642466,-0.00647406412183216,-0.00248090069615881,-0.00112963980203151,-0.000268076199327005,-0.00117373268703957,-0.000386116533156233,-0.00165933031220344,0.000356558141968222,-1.83214296542999e-05,-0.00105927556328611,-0.000212656692071711,-7.62617120297904e-05,-0.00263552016876911,-0.00165342510246713,-0.00305871782067069,-0.0038431819011322,-0.00327338811452194,-5.51835888185082e-05,-0.000268076199327005,-7.28243810534934e-05,0.000136233111076578,0.000356558141968222,-1.83214296542999e-05,-0.00152316265344599,-0.0088855176482685,0.00125534068438604,-0.000682668178174861,-0.000268076199327005,-0.000337943319302703,-5.51835888185082e-05,-0.00113967588781616,-0.00219369777168144,-1.83214296542999e-05,-0.00179013529195871,-7.89351495003032e-05,6.74167959942018e-05,-0.000337943319302703,-0.00177377879562357,0.092984911894523,-0.000682668178174861,0.000316471318276168,2.85775307373726e-05,-1.83214296542999e-05,0.00125534068438604,1.26248486722602e-05,-7.89351495003032e-05,-0.00152316265344599,-0.00263552016876822,0.000316471318276168,-0.000260284879370687,-0.00132648143642466,-0.000337943319302703,7.33335967106896e-05,2.33447721580404e-05,0.000938023770872043,-0.000104005330925361,-0.00248090069615881,-4.88731739647363e-05,-0.000268076199327005,-0.000338779566704694,0.000409973745195025,-0.000307804210113893,-7.28243810534934e-05,-0.000260284879370687,-0.000337943319302703,-4.88731739647363e-05,0.000938023770872043,0.000136233111076578,0.000244181020449208,-0.000268076199327005,-0.00130321474825301,-0.0044580973982411,-3.31195643870075e-05
"1:163254515:T:C",-0.0084558607038101,-0.00137610215345685,-0.00658976822309842,-0.00902944433170383,-0.00598302987050392,-0.00782828556251181,-0.00121110815999614,-0.00675999738922961,-0.00514330887411019,-0.00658976822309842,-0.00462086925443206,-0.000838002984060005,-0.00621434070097404,-0.00304617999401646,-0.00173405421031703,0.00117973500199087,-0.00302000812852121,0.00195616112874886,-0.0058173440374456,-0.00373255400439021,0.00103690540654933,-7.16876980941805e-05,0.00225444530496821,-0.00407536196919178,-0.00302551635302839,-0.00163050466100723,-0.00717490959561173,-0.00247201732937974,-0.000540301586666292,-0.000934846406507539,-0.000261143813449216,-0.00302000812852121,-0.00305025775999823,9.93344717086231e-05,0.00103690540654933,-7.16876980941805e-05,-0.00496419541296245,-0.00401255967871839,-0.000682668178174861,0.00456906155264036,-0.00302000812852121,-0.00359597251543109,-0.000261143813449216,0.000266524758383291,-0.0041245647373036,-7.16876980941805e-05,0.000499174050766715,-0.0010667620912983,-0.00202062899554134,-0.00359597251543109,-0.00450765279490684,-0.000682668178174861,0.198298948902028,-0.00242891745725382,-0.00592535783369552,-7.16876980941805e-05,-0.000682668178174861,-0.00810166174611782,-0.0010667620912983,-0.00496419541296156,-0.00163050466100723,-0.00242891745725382,0.000207912516199116,-0.00621434070097404,-0.00359597251543109,0.000175568960247396,-0.00353265696850436,-3.24250224563727e-05,-0.000395449790994817,-0.00201372887782014,-0.000148013741382513,-0.00302000812851944,0.000267139397571281,-0.0020415605506896,-0.00247543690225438,-0.00305025775999734,0.000207912516199116,-0.00359597251543109,-0.000148013741382513,-3.24250224563727e-05,9.93344717086231e-05,-0.00186638470144196,-0.00302000812851944,9.60302792520906e-05,-0.00270426242609378,-0.000138749552071715
"1:163257533:C:T",-0.0114914922208498,-0.000725060482016815,0.000561117332486205,-0.0114583986322208,-0.00886366195518296,-0.000790104456821261,-0.000290481594580339,-0.00259157255575193,-0.000118582388542787,0.000561117332486205,4.99444492785273e-06,-0.00171182510019152,-0.00181525535997018,-0.00180459952779266,0.000264554177180631,-0.00565196344090868,-0.00178246419298134,-0.0104745140009532,-0.00596128676731089,-9.77144500535765e-05,-0.000400513892513388,-7.36149320150759e-05,-0.00760015835683081,-0.000816923492966914,-0.00158978079879235,0.000130962331964746,-0.0013028867957261,-0.00215499921101081,-0.00219575476966893,-0.000947859121310124,-0.000393384230324756,-0.00178246419298134,-0.00426826271336544,-0.0007489778900025,-0.000400513892513388,-7.36149320150759e-05,-0.00019664975116207,-0.00164993339390307,0.000316471318276168,-0.00242891745725382,-0.00178246419298134,-0.00174389206097247,-0.000393384230324756,0.000155668369900219,-0.00457297843621562,-7.36149320150759e-05,0.000124870891705431,-0.0016058235419929,-0.00888262656868211,-0.00174389206097247,-0.000851252080229514,0.000316471318276168,-0.00242891745725382,0.15006149168422,4.76017689274855e-05,-7.36149320150759e-05,0.000316471318276168,-0.00749183090314443,-0.0016058235419929,-0.00019664975116207,0.00013096233196519,0.00325752001611601,3.43885740958783e-05,-0.00181525535997107,-0.00174389206097247,-0.000734439598513603,-0.00208195225940955,0.000378716863051132,-0.000921834972246849,0.000264554177180631,-0.000275563840715698,-0.00178246419298134,-0.00107484344162589,0.00130638045480014,-0.00304479403643487,-0.00426826271336544,3.43885740958783e-05,-0.00174389206097247,-0.000275563840715698,0.000378716863051132,-0.000748977890003388,0.00183711102110884,-0.00178246419298134,-0.0055462326129021,-0.00366833262154076,-0.000874813828300347
"1:163257958:A:G",-0.000329474002388253,-9.19467847904087e-06,1.51177623033405e-05,1.35120340685191e-05,-1.41574725454063e-05,-0.00231457528965962,-0.00187966786541249,-9.19467847904087e-06,-0.00401816163939994,1.51177623033405e-05,1.64498931063406e-05,-0.00171408196558964,-9.58169582432333e-06,-3.26722690680015e-06,-0.00233322748586584,-4.97727575368145e-05,2.14274506840084e-05,-0.00566683646116761,3.68882175294516e-06,3.79730094479669e-06,-4.38837545866377e-05,-2.44216150324661e-06,-0.00629311620031014,1.73530861209414e-05,3.62848355228707e-05,-0.00237958593095478,4.67947329063634e-06,6.78625804262367e-06,-0.00562869197567561,-0.00199715655128685,5.08393166676058e-06,2.14274506840084e-05,6.35576771124136e-06,-1.59821454994713e-05,-4.38837545866377e-05,-2.44216150324661e-06,8.09776159194087e-06,-0.000424922092403079,2.85775307373726e-05,-0.00592535783369552,2.14274506840084e-05,2.57568959050047e-07,5.08393166676058e-06,-0.000814854577611435,-0.00221425744517489,-2.44216150324661e-06,-5.38794678748289e-05,4.69433795569074e-06,-0.00487648482625147,2.57568959050047e-07,5.57617596985693e-06,2.85775307373726e-05,-0.00592535783369552,4.76017689274855e-05,0.0610051876880355,-2.44216150324661e-06,2.85775307373726e-05,-0.00175432357789429,4.69433795569074e-06,8.09776159194087e-06,-0.00237958593095478,4.76017689274855e-05,2.09732521723183e-05,-9.58169582432333e-06,2.57568959050047e-07,-8.01303759523364e-06,-2.85644279873765e-06,3.18887273316193e-05,8.54170142972066e-06,-0.00233322748586584,2.50068447016361e-06,2.14274506840084e-05,2.02070886787808e-05,4.70138902706196e-05,2.43822197818488e-05,6.35576771124136e-06,2.09732521723183e-05,2.57568959050047e-07,2.50068447016361e-06,3.18887273316193e-05,-1.59821454985831e-05,3.78513576260175e-05,2.14274506840084e-05,-2.52104141740261e-05,-0.000205183633361194,2.50068447016361e-06
"1:163260796:T:C",-0.00238274808067196,-7.03390061218556e-06,1.04394501585503e-05,9.42386529523276e-06,-1.1002487908307e-05,-0.000976036139642034,1.18383342195827e-05,-7.03390061307374e-06,-0.000386076984087325,1.04394501585503e-05,-0.00309179114696168,-0.00250714001571506,-7.3412938572659e-06,-2.44216150413479e-06,-0.000313122287789902,-4.2100625948116e-05,-0.00161856485388689,-7.23959400561469e-05,-0.00178224242703795,-0.00225225073678548,-3.67017878240006e-05,2.32651052298749e-05,-3.26224980691237e-05,-0.0018438458496739,-0.000693736522658028,-0.000281680791325734,3.41920256730077e-06,-5.37417721613309e-05,2.39191942430494e-06,8.5393471334072e-06,3.68764713076786e-06,-0.00161856485388689,4.58918955814624e-06,-1.2470195835057e-05,-3.67017878240006e-05,2.32651052298749e-05,5.8059370777741e-06,2.58426368660025e-06,-1.83214296542999e-05,-7.16876980941805e-05,-0.00161856485388689,-0.00179843659266865,3.68764713076786e-06,-1.58915628798439e-05,-0.00140248571827772,2.32651052298749e-05,-0.00147900804149703,-0.00242058602967532,1.45323557942945e-05,-0.00179843659266865,4.05855500140717e-06,-1.83214296542999e-05,-7.16876980941805e-05,-7.36149320150759e-05,-2.44216150324661e-06,0.0555088768676271,-1.83214296542999e-05,-0.00180098731875145,-0.00242058602967532,5.8059370777741e-06,-0.000281680791325734,-7.36149320150759e-05,1.39854090619451e-05,-7.3412938572659e-06,-0.00179843659266865,-6.09973007836828e-06,-2.12905908547611e-06,-3.79383751241136e-05,6.11257052351988e-06,-0.00195906128627144,-0.00179331699145724,-0.00161856485388689,1.90483193396318e-06,-0.00298211054248831,1.58778513519309e-05,4.58918955814624e-06,1.39854090619451e-05,-0.00179843659266865,-0.00179331699145724,-3.79383751241136e-05,-1.2470195835057e-05,-0.00302279464179112,-0.00161856485388689,-2.02089786220938e-05,-0.00177542091662009,1.84400902725201e-06
"1:163260844:A:G",-0.01342596509348,8.76303502446163e-05,-0.00140523338205956,-0.00327647488285532,-0.00593163211274383,-0.000450555671710262,-0.00126923871840745,-0.00165025466434088,-0.00168737216281656,-0.00140523338205956,-0.000198110810837093,-0.00181445254629153,-0.00132648143642466,-0.00647406412183216,-0.00248090069615881,-0.00112963980203151,-0.000268076199327005,-0.00117373268703957,-0.000386116533156233,-0.00165933031220344,0.000356558141968222,-1.83214296542999e-05,-0.00105927556328611,-0.000212656692071711,-7.62617120297904e-05,-0.00263552016876911,-0.00165342510246713,-0.00305871782067069,-0.0038431819011322,-0.00327338811452194,-5.51835888185082e-05,-0.000268076199327005,-7.28243810534934e-05,0.000136233111076578,0.000356558141968222,-1.83214296542999e-05,-0.00152316265344599,-0.0088855176482685,0.00125534068438604,-0.000682668178174861,-0.000268076199327005,-0.000337943319302703,-5.51835888185082e-05,-0.00113967588781616,-0.00219369777168144,-1.83214296542999e-05,-0.00179013529195871,-7.89351495003032e-05,6.74167959942018e-05,-0.000337943319302703,-0.00177377879562357,0.00125534068438604,-0.000682668178174861,0.000316471318276168,2.85775307373726e-05,-1.83214296542999e-05,0.092984911894523,1.26248486722602e-05,-7.89351495003032e-05,-0.00152316265344599,-0.00263552016876822,0.000316471318276168,-0.000260284879370687,-0.00132648143642466,-0.000337943319302703,7.33335967106896e-05,2.33447721580404e-05,0.000938023770872043,-0.000104005330925361,-0.00248090069615881,-4.88731739647363e-05,-0.000268076199327005,-0.000338779566704694,0.000409973745195025,-0.000307804210113893,-7.28243810534934e-05,-0.000260284879370687,-0.000337943319302703,-4.88731739647363e-05,0.000938023770872043,0.000136233111076578,0.000244181020449208,-0.000268076199327005,-0.00130321474825301,-0.0044580973982411,-3.31195643870075e-05
"1:163261918:C:T",-0.00360720075549903,-2.98091174970594e-05,-0.00692999330863131,-0.000201794608963191,-0.00121154395249778,7.26449301158283e-06,-8.70780063619847e-05,-2.98091174961712e-05,-0.00623457883334488,-0.00692999330863131,-0.00464675800520808,-0.007794438290186,-3.10262877389889e-05,-1.0512503049398e-05,-0.00298204421465975,-0.0014298889089801,-0.00313044178840816,-0.00768882117256497,-0.00635363731747063,-0.00421930541326798,-0.00393070952085672,-0.00180098731875145,-0.00697882571451824,-0.00360567603187523,-0.000109208639237579,-0.00286750852731465,-0.00207009663146263,-2.9399169882538e-05,-0.000699386196206575,3.44588201945939e-05,1.51525966227695e-05,-0.00313044178840816,1.86738201879422e-05,-0.000111386729114926,-0.00393070952085672,-0.00180098731875145,-0.00189345402608065,-0.00348086979003437,1.26248486722602e-05,-0.00810166174611782,-0.00313044178840816,-0.00398302354276581,1.51525966227695e-05,-0.00353649346338614,-0.00022836897086087,-0.00180098731875145,-0.00576134572148135,-0.000699105979496295,-0.00241311437783986,-0.00398302354276581,-0.00217635009897954,1.26248486722602e-05,-0.00810166174611782,-0.00749183090314443,-0.00175432357789429,-0.00180098731875145,1.26248486722602e-05,0.223434273235673,-0.000699105979496295,-0.00189345402608154,-0.00286750852731465,-0.00749183090314443,-0.000345430337019614,-3.10262877389889e-05,-0.00398302354276581,-0.00275444187612006,-0.00178202123206006,-2.73244893849167e-05,5.87385631689585e-06,-0.00298204421465975,-0.00202860344356548,-0.00313044178840816,-0.000342246179183547,-0.00862739131721479,-0.000727716305219062,1.86738201879422e-05,-0.000345430337019614,-0.00398302354276581,-0.00202860344356548,-2.73244893849167e-05,-0.000111386729114038,-0.00773568073154385,-0.00313044178840816,-0.00109446403745217,-0.00803390008086691,-0.00243249022476633
"1:163262589:T:C",-0.00404304426186997,-0.0071034880523797,-3.14917339370169e-05,-0.00222003800570558,1.69766251110204e-05,-0.00724170924274059,-3.80202161931464e-05,-0.00119655210160996,-0.000798677029731465,-3.14917339370169e-05,-0.000307992917486288,-6.47223033389821e-07,1.25598172679986e-05,4.69433795391438e-06,-0.000423509179970694,-0.000961292563490979,7.05437659487274e-05,-0.00282406100275612,-0.00506507127243783,-0.00214177404049121,-0.0006983407722565,-0.00242058602967532,-0.00106586541918796,0.00043242605240934,0.000428414513554465,-7.38959624371205e-05,-0.00197375311389525,-1.23003977208214e-05,-0.00183632896426467,-2.42413007649489e-05,-8.79643920992379e-06,7.05437659487274e-05,-1.13930010856578e-05,-0.000927378039485838,-0.0006983407722565,-0.00242058602967532,-1.51564966692774e-05,-0.00111219552582398,-7.89351495003032e-05,-0.0010667620912983,7.05437659487274e-05,-0.000714102826445462,-8.79643920992379e-06,2.14729504319777e-05,-0.00325526833539058,-0.00242058602967532,-0.00284658051547648,0.0017600169099703,-0.00114881605658468,-0.000714102826445462,-0.00185532288632206,-7.89351495003032e-05,-0.0010667620912983,-0.0016058235419929,4.69433795569074e-06,-0.00242058602967532,-7.89351495003032e-05,-0.000699105979496295,0.103633962553686,-1.51564966692774e-05,-7.38959624371205e-05,-0.0016058235419929,-0.00272168021044994,1.25598172679986e-05,-0.000714102826444574,-0.00334813648346177,-0.00120804997809643,-9.36411543221993e-05,-0.00230056065150208,-8.35304004862536e-05,-0.00218678624217894,7.05437659496155e-05,-0.00201228610890336,-0.00326622866831539,-0.00494968908488858,-1.13930010856578e-05,-0.00272168021044994,-0.000714102826444574,-0.00218678624217894,-9.36411543221993e-05,-0.00092737803948495,-0.00141048020816203,7.05437659496155e-05,-0.000970641506871317,-0.00525169770675804,-2.56880994555786e-05
"1:163264969:G:C",-0.00253604079614433,2.27651824467046e-05,-0.000499768189505367,-4.03631422747353e-05,-0.00040632701388077,-0.00312657928836835,-0.001287869996621,2.27651824475927e-05,-4.70290516751959e-07,-0.000499768189505367,-4.97100566132502e-05,1.31475273636994e-05,2.3760944748652e-05,8.09776159194087e-06,-0.00108662736980758,-0.00304932051780682,-6.74467769847809e-05,-0.00283612141125911,-0.00193313547013751,-0.00108068888632395,9.03865535022419e-05,5.8059370777741e-06,-0.00307224668271111,-5.29989952875454e-05,-0.00174899444694088,-0.00102872732264547,-1.38592722747077e-05,-1.92792574891243e-05,-0.00231926519744974,-3.57445835224013e-05,-1.40079136015103e-05,-6.74467769847809e-05,-1.79335778138778e-05,3.71454733079091e-05,9.03865535022419e-05,5.8059370777741e-06,0.000256611840726784,-0.000108426444050735,-0.00152316265344599,-0.00496419541296156,-6.74467769847809e-05,-0.00191916264424474,-1.40079136015103e-05,4.68723908939594e-05,-0.00126258636584442,5.8059370777741e-06,-0.00791629597196941,-1.51564966692774e-05,-0.00180057078706053,-0.00191916264424474,-1.66238584125011e-05,-0.00152316265344599,-0.00496419541296156,-0.00019664975116207,8.09776159194087e-06,5.8059370777741e-06,-0.00152316265344599,-0.00189345402608154,-1.51564966692774e-05,0.0710757633686923,-0.00102872732264547,-0.00019664975116207,-6.56707388619893e-05,2.3760944748652e-05,-0.00191916264424474,1.96940444165961e-05,6.95991327770429e-06,-0.00144726391325811,-2.48581027308958e-05,-0.00108662736980758,-7.29088035011927e-06,-6.74467769847809e-05,-6.49054117207726e-05,-0.000162011055767852,-7.83709634397667e-05,-1.79335778138778e-05,-6.56707388619893e-05,-0.00191916264424474,-7.29088035011927e-06,-0.00144726391325811,3.71454733087972e-05,-0.000206400162463538,-6.74467769847809e-05,5.70508711268403e-05,-0.00343498711973522,-1.51744055916225e-05
"1:163267043:G:A",-0.0107672564239136,-0.000776092610863088,-0.00152604633753572,-0.00592780544047056,-0.0033110463304995,-0.00290642962262844,4.18772037997783e-05,-0.00355885228315689,-0.00511744899147804,-0.00152604633753572,-0.00727844756254648,-0.00213805094574226,-0.0061551701678777,-0.00153394157272047,-0.00145839176699791,-0.000180944387968118,-0.000571098612496712,-0.00120331007295338,-0.0020715468755661,-0.00967937368283067,-4.30701347671203e-05,-0.000281680791325734,-0.0012087305527464,-0.000252511167293967,-0.00201532238241553,0.000331117161990413,-0.000462287618039348,-0.00144080677721359,-0.000891066716318889,-0.00326453453109465,-2.62961871051459e-05,-0.000571098612496712,-0.00165720304190842,-0.000165557682869633,-4.30701347671203e-05,-0.000281680791325734,-0.00102872732264547,-0.00238627647397394,-0.00263552016876822,-0.00163050466100723,-0.000571098612496712,-0.00295428350434968,-2.62961871051459e-05,6.66684152852426e-05,-0.00325945426206875,-0.000281680791325734,-0.00260002528504444,-7.38959624371205e-05,-0.000769328337398623,-0.00295428350434968,-0.000589804853416531,-0.00263552016876822,-0.00163050466100723,0.00013096233196519,-0.00237958593095478,-0.000281680791325734,-0.00263552016876822,-0.00286750852731465,-7.38959624371205e-05,-0.00102872732264547,0.162154016609625,0.000130962331964746,-0.00242312839741565,-0.0061551701678777,-0.00295428350434968,-0.00251030393653195,-1.04777577449866e-05,-0.00301937455757084,-5.50941533754568e-05,-0.00145839176699791,-0.000164328359325339,-0.000571098612496712,-0.000120234439921596,-0.00148369653242053,-0.00076924107484988,-0.00165720304190842,-0.00242312839741565,-0.00295428350434968,-0.000164328359325339,-0.00301937455757084,-0.000165557682871409,-0.00151906571539939,-0.000571098612496712,-0.00045704358865617,-0.0106715553659846,-0.00197180136069619
"1:163268290:C:G",-0.0114914922208498,-0.000725060482016815,0.000561117332486205,-0.0114583986322208,-0.00886366195518296,-0.000790104456821261,-0.000290481594580339,-0.00259157255575193,-0.000118582388542787,0.000561117332486205,4.99444492785273e-06,-0.00171182510019152,-0.00181525535997018,-0.00180459952779266,0.000264554177180631,-0.00565196344090868,-0.00178246419298134,-0.0104745140009532,-0.00596128676731089,-9.77144500535765e-05,-0.000400513892513388,-7.36149320150759e-05,-0.00760015835683081,-0.000816923492966914,-0.00158978079879235,0.000130962331964746,-0.0013028867957261,-0.00215499921101081,-0.00219575476966893,-0.000947859121310124,-0.000393384230324756,-0.00178246419298134,-0.00426826271336544,-0.0007489778900025,-0.000400513892513388,-7.36149320150759e-05,-0.00019664975116207,-0.00164993339390307,0.000316471318276168,-0.00242891745725382,-0.00178246419298134,-0.00174389206097247,-0.000393384230324756,0.000155668369900219,-0.00457297843621562,-7.36149320150759e-05,0.000124870891705431,-0.0016058235419929,-0.00888262656868211,-0.00174389206097247,-0.000851252080229514,0.000316471318276168,-0.00242891745725382,0.00325752001611601,4.76017689274855e-05,-7.36149320150759e-05,0.000316471318276168,-0.00749183090314443,-0.0016058235419929,-0.00019664975116207,0.000130962331964746,0.15006149168422,3.43885740958783e-05,-0.00181525535997107,-0.00174389206097247,-0.000734439598513603,-0.00208195225940955,0.000378716863051132,-0.000921834972246849,0.000264554177180631,-0.000275563840715698,-0.00178246419298134,-0.00107484344162589,0.00130638045480014,-0.00304479403643487,-0.00426826271336544,3.43885740958783e-05,-0.00174389206097247,-0.000275563840715698,0.000378716863051132,-0.000748977890003388,0.00183711102110884,-0.00178246419298134,-0.0055462326129021,-0.00366833262154076,-0.000874813828300347
"1:163268715:G:A",-0.00187727787014413,6.25987932254546e-05,-0.000120599481260086,-0.000110773849264056,9.43906748096524e-05,-0.00309659940640827,-0.000706601196756473,6.25987932254546e-05,-0.00120188065377924,-0.000120599481260086,-0.00013386390062653,3.25860415584245e-05,6.5730862318425e-05,2.09732521714301e-05,-0.00239015997908698,-0.00229041675482389,-0.000179672457292668,0.00038599180837906,-0.00273015745131211,-3.32803872726828e-05,0.000264342976747933,1.39854090619451e-05,0.000174713754901745,-0.000142989577855523,-0.00330796405430611,-0.00242312839741565,-4.12027079814692e-05,-5.36171468663582e-05,-0.00118954636755664,-9.77048331654018e-05,-3.82299555399257e-05,-0.000179672457292668,-4.96988460998438e-05,-0.00233924839637201,0.000264342976747933,1.39854090619451e-05,-6.56707388619893e-05,-0.00118485592069195,-0.000260284879370687,0.000207912516199116,-0.000179672457292668,-0.00335909756767716,-3.82299555399257e-05,-0.00354190175168245,-0.00238533500816196,1.39854090619451e-05,0.000303704658877635,-0.00272168021044994,-0.00320480528536393,-0.00335909756767716,-4.93328268715842e-05,-0.000260284879370687,0.000207912516199116,3.43885740958783e-05,2.09732521723183e-05,1.39854090619451e-05,-0.000260284879370687,-0.000345430337019614,-0.00272168021044994,-6.56707388619893e-05,-0.00242312839741565,3.43885740958783e-05,0.0594477498086183,6.5730862318425e-05,-0.00335909756767716,5.29684376076034e-05,1.75011014125204e-05,-0.000294780670064831,-0.000472901309064966,-0.00239015997908698,-2.17694778026356e-05,-0.000179672457292668,-0.00017909072872957,0.000287218413056678,-0.000206342803632076,-4.96988460998438e-05,0.00246954756440498,-0.00335909756767716,-2.17694778026356e-05,-0.000294780670064831,-0.00233924839637112,-7.12936926898777e-05,-0.000179672457292668,0.000161562870203191,-7.3295918574523e-05,-2.17694778026356e-05
"1:163269138:A:G",-0.00135790826867144,-2.59904198145477e-05,4.6246318899712e-05,4.06987208920739e-05,-3.94275990425186e-05,9.96627815972317e-05,5.33576150623105e-05,-0.000586165854009835,-0.000961194516959196,4.6246318899712e-05,5.0466342360167e-05,-1.64102599553573e-05,0.00124754268337313,-9.58169582432333e-06,-0.00609602341464388,-0.000126883982728643,6.72521058593389e-05,-0.00220277826715343,8.91314520501396e-06,-0.00623173724874704,-0.000113150739114332,-7.3412938572659e-06,-0.00211533533013419,5.33576150614223e-05,-0.00104363882157443,-0.0061551701678777,-0.00111018904927196,1.99084086967005e-05,-0.000117105324555666,3.65458804241214e-05,1.49647211040715e-05,6.72521058593389e-05,1.86522559362245e-05,-4.48099808751934e-05,-0.000113150739114332,-7.3412938572659e-06,2.3760944748652e-05,6.23229381204737e-05,-0.00132648143642466,-0.00621434070097404,6.72521058593389e-05,-6.69887141313552e-07,1.49647211040715e-05,-5.49170180601521e-05,-0.0059264247930475,-7.3412938572659e-06,-0.000136976998015292,1.25598172679986e-05,-0.00702525504059182,-6.69887141313552e-07,-0.000986851590359272,-0.00132648143642466,-0.00621434070097404,-0.00181525535997107,-9.58169582432333e-06,-7.3412938572659e-06,-0.00132648143642466,-3.10262877389889e-05,1.25598172679986e-05,2.3760944748652e-05,-0.0061551701678777,-0.00181525535997107,6.5730862318425e-05,0.0803570857049989,-6.69887141313552e-07,-2.29040689534443e-05,-8.46771511575639e-06,-0.00143028352355135,2.50739339620054e-05,-0.00609602341464388,7.00144534171443e-06,6.72521058593389e-05,-0.00105452056130328,-0.00180074957554766,7.78276448709647e-05,1.86522559362245e-05,6.5730862318425e-05,-6.69887141313552e-07,7.00144534171443e-06,-0.00143028352355135,-4.48099808743052e-05,-0.00188633518475623,6.72521058593389e-05,-6.80426496666442e-05,-0.000147901495791025,7.00144534171443e-06
"1:163271348:C:T",-0.00253504856666664,-5.60297874763194e-07,-9.30620073358313e-06,-0.000247592428106458,-0.00117301165799244,-0.000141913695393292,-0.00272769500176739,-5.60297875651372e-07,-0.00858099432187753,-9.30620073358313e-06,0.000629842465079022,-0.00778906367549403,-6.69887141313552e-07,2.57568959050047e-07,-0.0030888436660641,-0.00482857424183525,-0.00321030475055917,-0.00260387291445996,-0.000421590192380528,-0.00424622140331898,-0.00385455492477949,-0.00179843659266865,-0.00168834725370326,-0.0036698940443376,-0.000937677669640813,-0.00295428350434968,-0.00208352091075792,-5.18517463286017e-05,-0.000705155825601267,-6.33434005692379e-06,-1.5282981760123e-06,-0.00321030475055917,-2.16200269953504e-06,-6.70757841438885e-05,-0.00385455492477949,-0.00179843659266865,-0.00191916264424474,-0.0021966798422639,-0.000337943319302703,-0.00359597251543109,-0.00321030475055917,0.00207555200351806,-1.5282981760123e-06,-0.00185398387434343,-0.000381452011922079,-0.00179843659266865,-0.00559463025884455,-0.000714102826444574,-0.00451413854466365,0.00207555200351806,-0.00219248037000597,-0.000337943319302703,-0.00359597251543109,-0.00174389206097247,2.57568959050047e-07,-0.00179843659266865,-0.000337943319302703,-0.00398302354276581,-0.000714102826444574,-0.00191916264424474,-0.00295428350434968,-0.00174389206097247,-0.00335909756767716,-6.69887141313552e-07,0.150882346230386,-0.00272743088673888,-0.00177812021158985,-0.000271742331406699,-2.23651090180965e-05,-0.0030888436660641,-0.00204189104642083,-0.00321030475055917,-0.000412912924036668,-0.00308532000319195,-0.000813762627513093,-2.16200269953504e-06,-0.00335909756767716,0.00207555200351806,-0.00204189104642083,-0.000271742331406699,-6.70757841438885e-05,-0.00192837196905771,-0.00321030475055917,-0.0010237644791351,-0.00683522398197578,-0.00244854811865292
"1:163271469:A:T",-0.00517860972840012,-2.20281329079697e-05,3.76880092103349e-05,3.33611295744163e-05,-3.36625222461251e-05,-0.0048145103289654,4.33564030632994e-05,-2.20281329070815e-05,-0.00160767171656495,3.76880092103349e-05,4.10576083975656e-05,-0.00337903462405542,-2.29040689534443e-05,-8.01303759701e-06,-0.00245468118649583,-0.000913866921570694,-0.00259950081270066,-0.000338141089823552,-9.52794354738273e-05,8.98007591221273e-06,-0.000638690550449184,-6.09973007836828e-06,0.000137311193693535,-0.00225635160012416,-0.0037922302126665,-0.00251030393653195,1.10862410895862e-05,1.65156242726283e-05,-0.00262710651300235,3.00032959028584e-05,-0.00056454928440175,-0.00259950081270066,1.54763663440249e-05,-0.00127496347654876,-0.000638690550449184,-6.09973007836828e-06,1.96940444165961e-05,-0.000229756694638539,7.33335967106896e-05,0.000175568960247396,-0.00259950081270066,-0.00272743088673888,-0.00056454928440175,-4.72953703747336e-05,1.54509078047482e-05,-6.09973007836828e-06,0.000269583135964702,-0.00334813648346177,-0.00152532890729518,-0.00272743088673888,-0.00163674849556728,7.33335967106896e-05,0.000175568960247396,-0.000734439598513603,-8.01303759523364e-06,-6.09973007836828e-06,7.33335967106896e-05,-0.00275444187612006,-0.00334813648346177,1.96940444165961e-05,-0.00251030393653195,-0.000734439598513603,5.29684376076034e-05,-2.29040689534443e-05,-0.00272743088673888,0.0840836804664775,-7.06115959747677e-06,8.2840474822099e-05,-0.00199633805485089,-0.00245468118649583,5.89837369968649e-06,-0.00259950081270066,-0.00171435583865698,1.11607957453685e-06,6.22126562079828e-05,1.54763663440249e-05,5.29684376076034e-05,-0.00272743088673888,5.89837369968649e-06,8.2840474822099e-05,-0.00127496347654876,-0.000818815235513526,-0.00259950081270066,-5.89905894887721e-05,-0.00284524035697409,5.89837369968649e-06
"1:163272050:G:C",-0.0013000309117972,-8.12016132556437e-06,1.27926517832222e-05,-0.00423635206446082,-1.25886104234141e-05,2.4702100296814e-05,1.46134750584892e-05,-8.12016132645255e-06,-5.68695872615876e-07,1.27926517832222e-05,1.38805086100646e-05,-4.86745060079841e-06,-8.46771511575639e-06,-2.85644279962582e-06,-4.535413573592e-06,-4.59584318495132e-05,1.78598542293074e-05,-0.00104214299082184,-3.29431792467361e-05,3.29567236523332e-06,-4.03131404098644e-05,-2.12905908547611e-06,-0.00302309700471159,1.4613475057601e-05,-0.00194227831572658,-1.04777577449866e-05,-0.00198730947838488,5.84534231773404e-06,2.79671971625817e-06,1.03628364582775e-05,4.38989509099486e-06,1.78598542293074e-05,5.47820117802189e-06,-0.00142427178835547,-4.03131404098644e-05,-2.12905908547611e-06,6.95991327770429e-06,-0.000457788221526201,2.33447721580404e-05,-0.00353265696850436,1.78598542293074e-05,-0.00177812021158985,4.38989509099486e-06,-1.80045872806289e-05,1.31087235013538e-05,-2.12905908547611e-06,-4.99126203212796e-05,-0.00120804997809643,-0.00190058557755002,-0.00177812021158985,-0.00186593684292813,2.33447721580404e-05,-0.00353265696850436,-0.00208195225940955,-2.85644279873765e-06,-2.12905908547611e-06,2.33447721580404e-05,-0.00178202123206006,-0.00120804997809643,6.95991327770429e-06,-1.04777577449866e-05,-0.00208195225940955,1.75011014125204e-05,-8.46771511575639e-06,-0.00177812021158985,-7.06115959747677e-06,0.0568189582003065,2.57543102097912e-05,-0.00214001673962194,-4.535413573592e-06,2.17523128132058e-06,1.78598542293074e-05,-0.00196897570588739,-0.00044423492099277,-0.00489216905473455,5.47820117802189e-06,1.75011014125204e-05,-0.00177812021158985,2.17523128132058e-06,2.57543102097912e-05,-0.00142427178835547,-0.00200127475762457,1.78598542293074e-05,-2.27236364533923e-05,-0.000242261082252782,-0.00204610964367724
"1:163272514:C:T",-0.0110499789972489,9.97105986249025e-05,-0.00135512096973844,-0.00341629425634249,-0.00630787591192838,-0.000249844391610132,-0.00120808048164989,-0.00175492768031127,-0.0037483822399933,-0.00135512096973844,-0.000224963438161474,-0.00171967549574426,-0.00143028352355135,-0.00629080781761449,-0.00287972471734488,-0.00118722185959186,-0.000303669665663975,-0.00145722559033556,-0.000327526199980888,-0.00157732549446177,0.000411345118613404,-3.79383751241136e-05,-0.00110920002885306,-0.000241637286771734,-0.000121478817027842,-0.00301937455757084,-0.00157332203293237,-0.00318662826270977,-0.0043686261314253,-0.00340999719126245,-6.28073825383879e-05,-0.000303669665663975,-8.32783114486091e-05,0.000153581859375862,0.000411345118613404,-3.79383751241136e-05,-0.00144726391325811,-0.0072827307141754,0.000938023770872043,-3.24250224563727e-05,-0.000303669665663975,-0.000271742331406699,-6.28073825383879e-05,-0.00123023480947548,-0.00264332711000304,-3.79383751241136e-05,-0.00163797639608632,-9.36411543221993e-05,0.000617150730246152,-0.000271742331406699,-0.00169562376495502,0.000938023770872043,-3.24250224563727e-05,0.000378716863051132,3.18887273316193e-05,-3.79383751241136e-05,0.000938023770872043,-2.73244893849167e-05,-9.36411543221993e-05,-0.00144726391325811,-0.00301937455757084,0.000378716863051132,-0.000294780670064831,-0.00143028352355135,-0.000271742331406699,8.2840474822099e-05,2.57543102097912e-05,0.0910951483212958,-0.000119397073692795,-0.00287972471734488,-7.54647091181226e-05,-0.000303669665663975,-0.000303154188278754,0.000387209598869287,-0.000347656658362006,-8.32783114486091e-05,-0.000294780670064831,-0.000271742331406699,-7.54647091181226e-05,0.00177515612816048,0.00015358185937675,0.000163146005510484,-0.000303669665663975,-0.00138809729869394,-0.00342879126718909,-3.86294962471112e-05
"1:163272877:A:G",-0.00227483183073529,-0.00673839350653704,-4.7699080941932e-05,-0.00133416307226497,3.58782591094453e-05,-0.00739350448580822,-5.62938080443942e-05,-0.00166456555114891,-0.0040130912361116,-4.7699080941932e-05,-0.00358705024072314,-0.00201751360803293,2.50739339620054e-05,8.54170142972066e-06,-7.39919181720339e-05,0.000104121376772959,-7.16918557408519e-05,0.00017058023688854,-0.0042052770013381,-1.18663469566016e-05,9.47660715091558e-05,6.11257052351988e-06,-0.000379835619828128,-5.6293808043506e-05,-0.00119824102451993,-5.50941533754568e-05,-1.47205814764462e-05,-2.04370803995602e-05,-1.28115319197875e-05,-3.79265100631798e-05,-1.48312311774035e-05,-7.16918557408519e-05,-1.90055262017097e-05,-0.00264643573983125,9.47660715091558e-05,6.11257052351988e-06,-2.48581027308958e-05,-0.000144483004946849,-0.000104005330925361,-0.000395449790994817,-7.16918557408519e-05,-2.23651090180965e-05,-1.48312311774035e-05,4.93637044600703e-05,-0.000158286636166238,6.11257052351988e-06,-0.00175704177312408,-0.00230056065150208,-0.000256475667056222,-2.23651090180965e-05,-1.76613653097846e-05,-0.000104005330925361,-0.000395449790994817,-0.000921834972246849,8.54170142972066e-06,6.11257052351988e-06,-0.000104005330925361,5.87385631689585e-06,-0.00230056065150208,-2.48581027308958e-05,-5.50941533754568e-05,-0.000921834972246849,-0.000472901309064966,2.50739339620054e-05,-2.23651090180965e-05,-0.00199633805485089,-0.00214001673962194,-0.000119397073692795,0.0741029258856174,-7.39919181720339e-05,-7.73934799092046e-06,-7.16918557408519e-05,-6.90879892895069e-05,-6.29070169289037e-07,-8.33366684549475e-05,-1.90055262025979e-05,-0.000472901309064966,-2.23651090180965e-05,-7.73934799092046e-06,-0.000119397073692795,-0.00264643573983125,-0.000841157470461429,-7.16918557408519e-05,6.00219419748527e-05,-0.0148617351154043,-0.0025073790548289
"1:163273840:A:C",-0.0108170221747916,-0.000798021177810249,-0.00147836848569227,-0.00604010598722748,-0.00324342420316714,-0.00234172814128986,4.68548332861474e-05,-0.00350056617275474,-0.00391486667049357,-0.00147836848569227,-0.00739589880265434,-0.00225400499410799,-0.00609602341464388,-0.00156795647407648,-0.0032775377511074,-0.000176460748303242,-0.000618015711652653,-0.00127825739975362,-0.00221837107438372,-0.00974783554407832,-4.68858577278297e-05,-0.00195906128627144,-0.00124675946580499,-0.000289671183488771,-0.00185700565316527,-0.00145839176699791,-0.000431566361300817,-0.00631507887692084,-0.000811018450693091,-0.00321046352211951,-3.70510992331319e-05,-0.000618015711652653,-0.00163082747713617,-0.000134728913718796,-4.68858577278297e-05,-0.00195906128627144,-0.00108662736980758,-0.00265844481254396,-0.00248090069615881,-0.00201372887782014,-0.000618015711652653,-0.0030888436660641,-3.70510992331319e-05,0.000104656841939388,-0.00225865534585346,-0.00195906128627144,-0.00278969343426194,-8.35304004862536e-05,-0.00108859001407247,-0.0030888436660641,-0.000561410141514784,-0.00248090069615881,-0.00201372887782014,0.000264554177180631,-0.00233322748586584,-0.00195906128627144,-0.00248090069615881,-0.00298204421465975,-8.35304004862536e-05,-0.00108662736980758,-0.00145839176699791,0.000264554177180631,-0.00239015997908698,-0.00609602341464388,-0.0030888436660641,-0.00245468118649583,-4.535413573592e-06,-0.00287972471734488,-7.39919181720339e-05,0.171966497098067,-0.000162603474790579,-0.000618015711652653,-0.000556993425325558,0.000154750279380167,-0.000785716762673694,-0.00163082747713617,-0.00239015997908698,-0.0030888436660641,-0.000162603474790579,-0.00287972471734488,-0.000134728913719684,0.000162916114665013,-0.000618015711652653,-0.000409145881294037,-0.0096147226679415,-0.00193760586290193
"1:163274067:C:T",-0.00278434301889607,6.73282541718834e-06,-1.45732677303556e-05,-1.2894678171449e-05,9.85767509131819e-06,-6.59216884209002e-05,-1.72672800724527e-05,6.73282541807652e-06,-1.37067255323586e-07,-1.45732677303556e-05,-0.00336070869563887,-0.00225785330316164,7.00144534171443e-06,2.50068446927543e-06,-0.000162603474790579,2.45497057349553e-05,-0.00141443705224287,-9.57349761447901e-05,-0.00203166125349963,-0.00201751201710287,2.29127329243184e-05,-0.00179331699145724,-9.6667956121621e-05,-0.00163216565444912,-0.000452047771093866,-0.000164328359325339,-4.15547377308201e-06,-0.00177791726165744,-3.18831097168015e-06,-1.13886629806714e-05,-4.36298639083788e-06,-0.00141443705224287,-5.57424675395879e-06,1.08123146285166e-05,2.29127329243184e-05,-0.00179331699145724,-7.29088035011927e-06,-1.46031504835165e-05,-4.88731739647363e-05,-0.000148013741382513,-0.00141443705224287,-0.00204189104642083,-4.36298639083788e-06,1.32097817280297e-05,-0.000879817156085316,-0.00179331699145724,-0.0016509117964052,-0.00218678624217894,-0.000202133935802706,-0.00204189104642083,-5.00263756730845e-06,-4.88731739647363e-05,-0.000148013741382513,-0.000275563840715698,2.50068447016361e-06,-0.00179331699145724,-4.88731739647363e-05,-0.00202860344356548,-0.00218678624217894,-7.29088035011927e-06,-0.000164328359325339,-0.000275563840715698,-2.17694778026356e-05,7.00144534171443e-06,-0.00204189104642083,5.89837369968649e-06,2.17523128132058e-06,-7.54647091181226e-05,-7.73934799092046e-06,-0.000162603474790579,0.0548096003730185,-0.00141443705224287,-0.0019558914441058,-0.00146331713220071,-2.63926826322702e-05,-5.57424675395879e-06,-2.17694778026356e-05,-0.00204189104642083,3.02139877215168e-05,-7.54647091181226e-05,1.08123146294048e-05,-0.00146046621323936,-0.00141443705224287,1.57455285112462e-05,-2.60581101585444e-07,-2.1666840606116e-06
"1:163274169:G:T",-0.000538411092070312,6.40386233525803e-05,-0.000123805616669692,-0.000113803192973272,9.65169990054804e-05,0.000320281938202882,-0.000146909930481165,6.40386233525803e-05,-0.00292857118128964,-0.000123805616669692,-0.0007834552181194,-0.00551057272659161,6.72521058593389e-05,2.14274506831202e-05,-5.88614034668922e-05,0.000297918299962063,0.00348866923632052,-0.00292403742180669,-0.00323446935289606,-0.00137846789313745,0.000269620706458973,-0.00161856485388689,-0.00311248424325505,0.00098422992039815,0.00118819195056652,-0.000571098612496712,-4.23859665001913e-05,-5.50329833366447e-05,-4.54430367815561e-05,-0.000100325977062887,-3.91945115101322e-05,0.00348866923632052,-5.09988544603601e-05,0.000102056766084324,0.000269620706458973,-0.00161856485388689,-6.74467769847809e-05,-0.00220940035509987,-0.000268076199327005,-0.00302000812851944,0.00348866923632052,-0.00321030475055917,-3.91945115101322e-05,0.000134947542904662,-0.000101902187738645,-0.00161856485388689,-0.00219809935670234,7.05437659496155e-05,-0.00106314265000584,-0.00321030475055917,-5.07579052513307e-05,-0.000268076199327005,-0.00302000812851944,-0.00178246419298134,2.14274506840084e-05,-0.00161856485388689,-0.000268076199327005,-0.00313044178840816,7.05437659496155e-05,-6.74467769847809e-05,-0.000571098612496712,-0.00178246419298134,-0.000179672457292668,6.72521058593389e-05,-0.00321030475055917,-0.00259950081270066,1.78598542293074e-05,-0.000303669665663975,-7.16918557408519e-05,-0.000618015711652653,-0.00141443705224287,0.0572718014377203,-0.000184361058262361,-0.00181284667226622,-0.000212094073605229,-5.09988544603601e-05,-0.000179672457292668,-0.00321030475055917,-0.00141443705224287,-0.000303669665663975,0.000102056766084324,-0.001606787884187,0.00348866923632052,0.000165047376426308,-0.000273801115455274,-0.00328997730122005
"1:163275169:C:T",-0.00614486007129766,-0.000815547704938524,-0.000121326935984101,-0.000111230909424442,8.8298079615079e-05,-0.00287675819535504,-0.00147958634093026,-0.00137642551972128,-2.8241831353526e-06,-0.000121326935984101,-0.00132124749311568,3.14225543789348e-05,-0.00105452056130328,-0.00357899607988976,-0.000118418289360989,-0.00663072931701336,-0.000184361058262361,0.000779551680053725,-0.00044403705888385,-0.00223944847473057,-0.00882444153191919,1.90483193396318e-06,0.000887564453827316,-0.000145051393364071,-0.000361432720660027,-0.000120234439921596,-0.00287958715430658,-0.000645536448549144,-0.00188474132117378,-9.76226075843911e-05,-3.74130808138418e-05,-0.000184361058262361,-0.00165015684222514,-0.00156399381199357,-0.00882444153191919,1.90483193396318e-06,-6.49054117207726e-05,-0.000177671308528637,-0.000338779566704694,0.000267139397571281,-0.000184361058262361,-0.000412912924036668,-3.74130808138418e-05,0.00012168980265681,-0.000211617348276683,1.90483193396318e-06,-0.00494513543430841,-0.00201228610890336,-0.000630358305903744,-0.000412912924036668,-0.00541990117950775,-0.000338779566704694,0.000267139397571281,-0.00107484344162589,2.02070886787808e-05,1.90483193396318e-06,-0.000338779566704694,-0.000342246179183547,-0.00201228610890336,-6.49054117207726e-05,-0.000120234439921596,-0.00107484344162589,-0.00017909072872957,-0.00105452056130328,-0.000412912924036668,-0.00171435583865698,-0.00196897570588739,-0.000303154188278754,-6.90879892895069e-05,-0.000556993425325558,-0.0019558914441058,-0.000184361058262361,0.0928631863342542,-0.00110363033058025,-0.000213320635850778,-0.00165015684222514,-0.00017909072872957,-0.000412912924036668,-0.00195589144410491,-0.000303154188278754,-0.00156399381199268,-0.000991049425007606,-0.000184361058262361,0.000147330428806214,-0.000198585883423252,-0.00226982552936406
"1:163276396:A:G",-0.0133135450733946,-0.00256466893359786,0.000613755456213561,-0.00967341450881243,-0.00874798974274782,-0.00127007623465447,-0.000278701861494479,-0.00476976318603217,-0.00112738632052434,0.000613755456213561,-0.000150462983959265,-0.00174299797857058,-0.00180074957554766,-0.00177731948409754,-0.00146912963969026,-0.0103834371076141,-0.00181284667226622,-0.00997362753643083,-0.00185682961588451,-7.29937969814465e-05,-0.00296377339484222,-0.00298211054248831,-0.00729360688417291,-0.000837065884886634,-0.00329110011293121,-0.00148369653242053,-0.00124197671800941,0.000100042298926795,-0.00120470695977115,-0.00089394512009644,-0.000405295898264768,-0.00181284667226622,-0.00431984791739737,-0.00225889668082679,-0.00296377339484222,-0.00298211054248831,-0.000162011055767852,-0.00746451369616308,0.000409973745195025,-0.0020415605506896,-0.00181284667226622,-0.00308532000319195,-0.000405295898264768,0.000126236031293914,-0.00313208648648899,-0.00298211054248831,0.000159065839841155,-0.00326622866831539,-0.00819698232256139,-0.00308532000319195,-0.000826049054582167,0.000409973745195025,-0.0020415605506896,0.00130638045480014,4.70138902706196e-05,-0.00298211054248831,0.000409973745195025,-0.00862739131721479,-0.00326622866831539,-0.000162011055767852,-0.00148369653242053,0.00130638045480014,0.000287218413056678,-0.00180074957554766,-0.00308532000319195,1.11607957453685e-06,-0.00044423492099277,0.000387209598869287,-6.29070169289037e-07,0.000154750279380167,-0.00146331713220071,-0.00181284667226622,-0.00110363033058025,0.184204561288936,-0.00302599798970693,-0.00431984791739737,0.000287218413056678,-0.00308532000319195,-0.00146331713220071,0.000387209598869287,-0.00225889668082679,0.00244215010535642,-0.00181284667226622,-0.000598559557298373,-0.00263177291257533,-2.68119575785875e-06
"1:163279407:C:T",-0.00261849586374652,7.3993828267227e-05,-0.000142431248581154,-0.000301668969008517,0.000111708857622794,-0.000326330886280424,-0.00016922031591271,7.39938282681152e-05,-0.0049712457759199,-0.000142431248581154,-0.000158307537321711,3.73121833110446e-05,7.78276448709647e-05,-0.00171503182799437,-0.000785716762673694,0.000348622108816699,-0.000212094073605229,-0.00274530511752324,-0.000853282861447369,-4.03280782981241e-05,0.000315365129917922,1.58778513519309e-05,-0.00238863768322162,-0.00016922031591271,-0.00560896538137534,-0.00076924107484988,-4.9911022604654e-05,-6.38353789268464e-05,-0.000429124907712186,-0.000115908740334625,-4.52582291199377e-05,-0.000212094073605229,-5.91070636266622e-05,-0.00446972006802593,0.000315365129917922,1.58778513519309e-05,-7.83709634397667e-05,-0.000839768248505735,-0.000307804210113893,-0.00247543690225438,-0.000212094073605229,-0.000813762627513093,-4.52582291199377e-05,0.000156728376041748,-0.00092136993934222,1.58778513519309e-05,0.000360538733253257,-0.00494968908488858,-0.00168819111805618,-0.000813762627513093,-5.97385613660961e-05,-0.000307804210113893,-0.00247543690225438,-0.00304479403643487,2.43822197818488e-05,1.58778513519309e-05,-0.000307804210113893,-0.000727716305219062,-0.00494968908488858,-7.83709634397667e-05,-0.00076924107484988,-0.00304479403643487,-0.000206342803632076,7.78276448709647e-05,-0.000813762627513093,6.22126562079828e-05,-0.00489216905473455,-0.000347656658362006,-8.33366684549475e-05,-0.000785716762673694,-2.63926826322702e-05,-0.000212094073605229,-0.000213320635850778,-0.00302599798970693,0.0758713850855468,-5.91070636266622e-05,-0.000206342803632076,-0.000813762627513093,-2.63926826322702e-05,-0.000347656658362006,-0.00446972006802682,-0.00290828154965084,-0.000212094073605229,0.000191835177560051,-1.22579271391032e-05,-2.63926826322702e-05
"1:163280358:C:T",-0.00012863496644222,1.78733884688143e-05,-3.428595459809e-05,-3.07399956955834e-05,2.68520252788562e-05,-7.83195635545297e-05,-4.02425884491464e-05,1.78733884697024e-05,-7.67957857306101e-08,-3.428595459809e-05,-3.78126299640513e-05,1.03923276615348e-05,1.86522559362245e-05,6.35576771035318e-06,-0.00163082747713617,8.11402312823617e-05,-5.09988544603601e-05,-0.00318609835271477,-9.9679407776776e-06,-8.52861492628421e-06,7.33564814741072e-05,4.58918955814624e-06,-0.0029458336872219,-4.02425884482582e-05,-0.000100737659933792,-0.00165720304190842,-0.00167423282354662,-1.48014111820416e-05,-0.00275285193420149,-0.00353997420145102,-1.08106461826907e-05,-5.09988544603601e-05,0.000339759052751631,2.94444340198652e-05,7.33564814741072e-05,4.58918955814624e-06,-1.79335778138778e-05,-0.00195091506328726,-7.28243810534934e-05,-0.00305025775999734,-5.09988544603601e-05,-2.16200269953504e-06,-1.08106461826907e-05,3.71812569728291e-05,-0.00158937658635505,4.58918955814624e-06,-0.00217407049849427,-1.13930010856578e-05,-0.00355794985681346,-2.16200269953504e-06,-0.00178496844012965,-7.28243810534934e-05,-0.00305025775999734,-0.00426826271336544,6.35576771124136e-06,4.58918955814624e-06,-7.28243810534934e-05,1.86738201879422e-05,-1.13930010856578e-05,-1.79335778138778e-05,-0.00165720304190842,-0.00426826271336544,-4.96988460998438e-05,1.86522559362245e-05,-2.16200269953504e-06,1.54763663440249e-05,5.47820117802189e-06,-8.32783114486091e-05,-1.90055262025979e-05,-0.00163082747713617,-5.57424675395879e-06,-5.09988544603601e-05,-0.00165015684222514,-0.00431984791739737,-5.91070636266622e-05,0.0576651269051656,-4.96988460998438e-05,-2.16200269953504e-06,-5.57424675395879e-06,-8.32783114486091e-05,2.94444340216415e-05,-0.00436537325189956,-5.09988544603601e-05,4.54912445579936e-05,-0.000368685218314901,-5.57424675395879e-06
"1:163281187:C:G",-0.00187727787014413,6.25987932254546e-05,-0.000120599481260086,-0.000110773849264056,9.43906748096524e-05,-0.00309659940640827,-0.000706601196756473,6.25987932254546e-05,-0.00120188065377924,-0.000120599481260086,-0.00013386390062653,3.25860415584245e-05,6.5730862318425e-05,2.09732521714301e-05,-0.00239015997908698,-0.00229041675482389,-0.000179672457292668,0.00038599180837906,-0.00273015745131211,-3.32803872726828e-05,0.000264342976747933,1.39854090619451e-05,0.000174713754901745,-0.000142989577855523,-0.00330796405430611,-0.00242312839741565,-4.12027079814692e-05,-5.36171468663582e-05,-0.00118954636755664,-9.77048331654018e-05,-3.82299555399257e-05,-0.000179672457292668,-4.96988460998438e-05,-0.00233924839637201,0.000264342976747933,1.39854090619451e-05,-6.56707388619893e-05,-0.00118485592069195,-0.000260284879370687,0.000207912516199116,-0.000179672457292668,-0.00335909756767716,-3.82299555399257e-05,-0.00354190175168245,-0.00238533500816196,1.39854090619451e-05,0.000303704658877635,-0.00272168021044994,-0.00320480528536393,-0.00335909756767716,-4.93328268715842e-05,-0.000260284879370687,0.000207912516199116,3.43885740958783e-05,2.09732521723183e-05,1.39854090619451e-05,-0.000260284879370687,-0.000345430337019614,-0.00272168021044994,-6.56707388619893e-05,-0.00242312839741565,3.43885740958783e-05,0.00246954756440498,6.5730862318425e-05,-0.00335909756767716,5.29684376076034e-05,1.75011014125204e-05,-0.000294780670064831,-0.000472901309064966,-0.00239015997908698,-2.17694778026356e-05,-0.000179672457292668,-0.00017909072872957,0.000287218413056678,-0.000206342803632076,-4.96988460998438e-05,0.0594477498086183,-0.00335909756767716,-2.17694778026356e-05,-0.000294780670064831,-0.00233924839637112,-7.12936926898777e-05,-0.000179672457292668,0.000161562870203191,-7.3295918574523e-05,-2.17694778026356e-05
"1:163281275:T:C",-0.00253504856666664,-5.60297874763194e-07,-9.30620073358313e-06,-0.000247592428106458,-0.00117301165799244,-0.000141913695393292,-0.00272769500176739,-5.60297875651372e-07,-0.00858099432187753,-9.30620073358313e-06,0.000629842465079022,-0.00778906367549403,-6.69887141313552e-07,2.57568959050047e-07,-0.0030888436660641,-0.00482857424183525,-0.00321030475055917,-0.00260387291445996,-0.000421590192380528,-0.00424622140331898,-0.00385455492477949,-0.00179843659266865,-0.00168834725370326,-0.0036698940443376,-0.000937677669640813,-0.00295428350434968,-0.00208352091075792,-5.18517463286017e-05,-0.000705155825601267,-6.33434005692379e-06,-1.5282981760123e-06,-0.00321030475055917,-2.16200269953504e-06,-6.70757841438885e-05,-0.00385455492477949,-0.00179843659266865,-0.00191916264424474,-0.0021966798422639,-0.000337943319302703,-0.00359597251543109,-0.00321030475055917,0.00207555200351806,-1.5282981760123e-06,-0.00185398387434343,-0.000381452011922079,-0.00179843659266865,-0.00559463025884455,-0.000714102826444574,-0.00451413854466365,0.00207555200351806,-0.00219248037000597,-0.000337943319302703,-0.00359597251543109,-0.00174389206097247,2.57568959050047e-07,-0.00179843659266865,-0.000337943319302703,-0.00398302354276581,-0.000714102826444574,-0.00191916264424474,-0.00295428350434968,-0.00174389206097247,-0.00335909756767716,-6.69887141313552e-07,0.00207555200351806,-0.00272743088673888,-0.00177812021158985,-0.000271742331406699,-2.23651090180965e-05,-0.0030888436660641,-0.00204189104642083,-0.00321030475055917,-0.000412912924036668,-0.00308532000319195,-0.000813762627513093,-2.16200269953504e-06,-0.00335909756767716,0.150882346230386,-0.00204189104642083,-0.000271742331406699,-6.70757841438885e-05,-0.00192837196905771,-0.00321030475055917,-0.0010237644791351,-0.00683522398197578,-0.00244854811865292
"1:163282821:A:G",-0.00278434301889607,6.73282541718834e-06,-1.45732677303556e-05,-1.2894678171449e-05,9.85767509131819e-06,-6.59216884209002e-05,-1.72672800724527e-05,6.73282541807652e-06,-1.37067255323586e-07,-1.45732677303556e-05,-0.00336070869563887,-0.00225785330316164,7.00144534171443e-06,2.50068446927543e-06,-0.000162603474790579,2.45497057349553e-05,-0.00141443705224287,-9.57349761447901e-05,-0.00203166125349963,-0.00201751201710287,2.29127329243184e-05,-0.00179331699145724,-9.6667956121621e-05,-0.00163216565444912,-0.000452047771093866,-0.000164328359325339,-4.15547377308201e-06,-0.00177791726165744,-3.18831097168015e-06,-1.13886629806714e-05,-4.36298639083788e-06,-0.00141443705224287,-5.57424675395879e-06,1.08123146285166e-05,2.29127329243184e-05,-0.00179331699145724,-7.29088035011927e-06,-1.46031504835165e-05,-4.88731739647363e-05,-0.000148013741382513,-0.00141443705224287,-0.00204189104642083,-4.36298639083788e-06,1.32097817280297e-05,-0.000879817156085316,-0.00179331699145724,-0.0016509117964052,-0.00218678624217894,-0.000202133935802706,-0.00204189104642083,-5.00263756730845e-06,-4.88731739647363e-05,-0.000148013741382513,-0.000275563840715698,2.50068447016361e-06,-0.00179331699145724,-4.88731739647363e-05,-0.00202860344356548,-0.00218678624217894,-7.29088035011927e-06,-0.000164328359325339,-0.000275563840715698,-2.17694778026356e-05,7.00144534171443e-06,-0.00204189104642083,5.89837369968649e-06,2.17523128132058e-06,-7.54647091181226e-05,-7.73934799092046e-06,-0.000162603474790579,3.02139877215168e-05,-0.00141443705224287,-0.00195589144410491,-0.00146331713220071,-2.63926826322702e-05,-5.57424675395879e-06,-2.17694778026356e-05,-0.00204189104642083,0.0548096003730176,-7.54647091181226e-05,1.08123146294048e-05,-0.00146046621323936,-0.00141443705224287,1.57455285112462e-05,-2.60581101585444e-07,-2.1666840606116e-06
"1:163283721:T:C",-0.0110499789972489,9.97105986249025e-05,-0.00135512096973844,-0.00341629425634249,-0.00630787591192838,-0.000249844391610132,-0.00120808048164989,-0.00175492768031127,-0.0037483822399933,-0.00135512096973844,-0.000224963438161474,-0.00171967549574426,-0.00143028352355135,-0.00629080781761449,-0.00287972471734488,-0.00118722185959186,-0.000303669665663975,-0.00145722559033556,-0.000327526199980888,-0.00157732549446177,0.000411345118613404,-3.79383751241136e-05,-0.00110920002885306,-0.000241637286771734,-0.000121478817027842,-0.00301937455757084,-0.00157332203293237,-0.00318662826270977,-0.0043686261314253,-0.00340999719126245,-6.28073825383879e-05,-0.000303669665663975,-8.32783114486091e-05,0.000153581859375862,0.000411345118613404,-3.79383751241136e-05,-0.00144726391325811,-0.0072827307141754,0.000938023770872043,-3.24250224563727e-05,-0.000303669665663975,-0.000271742331406699,-6.28073825383879e-05,-0.00123023480947548,-0.00264332711000304,-3.79383751241136e-05,-0.00163797639608632,-9.36411543221993e-05,0.000617150730246152,-0.000271742331406699,-0.00169562376495502,0.000938023770872043,-3.24250224563727e-05,0.000378716863051132,3.18887273316193e-05,-3.79383751241136e-05,0.000938023770872043,-2.73244893849167e-05,-9.36411543221993e-05,-0.00144726391325811,-0.00301937455757084,0.000378716863051132,-0.000294780670064831,-0.00143028352355135,-0.000271742331406699,8.2840474822099e-05,2.57543102097912e-05,0.00177515612816048,-0.000119397073692795,-0.00287972471734488,-7.54647091181226e-05,-0.000303669665663975,-0.000303154188278754,0.000387209598869287,-0.000347656658362006,-8.32783114486091e-05,-0.000294780670064831,-0.000271742331406699,-7.54647091181226e-05,0.0910951483212958,0.00015358185937675,0.000163146005510484,-0.000303669665663975,-0.00138809729869394,-0.00342879126718909,-3.86294962471112e-05
"1:163285299:T:C",-0.00522358867232287,-0.00758728324441549,7.16555058586366e-05,-0.00310734088369991,-6.62748603383889e-05,-0.00653211632114115,8.19027996570298e-05,-0.000951949306825739,-0.00556522322219699,7.16555058586366e-05,-0.0026783694849728,-0.00284314992822043,-4.48099808743052e-05,-1.59821454994713e-05,-0.000134728913719684,-0.000915980072647926,0.000102056766084324,-0.00336819220218754,-0.00431654803452641,1.6454857781234e-05,-0.000627388450457289,-1.2470195835057e-05,0.000358402404834646,8.1902799657918e-05,-0.000767855084890634,-0.000165557682871409,-0.00164251100265478,3.13430161948958e-05,9.33623760968061e-06,5.68805298186703e-05,2.38522808650998e-05,0.000102056766084324,2.94444340216415e-05,0.00140949365721887,-0.000627388450457289,-1.2470195835057e-05,3.71454733087972e-05,-0.000147854587420504,0.000136233111076578,9.93344717086231e-05,0.000102056766084324,-6.70757841438885e-05,2.38522808650998e-05,-9.32423500081825e-05,-3.04513629378889e-05,-1.2470195835057e-05,-0.00132720471153114,-0.00092737803948495,-0.00045412167266079,-6.70757841438885e-05,-0.00151783245702042,0.000136233111076578,9.93344717086231e-05,-0.000748977890003388,-1.59821454985831e-05,-1.2470195835057e-05,0.000136233111076578,-0.000111386729114038,-0.00092737803948495,3.71454733087972e-05,-0.000165557682871409,-0.000748977890003388,-0.00233924839637112,-4.48099808743052e-05,-6.70757841438885e-05,-0.00127496347654876,-0.00142427178835547,0.00015358185937675,-0.00264643573983125,-0.000134728913719684,1.08123146294048e-05,0.000102056766084324,-0.00156399381199268,-0.00225889668082679,-0.00446972006802682,2.94444340216415e-05,-0.00233924839637112,-6.70757841438885e-05,1.08123146294048e-05,0.00015358185937675,0.0833093101376723,-0.000714802630621847,0.000102056766084324,-0.000116917873056011,-0.00925737540607363,-0.0038234816980891
"1:163285589:C:T",-0.0116184021492769,-0.000734810893318283,0.000561117332487093,-0.0111271657143086,-0.00880306877815595,-0.00147318859991685,-0.000215024049391666,-0.00258679281042085,-0.000419959393600067,0.000561117332487093,-0.000109804030274496,-0.00177690143375964,-0.00188633518475623,-0.00185167118425511,-0.00152422645211736,-0.0100013867042232,-0.001606787884187,-0.010753666635225,-0.00606508917361204,-7.50605260506632e-05,-0.00285151908418468,-0.00302279464179112,-0.00800879531179088,-0.000680411006182435,-0.00153109834063869,-0.00151906571539939,-0.00134940986799714,0.000101598010409099,-0.00142414398100676,-0.00095760953261248,-0.000343526767002444,-0.001606787884187,-0.00436537325189956,-0.000714802630621847,-0.00285151908418468,-0.00302279464179112,-0.000206400162463538,-0.00671734908064403,0.000244181020449208,-0.00186638470144196,-0.001606787884187,-0.00192837196905771,-0.000343526767002444,9.62984495860297e-05,-0.00297167497590811,-0.00302279464179112,-8.6199519967689e-05,-0.00141048020816203,-0.00784101423680994,-0.00192837196905771,-0.000826261025872022,0.000244181020449208,-0.00186638470144196,0.00183711102110884,3.78513576260175e-05,-0.00302279464179112,0.000244181020449208,-0.00773568073154385,-0.00141048020816203,-0.000206400162463538,-0.00151906571539939,0.00183711102110884,-7.12936926898777e-05,-0.00188633518475623,-0.00192837196905771,-0.000818815235513526,-0.00200127475762457,0.000163146005510484,-0.000841157470461429,0.000162916114665013,-0.00146046621323936,-0.001606787884187,-0.000991049425007606,0.00244215010535642,-0.00290828154965084,-0.00436537325189956,-7.12936926898777e-05,-0.00192837196905771,-0.00146046621323936,0.000163146005510484,-0.000714802630621847,0.172991271992377,-0.001606787884187,-0.000734290228568746,-0.00196811589729329,-0.000928626018526835
"1:163285921:T:G",-0.000538411092070312,6.40386233525803e-05,-0.000123805616669692,-0.000113803192973272,9.65169990054804e-05,0.000320281938202882,-0.000146909930481165,6.40386233525803e-05,-0.00292857118128964,-0.000123805616669692,-0.0007834552181194,-0.00551057272659161,6.72521058593389e-05,2.14274506831202e-05,-5.88614034668922e-05,0.000297918299962063,0.00348866923632052,-0.00292403742180669,-0.00323446935289606,-0.00137846789313745,0.000269620706458973,-0.00161856485388689,-0.00311248424325505,0.00098422992039815,0.00118819195056652,-0.000571098612496712,-4.23859665001913e-05,-5.50329833366447e-05,-4.54430367815561e-05,-0.000100325977062887,-3.91945115101322e-05,0.00348866923632052,-5.09988544603601e-05,0.000102056766084324,0.000269620706458973,-0.00161856485388689,-6.74467769847809e-05,-0.00220940035509987,-0.000268076199327005,-0.00302000812851944,0.00348866923632052,-0.00321030475055917,-3.91945115101322e-05,0.000134947542904662,-0.000101902187738645,-0.00161856485388689,-0.00219809935670234,7.05437659496155e-05,-0.00106314265000584,-0.00321030475055917,-5.07579052513307e-05,-0.000268076199327005,-0.00302000812851944,-0.00178246419298134,2.14274506840084e-05,-0.00161856485388689,-0.000268076199327005,-0.00313044178840816,7.05437659496155e-05,-6.74467769847809e-05,-0.000571098612496712,-0.00178246419298134,-0.000179672457292668,6.72521058593389e-05,-0.00321030475055917,-0.00259950081270066,1.78598542293074e-05,-0.000303669665663975,-7.16918557408519e-05,-0.000618015711652653,-0.00141443705224287,0.00348866923632052,-0.000184361058262361,-0.00181284667226622,-0.000212094073605229,-5.09988544603601e-05,-0.000179672457292668,-0.00321030475055917,-0.00141443705224287,-0.000303669665663975,0.000102056766084324,-0.001606787884187,0.0572718014377203,0.000165047376426308,-0.000273801115455274,-0.00328997730122005
"1:163286726:G:A",-0.00349539065785187,-6.58171215501824e-05,0.000114292343527111,-0.00111978995009032,-0.00052035968678954,-0.00290333662741027,0.000130528591590462,-6.58171215510706e-05,-1.55056045869628e-05,0.000114292343527111,0.000123927473442365,-0.00384788324061347,-6.80426496666442e-05,-2.52104141749143e-05,-0.000409145881294037,-0.000323901123953974,0.000165047376426308,-0.00112789314617334,-0.000987125164392921,2.40193039928727e-05,-0.00028740380644976,-2.02089786220938e-05,-0.0012800396649455,-0.00162945777918289,-0.0024135968844945,-0.00045704358865617,2.96930062289036e-05,4.83335198318002e-05,-0.00349970003319111,8.92620305092962e-05,3.71477935336983e-05,0.000165047376426308,4.54912445579936e-05,-0.000116917873056011,-0.00028740380644976,-2.02089786220938e-05,5.70508711268403e-05,-0.00713565681492323,-0.00130321474825301,9.60302792520906e-05,0.000165047376426308,-0.0010237644791351,3.71477935336983e-05,-0.000138711028865757,-0.000232833893504925,-2.02089786220938e-05,-0.00035564602798388,-0.000970641506871317,-0.000455127270665656,-0.0010237644791351,3.54980950456607e-05,-0.00130321474825301,9.60302792520906e-05,-0.0055462326129021,-2.52104141740261e-05,-2.02089786220938e-05,-0.00130321474825301,-0.00109446403745217,-0.000970641506871317,5.70508711268403e-05,-0.00045704358865617,-0.0055462326129021,0.000161562870203191,-6.80426496666442e-05,-0.0010237644791351,-5.89905894887721e-05,-2.27236364533923e-05,-0.00138809729869394,6.00219419748527e-05,-0.000409145881294037,1.57455285112462e-05,0.000165047376426308,0.000147330428806214,-0.000598559557298373,0.000191835177560051,4.54912445579936e-05,0.000161562870203191,-0.0010237644791351,1.57455285112462e-05,-0.00138809729869394,-0.000116917873056011,-0.000734290228568746,0.000165047376426308,0.0632021003907939,-0.00523254800054396,1.57455285112462e-05
"1:163289571:C:T",-0.00798010606156874,-0.00732416745271003,-0.00697054770145122,-0.00134012691542296,-0.00120380974707146,-0.00579962968079917,-0.00733163554351757,-0.0028118506801853,-0.00163559237609334,-0.00697054770145122,-0.00835171972519966,-0.00463556259017794,-0.000147901495791025,-0.00435384756843682,-0.0108763040442454,-0.00453626154136888,-0.000273801115455274,-0.00619315866138637,-0.0087168272109639,2.97693519568654e-06,-0.0038951060665906,-0.00177542091662009,-0.00597990733744913,-0.000510947129011008,-0.00654984605644415,-0.0106715553659846,-0.00303137723856128,-6.23410152531534e-05,-0.00830059128449534,-0.000889900462694548,6.79458036545455e-05,-0.000273801115455274,-0.000368685218314901,-0.00925737540607452,-0.0038951060665906,-0.00177542091662009,-0.00343498711973522,-0.00459664328717002,-0.0044580973982411,-0.00270426242609378,-0.000273801115455274,-0.00683522398197578,6.79458036545455e-05,-0.00192547206843496,-0.0117580330969087,-0.00177542091662009,-0.0064884253798585,-0.00525169770675804,-0.0010038530885228,-0.00683522398197578,-0.00378280942398579,-0.0044580973982411,-0.00270426242609378,-0.00366833262154076,-0.000205183633361194,-0.00177542091662009,-0.0044580973982411,-0.00803390008086691,-0.00525169770675804,-0.00343498711973522,-0.0106715553659846,-0.00366833262154076,-7.3295918574523e-05,-0.000147901495791025,-0.00683522398197578,-0.00284524035697409,-0.000242261082252782,-0.00342879126718909,-0.0148617351154043,-0.0096147226679415,-2.60581101585444e-07,-0.000273801115455274,-0.000198585883423252,-0.00263177291257533,-1.22579271391032e-05,-0.000368685218314901,-7.3295918574523e-05,-0.00683522398197578,-2.60581101585444e-07,-0.00342879126718909,-0.00925737540607363,-0.00196811589729329,-0.000273801115455274,-0.00523254800054396,0.337827194537311,-0.00521751769732148
"1:163291048:C:T",-0.00559154136294104,6.73282541718834e-06,-1.45732677303556e-05,-0.00288102240413934,9.85767509131819e-06,-0.00163756357227918,-0.00148219869559174,6.73282541807652e-06,-0.00209701283813946,-1.45732677303556e-05,-1.61612272364664e-05,-0.00199552877699105,7.00144534171443e-06,2.50068446927543e-06,-0.00193760586290193,2.45497057349553e-05,-0.00328997730122005,-0.00113006135598859,-0.000610578677652462,-3.33852831513326e-06,2.29127329243184e-05,1.84400902725201e-06,-0.000198331719310829,-0.00374844147255882,-2.17853115049849e-05,-0.00197180136069619,-4.15547377308201e-06,-0.00274487347472618,-3.18831097168015e-06,-1.13886629806714e-05,-4.36298639083788e-06,-0.00328997730122005,-5.57424675395879e-06,-0.0038234816980891,2.29127329243184e-05,1.84400902725201e-06,-1.51744055916225e-05,-0.00274950512977412,-3.31195643870075e-05,-0.000138749552071715,-0.00328997730122005,-0.00244854811865292,-4.36298639083788e-06,1.32097817280297e-05,-0.00666082867106255,1.84400902725201e-06,-6.54918284759276e-05,-2.56880994555786e-05,-0.00563437593028571,-0.00244854811865292,-5.00263756730845e-06,-3.31195643870075e-05,-0.000138749552071715,-0.000874813828300347,2.50068447016361e-06,1.84400902725201e-06,-3.31195643870075e-05,-0.00243249022476633,-2.56880994555786e-05,-1.51744055916225e-05,-0.00197180136069619,-0.000874813828300347,-2.17694778026356e-05,7.00144534171443e-06,-0.00244854811865292,5.89837369968649e-06,-0.00204610964367724,-3.86294962471112e-05,-0.0025073790548289,-0.00193760586290193,-2.1666840606116e-06,-0.00328997730122005,-0.00226982552936406,-2.68119575785875e-06,-2.63926826322702e-05,-5.57424675395879e-06,-2.17694778026356e-05,-0.00244854811865292,-2.1666840606116e-06,-3.86294962471112e-05,-0.0038234816980891,-0.000928626018526835,-0.00328997730122005,1.57455285112462e-05,-0.00521751769732148,0.0986606852380172
