"","12:124500676:G:A","12:124502760:C:T","12:124508600:G:A","12:124510406:T:G","12:124510950:G:A","12:124514373:G:A","12:124517959:T:C","12:124519345:G:A","12:124522377:G:A","12:124524638:A:T","12:124525443:A:C","12:124526036:G:A","12:124526721:G:A","12:124527881:C:T","12:124532601:C:G","12:124533623:C:A","12:124535866:A:G","12:124538758:G:T","12:124539656:G:C","12:124539815:C:G","12:124540193:A:G","12:124541437:A:G","12:124545142:A:G","12:124547526:A:G","12:124547824:G:A","12:124548105:C:T","12:124552853:A:C","12:124558303:A:G","12:124564109:C:T","12:124564455:A:T","12:124565757:G:A","12:124567748:C:T","12:124571926:C:T","12:124572780:G:A","12:124573887:G:A","12:124579213:G:C","12:124579861:T:C","12:124580058:A:G","12:124580144:G:T","12:124580878:C:G","12:124582766:A:G","12:124583131:C:T","12:124583364:G:A","12:124583487:T:C","12:124590363:G:A","12:124590479:T:C","12:124598267:T:G","12:124598518:C:T","12:124608715:A:C","12:124609080:C:T","12:124609747:T:C","12:124610899:C:T","12:124615586:T:C","12:124616135:C:A","12:124618429:C:T","12:124619830:G:A","12:124621986:A:G","12:124623424:A:G","12:124624216:A:C","12:124624602:A:G","12:124625351:C:T","12:124626942:C:G","12:124627481:C:T","12:124628408:A:G","12:124628842:G:A","12:124629165:A:G","12:124633209:C:T","12:124633597:G:A","12:124634837:G:A","12:124634958:C:T","12:124638643:A:G","12:124638916:G:A","12:124641263:T:G","12:124642694:A:G","12:124643273:G:C","12:124646551:C:T","12:124648832:C:T","12:124650708:G:A","12:124652123:G:A","12:124655451:A:G","12:124659556:C:T","12:124659867:G:A","12:124660644:G:C","12:124661430:C:G","12:124666991:G:A","12:124667034:A:G","12:124667587:C:A","12:124667858:G:C","12:124669548:A:G","12:124670641:T:G","12:124672811:C:T","12:124673173:C:T","12:124673329:G:T","12:124674097:G:A","12:124676319:G:A","12:124676823:C:T","12:124677728:G:A","12:124681967:G:A","12:124682428:A:G","12:124683271:A:G","12:124683380:C:A","12:124684829:G:A","12:124687142:C:T","12:124687345:T:C","12:124689415:G:T","12:124693142:G:A","12:124694188:A:G","12:124694526:T:A","12:124695048:A:G","12:124698042:T:C","12:124699701:C:T","12:124700113:A:C","12:124701059:C:T","12:124701207:G:A","12:124705782:A:G","12:124706621:T:G","12:124706802:T:C","12:124707400:A:C","12:124708608:C:T","12:124709263:G:A","12:124715313:T:C","12:124715803:G:A","12:124716503:A:G","12:124718558:A:G","12:124722150:C:A","12:124722217:G:A","12:124722241:T:G","12:124722462:G:A","12:124723624:C:T","12:124726125:A:G","12:124726456:C:T","12:124726864:C:T","12:124728014:G:A","12:124733608:G:A","12:124734705:G:A","12:124739470:C:G","12:124743089:C:A","12:124744836:G:A","12:124745360:C:T","12:124746011:C:G","12:124747720:C:A","12:124749208:C:T","12:124749695:A:G","12:124755185:T:C","12:124757117:G:C","12:124757921:C:T","12:124761572:C:T","12:124761737:G:A","12:124765684:G:T"
"12:124500676:G:A",0.126209305859037,-5.0809618699077e-06,-4.56918383129334e-07,9.54732141700276e-06,2.89990732049716e-06,9.23086590276512e-07,-2.65394565790444e-06,-4.56918383129334e-07,5.18852672204417e-06,-1.671749148624e-05,-0.00285858925681381,9.78581623911623e-06,2.77816030624933e-07,1.12371728366867e-06,2.30861647576575e-06,-0.00216966671012564,-0.00445444466712086,7.15449544053115e-07,-2.08204868901163e-06,5.18852672204417e-06,-0.00191944618857498,-1.42075762887828e-06,8.64624429919303e-06,-0.0026621257422681,9.57548188651458e-06,-8.20818850222338e-07,-4.56918383129334e-07,1.12371728366867e-06,-3.39750687139428e-07,-1.42075762887828e-06,-0.00239782670142219,-2.36297319311518e-06,-8.8017817176933e-06,-0.00445444466712086,-1.38475191491239e-06,-0.00188092961660224,-0.00217611928666006,-0.0078895942750643,-1.67850808363568e-06,-1.97591726260882e-05,-0.00799843611781004,7.15449544053115e-07,-2.08204868901163e-06,-4.3510528824342e-06,2.01919550146812e-06,-9.01960128185664e-06,-0.00183240864002165,4.11131189803626e-06,1.12371728366867e-06,-1.4686115290985e-05,-0.00204193339767311,-0.00824284087636062,7.46820143593396e-06,-0.00707377966115796,-0.00294936268468682,2.81742871166557e-06,3.21571201933324e-06,3.06056601839799e-06,5.96196455937559e-06,-1.11335618058206e-07,-1.11335618058206e-07,3.21571201933324e-06,-4.57864691050247e-06,6.75889744705671e-06,-3.6995431136333e-06,4.81324051460064e-06,-0.00680754775326431,-1.92069495419389e-07,3.06056601839799e-06,-0.0024118930232655,-0.00159542719798011,-0.000575282263765686,-8.10598556100217e-06,-0.00242304517839464,-2.94637584996593e-06,-9.46414100866377e-07,-5.60999588561373e-06,8.20164051340555e-07,4.40083530861557e-06,-0.000343050408453394,-4.15769562032153e-05,2.10868806060915e-06,4.0438296879941e-06,1.01020950715736e-07,1.12371728366867e-06,-1.42075762887828e-06,-0.00214138112656936,-9.46414100866377e-07,-0.00212207217666904,-1.42075762887828e-06,-2.14154777200548e-06,-1.33680935121561e-06,-1.67971994446958e-05,-4.57864691050247e-06,4.30683924790287e-06,-0.00211553120994612,2.19665372735989e-06,-2.2212841690461e-06,7.90922038884645e-06,-1.08361134545376e-05,-6.55641697200338e-06,2.01919550146812e-06,2.56097835737989e-06,3.90524033111461e-06,-0.00303991791482705,-1.11643481135459e-05,-0.000583698948931399,-8.20818850222338e-07,1.92814049881918e-06,-3.0918953148884e-06,3.29806270471522e-06,-0.00221343139750196,7.15449544053115e-07,4.11131189803626e-06,4.43168471697675e-06,-0.00289649266561121,2.01919550146812e-06,-0.000575282263764798,5.13420921599561e-06,-0.00194820556795605,-0.00673524719651919,4.11131189803626e-06,-6.36029873213317e-06,-0.00306179729405542,-0.00289649266561121,-0.00405956313371902,8.20164051340555e-07,1.03192333700264e-06,-1.42075762887828e-06,-0.00186983821384867,-2.59266157405236e-05,-4.0195567185819e-06,-0.00288533604099772,-1.0597966471515e-05,2.28312704919631e-06,-2.18397314544205e-06,-0.00242379590855624,1.02425782966264e-06,-1.11335618058206e-07,-0.00264661403916477,-6.88406915116957e-06,2.59275461278463e-06,-0.000188036214314735,-2.48472382331499e-05,-0.00194492003952895,2.47236790684724e-06,-0.00256680360015338,-1.81071460403359e-06,-2.36297319311518e-06
"12:124502760:C:T",-5.0809618699077e-06,0.123416973383939,-1.02869572842224e-05,-0.00372905826080228,6.18858843877135e-05,1.84589672036495e-05,-5.40605681589312e-05,-1.02869572842224e-05,0.000122490115131768,-0.0091541594951261,7.57012777707899e-05,-0.00236378532414161,-0.00130615487172392,2.32822276018396e-05,-0.00127550554944644,-0.000272295405990164,-2.5251342048449e-06,1.35163238939029e-05,-0.00128008655296696,0.000122490115131768,0.000468725231164591,-2.83762147370581e-05,0.00025132749239809,4.31374111258265e-05,-0.000407093479434018,-0.00119163549750656,-1.02869572842224e-05,2.32822276018396e-05,-7.66804448382175e-06,-2.83762147370581e-05,-0.000935101857304943,-4.81009300115076e-05,-0.000156564267684622,-2.5251342048449e-06,-0.0031030608593845,0.00039966741842612,0.000103338926888519,-0.00123160043738579,-3.38395262593494e-05,-0.00115798013259205,-0.00122225762053496,1.35163238939029e-05,-0.00128008655296696,-0.000924420916669,4.22461828621934e-05,-0.000160223504365398,-0.00363991289773846,9.25922002572577e-05,2.32822276018396e-05,-0.000242506760678829,2.32822276027278e-05,-0.00266394172604745,0.000197289806870948,-0.00072307161841767,-0.00248174431380832,5.96456474735163e-05,7.05732136170312e-05,6.62832597573271e-05,-0.00253783221893755,-2.5251342048449e-06,-2.5251342048449e-06,7.05732136170312e-05,-8.63097434855575e-05,0.000171199792415422,-7.20580045667774e-05,-0.00788370950866035,-0.00020805680878766,-7.54108136824527e-06,6.62832597573271e-05,-0.00563191785636086,7.26791276983718e-05,5.12560000727191e-05,-0.00014726178773472,-0.00128103421015524,-5.71441367256398e-05,-0.00368999163520733,-0.00070273263389975,1.60028430382653e-05,-0.00145972126588489,-5.71441367247516e-05,9.49631139093299e-05,4.45399260993184e-05,9.05727295652525e-05,-0.00802072461754211,2.32822276018396e-05,-2.83762147370581e-05,-0.00344460105712674,-2.10929203650068e-05,0.000151545876340364,-2.83762147370581e-05,-0.00823633693437653,-2.95620014849618e-05,-0.000273366013875176,-8.63097434855575e-05,9.85035737901541e-05,-0.000954884815320689,4.68058097844448e-05,-0.000995724130140374,-0.00116482812719099,-0.000187614579229667,-0.000886169466253861,4.22461828621934e-05,5.2752351343166e-05,8.64574964047904e-05,1.84589672036495e-05,-0.000195374105993018,2.56504295226279e-05,-0.00119163549750656,3.99240642607879e-05,-6.00539304391745e-05,6.89053002558282e-05,-6.01744242985092e-05,1.35163238939029e-05,9.25922002572577e-05,0.000102326357295901,-0.00240124589117396,4.22461828621934e-05,5.12560000736073e-05,0.000120680801811268,0.000199177178023646,-0.00359677140031334,-0.00214271761409002,-0.000119227800616351,-0.00138485318964676,-4.51771362808273e-05,7.68151685326401e-05,1.60028430382653e-05,1.76563388105677e-05,-2.83762147370581e-05,-0.000108910693413122,-0.000394277319909264,-7.82886785835046e-05,-0.0100121978334506,-0.000183780008791601,4.90443373193372e-05,-0.00386256224901249,-0.00274065736358065,2.08852489622657e-05,-2.5251342048449e-06,-0.00107848799267618,-0.000125946456990711,4.93875508071895e-05,-7.66804448382175e-06,-0.000375758056844866,-0.000216806260650237,-0.00561320932901221,-0.00247663810715615,-3.66216099534356e-05,-4.81009300115076e-05
"12:124508600:G:A",-4.56918383129334e-07,-1.02869572842224e-05,0.100083058320768,-0.0016039467293254,-0.00197057128743694,1.86310748429008e-06,-5.38482554013342e-06,-9.29751416300917e-07,1.04920334713654e-05,-0.0076251901912654,7.13972590205003e-06,-0.00136837667529743,5.49486128598176e-07,2.27137522479381e-06,-0.00148984622197101,-3.20166253775511e-05,-2.26514956125357e-07,1.44049686667813e-06,-4.22045053483089e-06,1.04920334713654e-05,-0.00386844233606798,-2.87469436344168e-06,-0.000826906197938015,4.42526566502011e-06,-0.00165584431801946,-1.67048934418546e-06,1.9912903341357e-05,2.27137522479381e-06,-6.91299823607494e-07,-2.87469436344168e-06,-1.17278835443102e-06,-4.79234750283553e-06,-1.78184726902231e-05,-2.26514956125357e-07,-2.83880280260718e-06,-0.00159725222806362,-0.00189890713607888,-0.00212201883399388,-3.39914714597711e-06,-4.02250562592243e-05,-2.07908898719467e-06,1.44049686667813e-06,-4.22045053483089e-06,-8.8210693842683e-06,4.07925330581094e-06,-1.82618856898742e-05,-0.000247638832032493,8.31103193466021e-06,2.27137522479381e-06,-2.97244485354398e-05,2.27137522479381e-06,-0.000600641585839945,-0.00118410232429067,-0.000367911916992369,-1.02463528843799e-05,-0.00199935769828841,6.50084938680351e-06,6.18504468796743e-06,1.2055758094931e-05,-2.26514956125357e-07,-2.26514956125357e-07,6.50084938680351e-06,-9.26472087670049e-06,-0.00126193475893821,-7.49452848403109e-06,-0.00314108643094357,-2.4254379924038e-05,-0.00230058072390182,6.18504468796743e-06,1.17508443864267e-07,6.65467978144818e-06,4.78936667569485e-06,-0.0030395769429683,-0.00215507616322341,-5.96171788025401e-06,-1.92619806149708e-06,-1.1363899724337e-05,1.65363661164264e-06,-0.0018893541346765,-5.96171788025401e-06,8.74739235978694e-06,4.26139990672425e-06,8.17364136818099e-06,-0.00907605584364291,2.27137522479381e-06,-2.87469436344168e-06,-0.00282133201945101,9.12232324523643e-06,1.26769168451446e-05,-2.87469436344168e-06,-0.00870297385642171,-2.72120485877991e-06,-3.40232034599097e-05,-6.53998129021005e-05,8.70903365601805e-06,-0.000492228546825402,4.44042057878846e-06,-4.50388659878342e-06,-0.00441439857118198,-2.19366142273358e-05,-1.3291338524013e-05,4.07925330581094e-06,-0.00245561659546478,7.89143462487374e-06,1.86310748429008e-06,-2.26303542314454e-05,2.47033254652251e-06,-1.67048934418546e-06,3.89390755106689e-06,-0.00101691000877846,6.65434630864326e-06,-5.99888460328657e-06,1.44049686667813e-06,8.31103193466021e-06,8.96309531484007e-06,-4.50388659878342e-06,4.07925330581094e-06,4.78936667658303e-06,1.03814632561594e-05,1.54543942318952e-05,-0.00340075994670297,8.31103193466021e-06,-1.28918464410432e-05,-0.00379162496076901,-4.50388659878342e-06,6.9545040535246e-06,1.65363661164264e-06,-0.00206947972798321,-2.87469436344168e-06,-1.17357144979735e-05,-5.26052322991077e-05,-8.14603825105564e-06,-0.00195595563432072,-2.14518441694622e-05,4.61638645976592e-06,-0.00187538144871979,-0.000766414337672217,2.06899323007548e-06,-2.26514956125357e-07,-5.71008020955333e-06,-1.39366219382708e-05,-0.00900438754908883,-6.91299822719316e-07,-5.03292220912499e-05,-0.00168180976078958,-0.00197998454915549,-7.20146920496489e-06,-3.66819194308476e-06,-4.79234750283553e-06
"12:124510406:T:G",9.54732141700276e-06,-0.00372905826080228,-0.0016039467293254,0.297890964950544,-0.000271800135631217,-0.00129603406355638,-0.00515740824357813,-0.000846657409745433,-0.00534637272511329,-0.00322049563238558,-0.000105828665133423,-0.00141415640697495,-6.18556576519325e-05,-9.10721049676155e-05,3.01062416090403e-05,-7.26259512751071e-06,4.74714504328233e-06,-7.35845907877675e-05,-0.00848755955375324,-0.00534637272511329,-0.00172808388618595,9.7720848486027e-05,0.000894312385962159,-0.000965366743224116,-0.00057604087361085,-0.00439784005880384,-0.0016039467293254,-9.10721049676155e-05,-0.00168945691907929,9.7720848486027e-05,-0.00343120703702571,-0.00160535391209748,-0.00108627928077798,4.74714504328233e-06,0.000814281840346709,-0.0011308464459896,-0.00135133624347894,-0.00269637007879542,0.000277660016121395,-0.00303195930920452,-0.000377089069878433,-0.00136028167715185,-0.00848755955375324,-0.000325686437547823,-0.000178381369312142,-0.00121531107515516,-0.0150020265025814,-0.000385673805550546,-0.00319609519711506,0.000735932326724864,-9.10721049676155e-05,-0.00265317736920512,-0.0026991976147821,-0.00649711531055441,-0.00404951512130669,-0.000268390291437548,-0.000285051066542863,-0.00027850194880763,0.000246257597147803,4.74714504239415e-06,4.74714504328233e-06,-0.000961684245624816,0.000906781068890083,-0.00537182221475607,0.000223046761138157,-0.00430907325593965,-0.00039941585647707,-0.00645568466025193,-0.00385343828486473,-0.00289085287989899,-0.00153943981561699,-0.000193504905976916,0.000180085774526439,-0.0050730251736848,0.000262398720414225,3.95133761399435e-05,-0.00084614015637996,-0.0013363298855511,-0.00259458621042885,0.000193597828008762,-0.00109255917400475,-0.000400179773893505,-0.00119837068151529,-0.00358970517983703,-0.00168571237943116,9.7720848486027e-05,-0.00879588672059572,-9.74847108778931e-05,-0.00112047524452397,9.7720848486027e-05,-0.00362042091923165,-0.00389341031868007,-0.0012727964717687,0.00037721135046187,-0.00162397233030553,-0.00363403351521674,-0.00456818944628612,-0.000423443708947424,-0.00585386950215128,-0.00274508248270777,-0.00297958821194122,0.000113762339329249,-0.00103126450780877,-0.00236489619223246,-0.00267648645948704,-0.0102025901491443,-9.5322093216943e-05,-0.000182361104447359,-0.00288114467672784,-0.0021354178792361,-0.000672101580006412,-0.00487541805092473,-0.00136028167715185,-0.00112634777162768,0.000149695454877197,-0.00166351607907433,0.000113762339329249,0.000334404421933776,-0.00456534712470713,-0.00144400874349682,-0.00575352878053703,-0.00203746741163791,-0.00656312098844936,-0.00071186676604551,-0.00370081403764821,-0.000294599652259642,-0.00326063112771724,-0.00131482947342398,9.7720848486027e-05,-0.00728448841323726,-0.00143912017363945,-0.00118309554328988,-0.00676559223169049,-0.000715167949807416,-0.00263666472663893,-0.00178522676589665,-0.00236442693689565,-8.67741849406301e-05,-0.000132267173089673,-0.00411263878983181,-0.00324605784424037,-0.00375083051154235,-0.00306046231761226,-0.00144048072657377,-0.00250091785755302,1.13216769115354e-05,-0.00401839673904458,-0.00229975611017874,-0.000361580336492473
"12:124510950:G:A",2.89990732049716e-06,6.18858843877135e-05,-0.00197057128743694,-0.000271800135631217,0.138533039011068,-1.40365615370897e-05,-0.00220635079072995,5.85795023866353e-06,-9.25289318578493e-05,-0.00189279981613399,-6.00074440404441e-05,-0.00231492440424486,-5.3429155562057e-06,-1.68180845836474e-05,-1.70949710538437e-05,0.000107360615269059,1.4427916168458e-06,-1.11980251826793e-05,2.70220775657748e-05,-9.25289318578493e-05,-0.00346694818230464,1.92428818328594e-05,-0.000202180363604754,-3.64063581939078e-05,-0.00285463802260111,1.04077953517745e-05,-0.00197057128743694,-1.68180845836474e-05,4.37155594479322e-06,1.92428818328594e-05,-0.00255210251244797,3.02429511256364e-05,9.85772585604394e-05,1.4427916168458e-06,1.54955857238903e-05,-0.00149995574077444,-8.13769403036346e-05,-0.000219842847761775,2.23088689166318e-05,-0.00222321108450618,-0.000733926319270495,-1.11980251826793e-05,2.70220775657748e-05,5.3193742878932e-05,-0.00323272015403564,-0.00132379998672594,-1.04419376811826e-05,-0.001174424518811,-1.68180845836474e-05,-0.000487034832001854,-1.68180845845356e-05,-0.00040507510393617,-0.00015524126266353,0.000228621803215034,6.03076270548897e-05,-0.000100750859774124,-5.22952838064583e-05,-0.00129701215528666,-0.000111478187555747,1.44279161595762e-06,1.4427916168458e-06,-5.22952838064583e-05,5.68002968437398e-05,2.61553303566586e-05,4.63571842193033e-05,-0.000575719072610781,-0.00182040681507001,-0.00261606095922762,-0.00129701215528666,-0.00314835767326427,-5.35296899846216e-05,-3.68389953884218e-05,-0.00407765817787009,-0.000188364122259088,3.81783641936195e-05,-0.00186020296023592,6.71190306693603e-05,-0.0016265737386405,-0.00413199903040784,3.81783641927314e-05,-7.65515900784663e-05,0.000238387368490578,-0.00124850487272177,-0.00162443020129288,-0.00131094043857427,1.92428818328594e-05,-0.00397482807466343,-0.00411694803706553,-0.000121957614227952,1.92428818328594e-05,-0.0036123042420515,1.6694325661426e-05,-0.00131433921917701,5.68002968437398e-05,0.00189547081952846,-0.000472516262446376,-3.42417091570013e-05,2.86244892837573e-05,-0.00215078564066973,-0.00116252358763447,7.61857129196741e-05,-3.15905477474843e-05,-0.0028195772143933,-0.0013540433642838,-1.40365615370897e-05,-0.00177024044187313,-1.81879893856873e-05,1.04077953517745e-05,-3.02442461954655e-05,3.97827161693343e-05,-5.60906328628263e-05,3.68820388585434e-05,-0.00165398887156787,-0.001174424518811,-7.55592284304996e-05,2.86244892837573e-05,-3.15905477474843e-05,-3.68389953866455e-05,-0.00108981500494121,-0.00277532507340172,-0.00756553739278054,-0.00356303015195714,-2.21245403917436e-05,-0.00875679036452048,-0.00476211785632685,-5.59602757208566e-05,-1.26245267066949e-05,-0.00240605089914503,1.92428818328594e-05,6.88972588669401e-05,-6.91375113142101e-05,-0.00223809748282733,-0.00802316754005261,0.000114494833730383,-3.55469851740509e-05,-0.00216126178109377,-0.00360218160234194,-1.54343440650351e-05,1.4427916168458e-06,3.36098090629733e-05,8.04012005861665e-05,-0.00166540708464336,4.37155594656957e-06,-7.49985256449648e-05,0.000128501192522279,-4.05749143155276e-05,-0.00496267945523776,-0.00157047332097182,-0.00206323907514161
"12:124514373:G:A",9.23086590276512e-07,1.84589672036495e-05,1.86310748429008e-06,-0.00129603406355638,-1.40365615370897e-05,0.0952733448401881,1.02459730619842e-05,1.86310748429008e-06,-0.000843072863027317,-3.32469077681807e-05,-1.77125293614466e-05,-9.295671054943e-05,-0.00280936569458223,-5.02408655478348e-06,-0.00198316206896276,4.43502692597519e-05,4.59453442402946e-07,-0.00171554331677104,8.21200237233199e-06,-0.000843072863027317,-0.00138375444136329,5.7699000644007e-06,-6.22418542173264e-05,-1.04823280571154e-05,-8.31458513488315e-05,3.3058549675502e-06,1.86310748429008e-06,-5.02408655478348e-06,1.39095311180171e-06,5.7699000644007e-06,2.12573003288696e-06,9.21980922008458e-06,2.9110077067962e-05,4.59453442402946e-07,5.29137275329106e-06,-0.0013208535826843,-2.42375759098579e-05,-4.84047744375715e-06,6.73373931014964e-06,-2.43022221892986e-05,-0.00308782974780897,-3.21620847199e-06,8.21200237233199e-06,-0.00232292806275947,-9.39372846175957e-06,2.96666729662221e-05,-0.000944546723473216,-2.09964302131382e-05,-5.02408655478348e-06,4.27823636561797e-05,-5.02408655478348e-06,-0.002103434141147,-4.74143153992301e-05,-0.00603399892209922,1.82350548625365e-05,-1.36078648811377e-05,-1.57093535193553e-05,-1.48812358506945e-05,-3.38075766865842e-05,4.59453442402946e-07,4.59453442402946e-07,-1.57093535193553e-05,1.68999637466527e-05,-4.05098715994257e-05,1.39398687064585e-05,-0.000114253834022193,3.66991089579827e-05,6.12005893074752e-07,-1.48812358506945e-05,-2.76609294651564e-05,-1.61173503041567e-05,-1.110521117198e-05,2.71878523667723e-05,-0.00716120495937567,1.14040826559858e-05,3.79572225472913e-06,2.00578410955998e-05,-3.67455191074839e-06,-2.30184757104013e-05,1.14040826559858e-05,-2.26031893406642e-05,-9.82775557556437e-06,-2.0600535166615e-05,-8.02006044686721e-07,-5.02408655478348e-06,5.7699000644007e-06,-0.00518018592075364,3.79572225472913e-06,-3.65582701951084e-05,5.7699000644007e-06,8.07962135773721e-06,5.29300079765704e-06,4.68953771237679e-05,1.68999637466527e-05,-2.21604360923777e-05,-0.00782817106935507,-1.02576407519095e-05,8.71363932031244e-06,-0.00302831726646335,-0.00148664094141182,2.28148322607424e-05,-9.39372846175957e-06,-1.2295586190092e-05,-0.00334926552446557,-4.12860833698403e-06,-0.00549170925089904,-5.46561927272649e-06,3.3058549675502e-06,-8.95550171886583e-06,1.19025076772417e-05,-0.00157673466128827,1.12909518650284e-05,-3.21620847199e-06,-2.09964302131382e-05,-2.29172780956688e-05,-0.00244009466992168,-9.39372846175957e-06,-1.110521117198e-05,-2.76697720478225e-05,-0.000587605915598921,-0.00299372911897855,-0.00119605325234406,2.22539797540833e-05,-0.00063693099426132,8.71363932031244e-06,-1.69215039722559e-05,-0.00312680246919683,-4.81244388161883e-06,5.7699000644007e-06,2.0599886235928e-05,-0.00212284589458633,1.49854661630755e-05,-0.00398814599465158,3.36453839233641e-05,-1.06834407045397e-05,8.41765225345625e-06,-0.0018072667730209,-0.00375724424488144,4.59453442402946e-07,8.31191692727273e-05,2.38591575163483e-05,-1.27190271594912e-05,1.39095311268989e-06,6.02989676732335e-05,3.79373078693845e-05,-0.00712160017659969,-0.00347108984878375,7.22210661852074e-06,9.21980922008458e-06
"12:124517959:T:C",-2.65394565790444e-06,-5.40605681589312e-05,-5.38482554013342e-06,-0.00515740824357813,-0.00220635079072995,1.02459730619842e-05,0.133266995622423,-5.38482554013342e-06,6.38468856850594e-05,-0.000166782012358979,4.11050018627179e-05,-0.00221894507798126,2.42283365547991e-06,1.27064996986448e-05,-0.00616437124390057,-0.00175466293615134,-1.31755372922981e-06,7.71391961684742e-06,-2.31522224325431e-05,6.38468856850594e-05,-1.86063423868177e-06,-1.56644971252007e-05,0.000122656415737943,2.43179032226593e-05,-0.00101913239803242,-0.00183882597058815,-5.38482554013342e-06,1.27064996986448e-05,-0.00258614335865204,-1.56644971252007e-05,-7.63660998259752e-06,-0.00164591012863813,-0.00451857274206002,-1.31755372922981e-06,-0.000634622170047727,-0.000176834869288101,5.50872949078851e-05,-0.000603218862858412,-1.85947923778684e-05,-0.000215983700751821,-0.00382118819872801,7.71391961684742e-06,-2.31522224325431e-05,-4.7177823931932e-05,2.30235870510853e-05,-0.00225269011232854,-0.000801478033626513,4.91119481056401e-05,1.27064996986448e-05,-0.000144627012224952,1.2706499699533e-05,-0.000456136000055896,9.91960752187993e-05,-0.000623178604794994,-5.46607926716902e-05,-0.002145607754521,3.77433774856328e-05,3.56664903371495e-05,-0.00133602922573761,-1.31755373011799e-06,-1.31755372922981e-06,3.77433774856328e-05,-4.87303900849057e-05,8.72437453676156e-05,-0.00140544233498119,-0.00400391631893715,-0.000121561421122962,-0.000102146785845747,-0.00173789021091508,-0.00280856217318748,3.87598598541317e-05,2.7496297241747e-05,-0.00280084316207496,-0.001575333015019,-3.19046946630763e-05,-1.10906602914795e-05,-5.96325846435874e-05,8.98907432222984e-06,-0.00216249981154526,-3.19046946639645e-05,-0.00213722752026957,-0.00246467483035406,-0.00165837345409869,-7.40269690879813e-07,1.27064996986448e-05,-1.56644971252007e-05,-0.00392879543994029,-1.10906602914795e-05,-0.0022691731029143,-1.56644971252007e-05,-2.58743031062991e-05,-0.00180040740008014,-0.00103545207785949,-4.87303900849057e-05,-0.00391188247649854,-0.00213180825051218,2.52916442500251e-05,-2.47164137068268e-05,-0.00462548913107508,-0.000786053898833572,-6.95010978226662e-05,-0.000478676660119248,-0.003124133704552,-0.00176866996295733,1.02459730619842e-05,-0.00018820221158844,1.39108512930974e-05,-9.63260484621031e-06,2.18649481142918e-05,-3.35036945084966e-05,-0.000108016046417525,-0.00168109899793389,7.71391961684742e-06,4.91119481056401e-05,5.36670488049396e-05,-2.47164137068268e-05,2.30235870510853e-05,2.74962972426351e-05,-0.00326473573580532,-0.00238084607986977,-0.0022923852793868,4.91119481056401e-05,-0.00146470154446909,-0.00504289022435689,-2.47164137068268e-05,4.07503868142811e-05,8.98907432222984e-06,-0.00095384859088643,-1.56644971252007e-05,-6.1546410752733e-05,-0.00490779507794503,-0.00149043089627199,-0.00148940779787488,-0.000107360993570005,2.64017339715039e-05,-0.000494208623784687,-0.00510973620902533,-0.00200145599933599,-1.31755372922981e-06,-0.00122018561891402,-7.19678729410589e-05,2.83736757484832e-05,0.000201491809440846,-0.000962743036466485,-0.00289448993838093,2.79023340290507e-05,-0.00281753874780399,-2.00918840675968e-05,-0.00164591012863813
"12:124519345:G:A",-4.56918383129334e-07,-1.02869572842224e-05,-9.29751416300917e-07,-0.000846657409745433,5.85795023866353e-06,1.86310748429008e-06,-5.38482554013342e-06,0.0801589729324519,-0.00412552519470388,-3.39604645693825e-05,-0.00190916240379391,1.97946632303214e-05,5.49486128598176e-07,2.27137522479381e-06,-0.00225627323472377,-2.02790303251987e-05,-2.26514956125357e-07,1.44049686667813e-06,-4.22045053483089e-06,-0.00412552519470388,-7.23882866440206e-05,-2.87469436344168e-06,1.74884497115002e-05,-0.00202706266337316,1.93679126905266e-05,-1.67048934418546e-06,-9.29751416300917e-07,2.27137522479381e-06,-6.91299823607494e-07,-2.87469436344168e-06,-1.17278835443102e-06,-4.79234750283553e-06,-1.78184726902231e-05,-2.26514956125357e-07,-2.83880280260718e-06,-0.000101645423239205,-0.00189890713607888,1.80484752210219e-06,-0.00164194295404307,-4.02250562592243e-05,-0.00560388712009185,1.44049686667813e-06,-4.22045053483089e-06,-8.8210693842683e-06,4.07925330581094e-06,-1.82618856898742e-05,-0.00379275172315019,8.31103193466021e-06,-0.000386594394822026,-2.97244485354398e-05,2.27137522479381e-06,-0.0034817778381111,-0.000400595358377664,-0.000367911916992369,-1.02463528843799e-05,5.69000038996847e-06,6.50084938680351e-06,6.18504468796743e-06,1.2055758094931e-05,-2.26514956125357e-07,-2.26514956125357e-07,6.50084938680351e-06,-6.53998129021005e-05,1.36684466367498e-05,-7.49452848403109e-06,-0.00501981254323436,-0.00165271838998748,-4.07604820118479e-07,6.18504468796743e-06,-0.00199278227115585,6.65467978144818e-06,4.78936667569485e-06,-1.64245987814837e-05,-0.00371039810712048,-5.96171788025401e-06,-1.92619806149708e-06,-1.1363899724337e-05,1.65363661164264e-06,-0.0018893541346765,-5.96171788025401e-06,-0.00190598119253327,4.26139990672425e-06,8.17364136818099e-06,-0.0020985947704899,-0.00145075829664787,-2.87469436344168e-06,-0.00223126163726395,-1.92619806149708e-06,-0.00177849616147885,-2.87469436344168e-06,-0.000765693448673943,-2.72120485877991e-06,-0.00119489861311095,-6.53998129021005e-05,-0.00130996882092926,-2.29325136862357e-05,4.44042057878846e-06,-4.50388659878342e-06,-0.00352304035079332,-2.19366142273358e-05,-1.3291338524013e-05,4.07925330581094e-06,5.16767977121191e-06,7.89143462487374e-06,1.86310748429008e-06,-0.00159510161178922,2.47033254652251e-06,-1.67048934418546e-06,3.89390755106689e-06,-0.00101691000877846,-2.66205514654061e-05,-5.99888460328657e-06,1.44049686667813e-06,8.31103193466021e-06,8.96309531484007e-06,-4.50388659878342e-06,4.07925330581094e-06,4.78936667658303e-06,1.03814632561594e-05,-0.00166758259226807,-0.000481740741159697,8.31103193466021e-06,-1.28918464410432e-05,-9.24058930014127e-05,-0.00189711711650631,6.9545040535246e-06,1.65363661164264e-06,2.06862012674947e-06,-2.87469436344168e-06,-1.17357144979735e-05,-0.00276660692457131,-8.14603825105564e-06,-0.00257479481741996,-2.14518441694622e-05,-0.001247706633281,-4.44726044435129e-06,2.76173577784533e-06,2.06899323007548e-06,4.89448392837488e-06,3.59170998720515e-06,-1.39366219382708e-05,-0.00209568203606558,-6.91299822719316e-07,-0.000519067346919755,-0.000324212608651564,4.98716398400489e-06,6.54689586276902e-06,-3.66819194308476e-06,-4.79234750283553e-06
"12:124522377:G:A",5.18852672204417e-06,0.000122490115131768,1.04920334713654e-05,-0.00534637272511329,-9.25289318578493e-05,-0.000843072863027317,6.38468856850594e-05,-0.00412552519470388,0.0916790377951218,0.000320774513762778,-0.000118234136979645,-0.000542683882020611,-1.27092993214006e-05,-3.29150468694195e-05,-0.000910795575571832,-0.00219583412658153,2.58012551945797e-06,-2.3038723662161e-05,5.18799362376754e-05,0.00281163344905,-0.000454544685384306,3.76502734749096e-05,-0.000371363056100193,-7.42037839511767e-05,-0.00093208147152879,1.86713710874642e-05,1.04920334713654e-05,-3.29150468694195e-05,7.8256703526236e-06,3.76502734749096e-05,-0.000885066673620649,5.77960601146899e-05,0.000198683706923219,2.58012551945797e-06,-0.00423164720198432,-0.000314432883183002,-0.000158036043909959,-5.28403768926822e-05,-0.00360502774317428,-0.000915864228134389,-0.000713269713675579,-0.000911831673890084,5.18799362376754e-05,0.000103363663674472,-6.20356787965903e-05,0.000202395622361351,-0.00375287990475481,-0.000134448045061575,-3.29150468694195e-05,0.000304035339598663,-3.29150468685313e-05,-0.000651543880453964,-0.000289615224475348,-0.00534220719779732,-0.0013233143049689,-9.03308871258446e-05,-0.000101074350635777,-9.68501533629151e-05,-0.000211062369632309,2.58012551945797e-06,2.58012551945797e-06,-0.000384249893515154,-0.00186895575221513,-0.000292894305090385,9.05241956070668e-05,-5.73974227888741e-05,-0.00127851042714688,-1.89490078383869e-06,-9.68501533629151e-05,0.000331468967536885,-0.000103151079966501,-7.10600333535538e-05,0.000182235882686399,-0.000773423851291533,7.5256310442029e-05,2.14595992078515e-05,0.000132488416923593,-2.55490999716557e-05,-0.000815596184493117,7.52563104429171e-05,-0.000150259541212172,-6.4329526570539e-05,-0.000132502810146207,-0.000879200188615314,-3.29150468694195e-05,3.76502734749096e-05,-0.000704229080436214,2.14595992078515e-05,-0.000233377276909863,3.76502734749096e-05,-0.000909768631180974,3.00170962503898e-05,-0.000829637346254408,-0.00186895575221513,-0.000140152656142867,-0.00521418440195287,-6.65979225180635e-05,5.48214426769889e-05,-0.00164003370580978,0.0002366988385889,-0.00348529789792096,-6.20356787965903e-05,-0.000815474399217031,-0.000128544509021111,-2.80316410155024e-05,-0.0056718682792356,-3.53168015703176e-05,1.86713710874642e-05,-5.97159488071597e-05,-0.00285811507211076,-0.000111746285083925,7.00370578572418e-05,-2.3038723662161e-05,-0.000134448045061575,-0.000143850123945022,-0.00133650169411847,-6.20356787965903e-05,-7.10600333526656e-05,-0.000174233424593773,-0.00501205883519962,0.000243088558813831,-0.000134448045061575,0.000146352603714206,-0.000412154174107116,-0.00376455745732152,-0.000107235751261037,-2.55490999716557e-05,-0.00110081511224269,3.76502734749096e-05,-0.00157997371790497,-0.00102232268720037,9.68717390499307e-05,-0.00203703578763559,0.000232822865608107,-6.88412875469169e-05,-0.00121246023975718,-0.000870911561324128,-3.04868067004804e-05,2.58012551945797e-06,-0.001076636569187,0.000160613352226946,-0.000957416739822747,7.82567035351178e-06,-0.00214743334493761,-0.00122309076827865,-0.000930245801829876,-0.000984806472094313,4.60940729460901e-05,5.77960601146899e-05
"12:124524638:A:T",-1.671749148624e-05,-0.0091541594951261,-0.0076251901912654,-0.00322049563238558,-0.00189279981613399,-3.32469077681807e-05,-0.000166782012358979,-3.39604645693825e-05,0.000320774513762778,0.242902533292431,0.000186845268665969,-3.98585730776446e-05,-0.00182695800048727,6.22285626494801e-05,-0.0014183384862454,-0.000850620997312035,-8.29453419992632e-06,-0.00071188114096099,-0.00616122150188669,0.000320774513762778,0.000285093440338891,-8.00101911879736e-05,-0.00129092409770326,-0.00181985536878582,-0.00104884626257995,-5.77678256474812e-05,-0.0076251901912654,6.22285626494801e-05,-0.00470415667399937,-8.00101911879736e-05,-0.00223596605287479,-0.00140667995809274,-0.000999128528604842,-8.29453419992632e-06,-0.00354163949384567,0.000182757105626763,-0.0018245393831231,-7.47776220215712e-05,-9.82402723801457e-05,-0.00197804113594024,-0.00648417510108157,-0.00216516406723244,-0.00616122150188669,-0.00313494952830506,0.000109537301357321,-0.000476913807635704,-0.000364237485978691,-0.00326334489577818,6.22285626494801e-05,-0.000571654541255739,6.22285626494801e-05,-0.0112812261002113,-0.00215832973323593,0.000198459003793339,-0.00375156775433982,0.000111415560698269,-0.000245248296911527,-0.00215521150902287,-0.000116783440510915,-8.29453419992632e-06,-8.29453419992632e-06,-0.00140029451833623,0.00012701253189995,-0.000159220283493688,-0.000502139756117792,-0.00954037674287633,-0.00966429862555263,-0.00190855225439002,-0.00162582342071893,-0.00744822614130936,0.000192960424356237,0.00013864462641866,-0.000122896485686752,-0.00788547161076458,0.000200992340603001,-0.00105692598519713,-0.00141810141183907,3.84173909706576e-05,-0.000156835954645551,-0.000162572904497615,-0.000740615794779131,0.000116983540267235,0.000235078541477307,-0.00107439869281123,-0.00178170705514091,-8.00101911879736e-05,-0.00740394855086235,-6.68174176405856e-05,-0.00048305442519414,-8.00101911879736e-05,-0.000387080605988466,-1.42782352270387e-05,-0.00238032569862412,0.00012701253189995,0.000260323908984894,-0.00745298556612273,-0.00151952508896258,-0.00159842773424845,-0.00636074278914833,-0.000719793024046567,-0.000646485350073611,0.000109537301357321,-0.00190600327578316,-0.00699567003938295,-0.000620632102974028,-0.000668834758151604,6.99241997201838e-05,-5.77678256474812e-05,-0.000306867616843398,-0.00257149679559898,8.46963759437713e-05,-0.000447556939498384,3.02296168577243e-05,0.000241538139848174,0.000272375489693388,-0.00334610845646743,-0.00179696099652471,0.000138644626419548,-4.92368460216497e-05,-4.5290248649188e-05,-0.00315601364604357,0.000241538139848174,-8.53575689818697e-05,0.000254030283572959,-0.00872494312325944,0.000206136747228136,-0.00212742144419931,-0.000154230216442564,-8.00101911879736e-05,-0.00041793966247905,-0.000249541892949345,-0.00175369156991056,-0.00695525695513721,-0.00221511035850508,0.00013153467248106,6.54345622121966e-05,-8.47567265687132e-05,-0.00271878529788694,-8.29453419992632e-06,-0.000958570139416359,-0.00191318141363794,-0.00348681111993088,-2.52717972033523e-05,-0.000683545828685794,-0.00362294244530226,0.000120510889463965,-0.00692496796585385,-0.00148175900798009,-0.00140667995809274
"12:124525443:A:C",-0.00285858925681381,7.57012777707899e-05,7.13972590205003e-06,-0.000105828665133423,-6.00074440404441e-05,-1.77125293614466e-05,4.11050018627179e-05,-0.00190916240379391,-0.000118234136979645,0.000186845268665969,0.16729411044803,-0.000767533743300852,-7.07066957250646e-06,-2.11232897360247e-05,-0.000812687009468682,-0.00174623207016111,1.7598154480325e-06,-0.0027563957009189,3.32592323912806e-05,-0.000118234136979645,-0.000989704327590601,2.38522808642117e-05,-0.000564497187071744,-0.000453715352425554,-0.000526698651750479,-0.00181304911903091,7.13972590205003e-06,-2.11232897360247e-05,5.32945491737991e-06,2.38522808642117e-05,6.17837593974713e-06,3.71454733087972e-05,-0.00114170253576784,1.7598154480325e-06,-0.00127349216763406,-0.000792886951356486,0.000340927959753046,-0.00113533903088037,2.75632632220635e-05,2.43750660446906e-05,-0.00239742883235383,-0.0015965519698895,3.32592323912806e-05,6.50477650614434e-05,-0.0013345023019129,0.000121402776250612,-0.000392429786184589,-8.89387215279314e-05,-2.11232897360247e-05,0.000174725901847417,-0.0012547944744119,-0.00593125481445478,-0.000857707207794434,-0.00335457610079137,-0.00195022439910719,-5.83995481449051e-05,-0.00388800000363698,-6.31734914646742e-05,-0.00401480132845045,1.7598154480325e-06,1.7598154480325e-06,-0.00104199590832188,6.96586069173222e-05,-0.000905465964078367,5.68805298186703e-05,-0.000240460423944988,-0.0016470050127575,3.8501684951342e-07,-0.00124921595623473,-0.000267251182397565,-6.78018904327615e-05,-4.64030639699686e-05,0.000110752387020518,-0.00633510092758094,4.70759150941191e-05,-0.00179747149772247,-0.00174628566769019,-0.00156946302264682,-0.000206648429354139,-0.000306173785997288,-0.00600748441139132,-4.15760807985777e-05,-8.74737137213089e-05,-0.00156577985895634,-2.11232897360247e-05,2.38522808642117e-05,-0.00210928368603636,-0.00179747149772247,-0.00234941045290071,2.38522808642117e-05,-0.00340189982452532,-8.810099740586e-05,-0.000881415883566383,6.96586069173222e-05,-0.000872766270141767,-0.00255138993135251,-4.32010628337309e-05,-0.00214689062197593,-0.000221515116821447,0.000139954246187735,-0.00722535659933854,-3.99348015234224e-05,-0.00147871419128176,-8.44965592632363e-05,-0.000149402564977308,-0.00156104074115593,-2.28041241623345e-05,-0.00239270598899655,-3.82769874738287e-05,4.90020235206501e-05,-0.0057403432123424,-7.46342907227415e-05,-0.00354701623053355,-8.89387215279314e-05,0.000152522794540033,-0.000715124832451508,-3.99348015234224e-05,-4.64030639690804e-05,-0.000116917873055122,-0.00238935285089603,-0.00323541270191052,-8.89387215279314e-05,-0.00212910792224008,-0.00644696786915588,3.51933084221656e-05,0.000169615279857815,-1.59821454994713e-05,-0.00177990659383287,2.38522808642117e-05,-0.00395251065244651,-0.00193357050415521,-0.00196197118564267,-0.00227999888809949,0.000137764336768598,-0.000759442177241887,-0.00192354593241806,-0.00699925856819217,-0.00350615854989389,1.7598154480325e-06,-1.04877537916437e-05,9.78168369352161e-05,-0.00717343424466144,-0.00347225795523176,-0.00227177532445832,-0.00168920816154827,-0.000515010161288743,-0.00089165280931347,2.94444340207534e-05,-0.00215859212356673
"12:124526036:G:A",9.78581623911623e-06,-0.00236378532414161,-0.00136837667529743,-0.00141415640697495,-0.00231492440424486,-9.295671054943e-05,-0.00221894507798126,1.97946632303214e-05,-0.000542683882020611,-3.98585730776446e-05,-0.000767533743300852,0.190238208825656,2.04947614879103e-06,-0.000101677159261904,-0.000150988847830824,-0.0003250985133878,4.86549788547563e-06,-8.40356311444523e-05,-0.00149428286367748,-0.000542683882020611,-0.000627384279375143,0.000109624979037548,-0.0031130772948158,-0.000611162120030428,0.000299277646847784,3.52430882832877e-05,-0.00136837667529743,-0.000101677159261904,1.47618869714705e-05,0.000109624979037548,-0.00108156651608482,-0.00135520506103948,-0.00372250871011737,4.86549788547563e-06,-0.00200966015197324,-0.00134213046838827,-0.000889903083381327,-0.0123230098018672,0.000120654981807355,-0.000587756828876351,-0.00271380808645016,-0.000425638761666569,-0.00149428286367748,-0.000219841589194303,-0.000198715221797485,-0.000273964591010589,-0.00509336062290311,-0.00101426824876505,-0.000101677159261904,-0.00549692017249637,-0.000101677159261904,-0.00298328581147134,-0.000901468376371284,-0.0123277149972898,-0.00130065040000904,-6.71796519728929e-05,-0.00145731694055762,-0.00182463652668474,-3.77542576464052e-05,4.86549788547563e-06,4.86549788547563e-06,-0.00105740074966132,0.000327079431820643,-0.00168554650484865,0.000249829629318299,-0.00241671362318119,-0.00487039815496715,-8.35076509924093e-05,-0.00126973257594187,-0.00420780640632223,-0.00031712506789372,-0.000213718962300824,-0.00205415333315528,-0.000272584939178699,0.000218656494969771,-0.000272777133158542,-0.000601017354690647,-8.85216800643462e-05,-0.000412633522320682,0.000218656494970659,-0.000515296326721426,-0.00020253023858352,-0.00175550799577007,-0.00348165225375663,-0.000101677159261904,0.000109624979037548,-0.00133712840563582,-0.00121705797054172,-0.00077405739388503,0.000109624979037548,-0.00356607746879778,-0.00119883587145431,-0.00329377822057353,0.000327079431820643,-0.000429840745854726,-0.00511780843544152,-0.000206302050433038,-0.000561770627877323,-0.00646884368136424,0.000674189026717009,0.000405119944763221,-3.41533323577892e-05,-6.42643188220049e-05,-1.08812278263315e-05,-9.295671054943e-05,-0.000600302259706531,-0.000105964250859181,-0.000622361369696733,-0.00395706648497196,0.000224751410235591,-0.000138190909466651,-0.00121829699360987,-8.40356311444523e-05,-0.00161897903421071,-0.000434714190769903,0.000143478270364206,0.000166138992031328,-0.000213718962300824,0.00170172494483367,-0.00163631930414532,-0.00249851641548204,-0.00161897903421071,-0.00233604996495007,-0.000988122891813603,0.000143478270364206,-0.00032329259548991,-8.85216800643462e-05,-0.00060468875334152,0.000109624979037548,-0.00516567363821352,-0.0106288568739243,-0.00143699912215656,-0.0102123212315801,-0.0030152647434516,-0.000210031387176457,-0.000149640150174157,-0.00271884952838874,-9.73415882308259e-05,4.86549788547563e-06,-0.000252093168901624,0.000457001708975113,-0.000341073911926948,1.47618869714705e-05,-0.00551018096786304,-0.00491445521090839,-3.74937791542962e-05,-0.000333212011861761,0.000126263771325519,-0.00135520506103948
"12:124526721:G:A",2.77816030624933e-07,-0.00130615487172392,5.49486128598176e-07,-6.18556576519325e-05,-5.3429155562057e-06,-0.00280936569458223,2.42283365547991e-06,5.49486128598176e-07,-1.27092993214006e-05,-0.00182695800048727,-7.07066957250646e-06,2.04947614879103e-06,0.171005132460973,-1.66318725103309e-06,-0.00090918486847702,-0.000501825435437198,1.39636072482574e-07,-1.01808925379032e-06,2.05297221622658e-06,-1.27092993214006e-05,-0.00481033936783426,1.53015108850241e-06,-0.000601783485065788,-3.75128559682025e-06,-8.79550537611351e-05,9.43975651424012e-07,5.49486128598176e-07,-1.66318725103309e-06,4.14460297193386e-07,1.53015108850241e-06,-0.00228209590423667,2.24383360603042e-06,2.63769044828166e-06,1.39636072482574e-07,-2.84470982867546e-05,-0.00467669351736433,-1.04979606252442e-05,-0.000388644433519048,1.74655340856589e-06,-0.000465227015187253,-0.00208823676581549,-1.01808925379032e-06,2.05297221622658e-06,-0.00559903292591546,-3.33838332267078e-06,2.5440341691052e-06,-0.000637726474417732,-8.77763097850703e-06,-1.66318725103309e-06,-1.65242272753829e-06,-1.66318725014492e-06,-0.000980142218340418,-2.56162108982494e-05,-0.00322642462199241,-0.00177188700468545,-5.14387006056438e-06,-6.13767266255394e-06,-5.74065339087326e-06,-0.00363819874242033,1.39636071594396e-07,1.39636072482574e-07,-6.13767266255394e-06,3.17529086490964e-06,-2.06865263665534e-05,2.92345498653646e-06,-2.67106193758693e-05,-0.00166797118396378,2.16231632599317e-07,-0.00322990362944164,-0.0123111984011137,-6.3358266402247e-06,-4.06803792163402e-06,-0.00340978698869954,-0.000134112895286087,2.5914021897222e-06,-0.00214105710457257,-0.00798492892546676,-0.00261043487722645,-9.81468545546704e-06,2.59140218883402e-06,-0.0016456881720659,-3.52039672613103e-06,-8.56637482016254e-06,-1.81612113792085e-07,-1.66318725103309e-06,1.53015108850241e-06,-0.00108952576897048,-0.00451974929479526,-0.00152982823858583,1.53015108850241e-06,-0.00217423473250378,-0.00204634852143659,-3.93831981426729e-06,3.17529086490964e-06,-9.40726983067464e-06,-0.00221489347741155,-3.70270795357897e-06,-0.00621727444598807,-0.00335906113109674,-0.00100305309490967,-0.00243480337802016,-3.33838332267078e-06,-0.00169149672041691,-8.14192504350331e-06,-1.3387950446031e-06,1.33299568005896e-06,-1.82660711889326e-06,-0.00480819824485934,-3.15671688078112e-06,2.66452802843986e-06,-0.0016965812985692,-0.00218061874277886,-0.00249495128475541,-8.77763097850703e-06,-9.82340025057482e-06,-0.0019320406036254,-3.33838332267078e-06,-4.06803792074584e-06,-0.00121064435882978,-0.00383263967372294,-0.00254908849492708,-0.00184415101371016,-0.00375832089213546,-0.000233172843917551,-0.0019320406036254,-6.73126537620305e-06,-0.00151868159737489,-0.00202051386487856,1.53015108850241e-06,-0.00359566322202998,-0.000371797451045097,3.03084530539621e-06,-0.00576127717432362,-0.00312599667732538,-3.88527000438899e-06,-0.00221484880880762,-1.23705486654302e-05,-1.50056272207877e-06,1.39636072482574e-07,-0.00442810430652685,-0.00381134684320372,-4.68060690916872e-06,4.14460298081565e-07,-0.00599715016570634,-0.00169632250642682,-0.00529041577675837,-0.000347742272048812,1.85122446705321e-06,2.24383360603042e-06
"12:124527881:C:T",1.12371728366867e-06,2.32822276018396e-05,2.27137522479381e-06,-9.10721049676155e-05,-1.68180845836474e-05,-5.02408655478348e-06,1.27064996986448e-05,2.27137522479381e-06,-3.29150468694195e-05,6.22285626494801e-05,-2.11232897360247e-05,-0.000101677159261904,-1.66318725103309e-06,0.0649021226249893,-0.0054761346305563,5.8956665013099e-05,5.58912898185326e-07,-3.92797764359187e-06,1.0156538506223e-05,-3.29150468694195e-05,-0.00452279995793781,7.11818869802983e-06,-7.01819918882407e-05,-1.26566734772737e-05,0.000276972273063336,4.03944277937995e-06,2.27137522479381e-06,0.000367100882473714,1.69450634412982e-06,7.11818869802983e-06,2.55031839913045e-06,1.14177683450123e-05,3.75109184886924e-05,5.58912898185326e-07,6.44071958255665e-06,-0.00442449592499372,-2.86308857520012e-05,-0.00146738371182753,8.31437497694765e-06,7.02635136056173e-05,-0.00142591268857029,-3.92797764359187e-06,1.0156538506223e-05,2.01287401644379e-05,-1.13305771956007e-05,3.82692600524592e-05,-0.0011786815162802,-0.000925364713552312,-6.0970229984747e-06,5.68952018840108e-05,-6.09702299758652e-06,-0.000130587271875093,-5.4357941226435e-05,-0.00121493222355529,2.29509249436433e-05,-1.63182227845837e-05,-1.87632592947296e-05,-1.78013482550199e-05,-3.94061252233513e-05,5.58912898185326e-07,-0.00145262123686507,-1.87632592947296e-05,2.12635944105699e-05,-4.68260636061757e-05,1.74265591850187e-05,-0.00149597112596211,4.80290510553871e-05,7.03799841517139e-07,-1.78013482550199e-05,-0.00139104816183622,-1.92364231388353e-05,-1.33470886165554e-05,3.48679866224444e-05,1.38734631205395e-05,1.42063080241783e-05,4.64162350954922e-06,2.5365393867105e-05,-0.00141308640571136,-0.00124272148644433,1.42063080241783e-05,-2.67738171002563e-05,-1.18428504709556e-05,-2.44422457136295e-05,-1.05905642655557e-06,-6.0970229984747e-06,7.11818869802983e-06,-0.0017775787182055,4.64162350954922e-06,-4.24915112562374e-05,7.11818869802983e-06,-0.0014927135069005,6.48812155379375e-06,6.29911669678407e-05,2.12635944105699e-05,-2.62252455289769e-05,-8.83766470778369e-05,-1.23496354875741e-05,1.07837707066238e-05,-0.00154546985796156,4.45737953045366e-05,2.89893015175124e-05,-1.13305771956007e-05,-1.47846001974372e-05,-2.35206475718286e-05,-5.02408655478348e-06,4.54687435320622e-05,-6.62502903825413e-06,4.03944277937995e-06,-1.08127263507285e-05,1.48369395649439e-05,-0.00563281412913597,1.40236360053336e-05,-0.00144141984950341,-2.48953956196729e-05,-0.00165553467311863,1.07837707066238e-05,-1.13305771956007e-05,-1.33470886165554e-05,-3.25080193217531e-05,-0.00105697906479385,-0.00521073806986827,-2.48953956196729e-05,2.82487500067319e-05,-0.0010765773044108,1.07837707066238e-05,-2.01675825648451e-05,-4.47897512501072e-06,-5.88533714740436e-06,-0.00326516996936554,2.60746564020309e-05,-0.00194242570841929,1.87631291055368e-05,-0.00184899074754608,4.37887024906658e-05,-0.00387117433117101,1.03711404149109e-05,-0.00147768057867292,-5.56340535684541e-06,5.58912898185326e-07,1.31112156536162e-05,3.04134415651802e-05,-0.00147989722879682,1.694506345018e-06,-0.00306087217064732,4.97839689606039e-05,-1.42617242602228e-05,1.58996396528721e-05,8.92194438861793e-06,1.14177683450123e-05
"12:124532601:C:G",2.30861647576575e-06,-0.00127550554944644,-0.00148984622197101,3.01062416090403e-05,-1.70949710538437e-05,-0.00198316206896276,-0.00616437124390057,-0.00225627323472377,-0.000910795575571832,-0.0014183384862454,-0.000812687009468682,-0.000150988847830824,-0.00090918486847702,-0.0054761346305563,0.359266863525793,-0.00171580518291936,1.15443214010469e-06,-0.00377270855569467,-0.00190306680635111,-0.000910795575571832,-0.000970886955513173,1.40664710190919e-05,-0.00180387514325187,-0.0010089566043332,-0.000728327014688723,-0.0021580441416349,-0.00148984622197101,-0.0054761346305563,-0.00520550646222429,1.40664710190919e-05,-0.00228864172793575,-0.00193313271382678,-0.008861436010692,1.15443214010469e-06,-0.000463775244352149,-0.000995766036695489,-0.00184969307943028,-8.70878502734485e-06,-0.00175506887759092,-0.00177897934243587,-0.00167425101493102,-9.12727681523506e-06,-0.00190306680635111,-0.000362041887266074,-0.0029689528497201,-0.00892802207859855,-0.00143195474672098,-0.00415690061343454,-0.0054761346305563,3.72620725039852e-05,-1.4098925104733e-05,-0.00717940354174118,-0.00185660748688665,-0.00603397177205478,-9.898365304295e-06,-0.00152825613224827,-4.91599177916413e-05,-0.00305877856232062,-0.00339766167344013,1.15443213921651e-06,-0.00399312466429969,-4.91599177916413e-05,3.44930943416699e-05,-0.000897023959149479,-7.40348914156641e-05,-0.00167950803339645,-0.00161982580817899,-0.00210255469169773,-0.000520783208810549,-0.00194808878738106,-5.04878963836219e-05,-3.30263066841141e-05,-0.00407419782119245,-0.00147378283636268,2.55815123892944e-05,-0.00214176079651729,-0.00870471984485111,-0.00263083610638049,-0.000301917567120391,2.55815123884062e-05,-0.000325612413985432,-0.00673152892814866,-0.00273607871418413,-0.00646864978173944,-0.0054761346305563,1.40664710190919e-05,-0.0151882122682503,-0.00149560808986582,-0.000183497374424135,1.40664710190919e-05,-0.0105265412734541,-1.01735020647808e-05,-0.000771170070282601,0.000639047505978318,-0.0121371765072613,-0.00879856324406392,-0.00120008794080917,-0.00635574643187464,-0.0108862808345207,-0.00212897698209602,-0.000915097914159446,-0.00679199181932066,-0.00603232845493373,-0.00210757913293236,-0.00165808265907508,-0.00254933530431245,-1.53346353490846e-05,-0.00788849693759897,-0.00152456063947692,-0.000325763450145011,-0.00144522454835183,-0.000613812286803572,-4.94980606084994e-05,-0.00124543491169238,4.00662238213556e-05,-0.00192071649243619,-0.00145904116968776,-3.30263066841141e-05,-0.00101317308686344,-0.00338192661191528,-0.0109371535340594,-0.000361799677178531,-0.000269684126204872,-0.0031342264011136,-0.000849766902420335,-5.31194582293892e-05,-0.000251612713137561,-0.00463316564988503,-0.00010846506838913,-0.00020064584274504,-0.000389441361455134,-0.00174780205665925,-0.00986978110481918,4.48518059368297e-05,-0.00244866630001006,-0.00394328214168471,-0.0109925934701485,-0.000217909288151574,-0.00399312466429969,-0.000184100452904623,-8.95120257222715e-05,-0.00537906552284539,-0.000127773142934551,-0.00361908453542004,-0.00116742990997043,-0.00174248876674188,-0.0052392591169621,-0.00165468269408109,-0.00193313271382678
"12:124533623:C:A",-0.00216966671012564,-0.000272295405990164,-3.20166253775511e-05,-7.26259512751071e-06,0.000107360615269059,4.43502692597519e-05,-0.00175466293615134,-2.02790303251987e-05,-0.00219583412658153,-0.000850620997312035,-0.00174623207016111,-0.0003250985133878,-0.000501825435437198,5.8956665013099e-05,-0.00171580518291936,0.320190664230346,-0.00413899799345252,2.92168066398091e-05,-0.00012133382627777,-0.00219583412658153,-0.00372531288730116,-7.65166306333498e-05,-0.00108112857590115,-0.00120270774940057,0.000255316878599032,-0.0049864714897101,-3.20166253775511e-05,5.8956665013099e-05,-0.00199442389694049,-7.65166306333498e-05,-6.34558656438244e-05,-0.00115113805750244,-0.00109215672280882,-0.00413899799345252,-0.000477904254073458,-0.00516782304036667,7.48049181868993e-05,-0.00450196635467748,-9.39657640079972e-05,-0.000422885132754569,-0.00225680593919453,-0.0044368938064272,-0.00012133382627777,-0.000906195256080267,-0.00622766324089952,-0.00124024759641195,-0.00194661542938279,-0.00263990651061619,5.8956665013099e-05,-0.00589795047769748,5.8956665013099e-05,-0.00441926228748102,-0.00411377484956787,-0.0107562846341289,-0.000315174123505457,-0.000356226886863098,-0.00128470464926167,-0.00150895666862638,-0.00292736571501351,-7.79438600773119e-06,-7.79438600773119e-06,-0.00300025954387451,-0.000240186883496918,-0.0110306506571982,-0.000285152211914053,-0.00667540231700459,0.000803905983477016,-4.28455812020445e-05,-0.00952625881238944,-0.00189663282008024,-0.00108995496208308,-0.000119890862707805,-0.00340549556290259,-0.00236677324362322,-0.000156555795001623,-0.00381145672186278,-0.00151166243503109,-0.00221126978451824,-0.00057670682498312,0.000103509592666917,-2.33747105324866e-05,-0.000408752587254035,-0.0013864139166655,-6.22881849254853e-05,5.8956665013099e-05,-7.65166306333498e-05,-0.00237858805794167,-0.0062210823704687,1.00807610969866e-05,-7.65166306333498e-05,-0.000152030239549461,-0.00160837941073044,-0.00656549858561206,-0.000240186883496918,-6.71297665180148e-05,-0.0119441448029334,-0.00140008842199002,-0.000130791673121244,-0.00614491682428175,-0.00490730026750619,-0.000425559367911887,-3.01994605873546e-05,8.7145836636715e-05,-0.0029696563463748,-0.00588613327311371,-0.00387603001222825,-0.000193156402259476,-5.75744560276092e-05,-0.00175079486654806,-0.000166108414238586,-0.00284052856477768,-0.0104941123409859,-0.0021027734533865,-0.00171144229955278,0.000252185786657755,-0.00565882763687675,0.000103635155845438,-0.000119890862706917,-0.00219278147110824,-0.00501032681547287,-0.00435118723817984,-0.000693748476471079,-0.000388049936494106,-0.00611280271028924,-0.000225732109546684,-4.85547855646473e-05,-0.000986353324003986,-0.000254597706507376,-7.65166306333498e-05,-0.00491155205983418,-0.0036032716031853,-0.00605126681175872,-0.0116930800049562,-0.00445791879278268,0.000123695947496394,-0.00245602958967517,-0.00368520199691424,-0.00186043736365171,-7.79438600773119e-06,-0.00560310232088224,-0.000362689640269309,6.75178043847424e-05,-0.00371137947940348,-0.00200183581886115,-0.000494409514574023,-0.00557975390636223,-0.00708539794071417,-0.00358390115818974,-0.00533045366124529
"12:124535866:A:G",-0.00445444466712086,-2.5251342048449e-06,-2.26514956125357e-07,4.74714504328233e-06,1.4427916168458e-06,4.59453442402946e-07,-1.31755372922981e-06,-2.26514956125357e-07,2.58012551945797e-06,-8.29453419992632e-06,1.7598154480325e-06,4.86549788547563e-06,1.39636072482574e-07,5.58912898185326e-07,1.15443214010469e-06,-0.00413899799345252,0.10927288317499,3.56530902578811e-07,-1.03411766527728e-06,2.58012551945797e-06,4.45920559499768e-06,-0.0018076542485721,4.29903642462648e-06,1.09432597916737e-06,4.76107482860755e-06,-4.06885465764617e-07,-2.26514956125357e-07,5.58912898185326e-07,-1.68433871294837e-07,-0.0018076542485721,-6.73611096857485e-06,-1.17335314442357e-06,-4.37450962387231e-06,4.89448392837488e-06,-6.83948611523988e-07,4.85197936406223e-06,2.28822675740759e-06,-0.00391952690832831,-8.34084366907462e-07,-9.79346074725385e-06,4.10750402313198e-06,3.56530902578811e-07,-1.03411766527728e-06,-2.16094949045953e-06,1.00456487217571e-06,-4.48247023321358e-06,-7.93873065862982e-06,2.04477934051539e-06,5.58912898185326e-07,-7.29980839775379e-06,-0.00714111995896349,-4.39574464827786e-06,3.7135118873266e-06,-9.8828377081972e-06,-0.00440347756610571,1.40191756425878e-06,1.59931555643311e-06,1.5224157179361e-06,2.96477193284517e-06,-0.00567637181680247,-5.51981402807655e-08,1.59931555643311e-06,-2.27612733194604e-06,3.36092648645092e-06,-1.83806574138856e-06,-0.00395099109743757,-5.93989531161299e-06,-9.31935719705734e-08,1.5224157179361e-06,-0.00385911900562252,-0.00305404704196111,-0.00203341209559671,-4.02692289380724e-06,-1.58262492089278e-06,-1.46471590767305e-06,-4.69131523850308e-07,-2.78734667258362e-06,-0.00429983285817048,2.18983730615463e-06,-0.00179985167444485,-0.00364199092726825,1.0489250472645e-06,2.01133441724011e-06,5.42672564662894e-08,5.58912898185326e-07,-0.0018076542485721,-0.00359560583952145,-4.69131523850308e-07,-0.0035177703142697,-0.0018076542485721,-0.00386886861565827,-6.62594183964416e-07,-8.34600309307376e-06,-2.27612733194604e-06,2.14169470691417e-06,4.68923651020248e-06,1.09253053892644e-06,-1.10312916312694e-06,-0.00409852375986652,-5.38560156293499e-06,-3.25633542619386e-06,1.00456487217571e-06,1.27484176726256e-06,1.94265341590949e-06,4.59453442402946e-07,-5.54520817264148e-06,-0.00204121466972396,-4.06885465764617e-07,9.59432490788004e-07,-1.53685808168547e-06,1.64183711337529e-06,-1.46695842140332e-06,-0.0041845756392771,2.04477934051539e-06,2.20358354852124e-06,-1.10312916312694e-06,1.00456487217571e-06,-0.00203341209559582,2.55320306141726e-06,-0.00141809298536621,-0.00345225748767408,2.04477934051539e-06,-3.15916144622008e-06,4.52360112035421e-06,-0.00435214690903063,-0.00202558760407001,4.084350075928e-07,5.15332678752145e-07,-7.06302828668015e-07,-2.87784735242269e-06,-1.28712873879167e-05,-1.99667072120491e-06,-0.00346553993035759,-5.26756304708442e-06,1.1353983699891e-06,-1.08230659279229e-06,-0.00388129444424923,5.09606246090755e-07,-5.51981402807655e-08,-1.38910854374785e-06,-3.42135302666691e-06,-0.00396306209723551,-0.00370147213857308,-1.23457647287495e-05,-6.21559539126793e-06,1.23093845072475e-06,-1.74172941314055e-06,-8.99621857897159e-07,-1.17335314442357e-06
"12:124538758:G:T",7.15449544053115e-07,1.35163238939029e-05,1.44049686667813e-06,-7.35845907877675e-05,-1.11980251826793e-05,-0.00171554331677104,7.71391961684742e-06,1.44049686667813e-06,-2.3038723662161e-05,-0.00071188114096099,-0.0027563957009189,-8.40356311444523e-05,-1.01808925379032e-06,-3.92797764359187e-06,-0.00377270855569467,2.92168066398091e-05,3.56530902578811e-07,0.099232050001774,6.21467394079644e-06,-2.3038723662161e-05,-4.75140460522994e-05,4.38989509099486e-06,-5.41198898762474e-05,-0.00259668520950296,-7.42953301706706e-05,2.54625698659083e-06,1.44049686667813e-06,-3.92797764359187e-06,1.07676773186682e-06,4.38989509099486e-06,1.66932184963997e-06,6.95991327770429e-06,-0.00402436220719071,3.56530902578811e-07,4.08183085287561e-06,-0.00126765523656491,-0.00277067329796665,-3.68173861531318e-06,5.11324833674109e-06,-0.00448697043189927,-0.00412940598382683,-0.00269631352422461,6.21467394079644e-06,1.18584803363575e-05,-7.41690773242709e-06,2.08503728265086e-05,-0.000376300834397547,-0.0012659295055677,-3.92797764359187e-06,-0.000533106037557296,-3.92797764270369e-06,-0.00289978944472313,-4.03131404098644e-05,-0.000529798009348603,1.33834919120446e-05,-1.08430990959363e-05,-1.25886104234141e-05,-1.18990821107445e-05,-2.80836455557321e-05,3.56530902578811e-07,3.56530902578811e-07,-1.25886104234141e-05,1.24331999629135e-05,-3.40511706671265e-05,1.03628364582775e-05,-0.00383272736714257,2.50530785619318e-05,5.01044743472789e-07,-1.18990821107445e-05,-0.0020638610635082,-1.29291249972852e-05,-8.8125857438115e-06,1.93052728754139e-05,-0.00238813260657,8.53578565429558e-06,-0.00201287914830051,-0.00270462932643145,-2.85644279873765e-06,-0.00158271252746811,8.53578565429558e-06,-0.00273537310910221,-7.76990024942137e-06,-1.66758066191264e-05,-0.00176523710638055,-3.92797764359187e-06,4.38989509099486e-06,-0.000732927886242685,2.91973441335358e-06,-0.00290665534421297,4.38989509099486e-06,-0.0018461623933641,4.05496186051124e-06,-0.00327411121909282,1.24331999629135e-05,-1.80045872815171e-05,-0.00158444984563832,-8.12016132645255e-06,-0.00228238460439112,-5.02027914963676e-05,-0.00402954137562528,-4.80757676681876e-05,-7.41690773242709e-06,-9.76036892996746e-06,-1.5993739387099e-05,-3.21620847199e-06,-0.0041107705915584,-4.28001780239384e-06,-0.00202687832057968,-7.06115959747677e-06,8.89737239795352e-06,-0.00204346534357835,8.47667797554408e-06,-2.4940656082606e-06,-1.70123699323455e-05,-1.86518379647893e-05,6.58619741944477e-06,-0.00150659868976,-8.81258574292332e-06,-2.27236364533923e-05,-0.000197461392615672,-0.000405208535553037,-1.70123699323455e-05,1.60971287597178e-05,-0.00026838978011412,6.58619741944477e-06,-1.36018004450733e-05,-2.85644279873765e-06,-3.73144670540171e-06,4.38989509099486e-06,1.49822117956333e-05,3.61804401727284e-05,1.11069283414977e-05,-0.0051286922527165,2.3255441576886e-05,-8.46771511575639e-06,6.39257998269471e-06,-5.14544017793384e-06,-3.57338067225044e-06,3.56530902578811e-07,-0.00188882006916558,-0.00374046269593453,-0.00177651938852375,1.07676773364318e-06,3.57442132612462e-05,2.57543102106794e-05,-9.39337358207837e-06,-0.00340087415460477,5.47820117802189e-06,6.95991327770429e-06
"12:124539656:G:C",-2.08204868901163e-06,-0.00128008655296696,-4.22045053483089e-06,-0.00848755955375324,2.70220775657748e-05,8.21200237233199e-06,-2.31522224325431e-05,-4.22045053483089e-06,5.18799362376754e-05,-0.00616122150188669,3.32592323912806e-05,-0.00149428286367748,2.05297221622658e-06,1.0156538506223e-05,-0.00190306680635111,-0.00012133382627777,-1.03411766527728e-06,6.21467394079644e-06,0.134946395150289,5.18799362376754e-05,-0.00221785333060254,-1.23904191751123e-05,0.000102252622281362,1.9673262410258e-05,-0.000959794292614724,-0.00178659814662385,-4.22045053483089e-06,1.0156538506223e-05,-3.14406621626517e-06,-1.23904191751123e-05,-0.000272968713582955,-2.06441426575665e-05,-7.02319668217655e-05,-1.03411766527728e-06,-0.00436721108508653,-0.00231197806177885,4.47260866849319e-05,-0.00184171446109005,-1.46692046607555e-05,-0.00290896021083498,-0.00175227998686633,-0.0021095323216791,0.000278555526387336,-3.68636514380682e-05,1.8486480030333e-05,-7.18652968023648e-05,-0.00784729028715603,3.97238177995973e-05,1.0156538506223e-05,-0.000111072910337739,1.01565385071112e-05,0.000122153104893385,8.17755652882113e-05,-0.0029099960304606,-0.00169415378048132,2.61475800016342e-05,3.04039355851771e-05,2.87357713295577e-05,-0.00154498204157427,-1.03411766527728e-06,-1.03411766527728e-06,-0.00316434264245036,-3.82140834513933e-05,7.15550996739367e-05,-3.14663334792797e-05,-0.013149357808973,-9.34287395617517e-05,-2.34710300794916e-06,2.87357713295577e-05,-0.0144221067812378,3.12214990252357e-05,2.20522446721105e-05,-6.54759390892323e-05,-0.0018424940281303,-2.51265429946912e-05,-0.00260136101901853,-4.6537859406115e-05,7.22006821263221e-06,-0.00212142728891251,-2.51265429946912e-05,4.15745331645567e-05,1.93957690077795e-05,3.89538802263445e-05,-0.00517756630568034,1.0156538506223e-05,-1.23904191751123e-05,-0.0020332472797584,-8.67552465599886e-06,6.45763015061362e-05,-1.23904191751123e-05,-0.00536647365627196,-1.21825660377439e-05,-0.00394549483767648,-3.82140834513933e-05,4.19729134923941e-05,-0.0017352536882056,2.02930042840777e-05,-1.94160957667222e-05,-7.87012796799047e-06,-8.47754605315387e-05,-0.00142377106878477,1.8486480030333e-05,2.34505635079429e-05,3.73824184443095e-05,8.21200237233199e-06,-8.76731970667066e-05,1.1109647894969e-05,-7.53871917336113e-06,1.75648969786835e-05,-2.63602453181022e-05,3.06424381566472e-05,-2.57320411769513e-05,6.21467394079644e-06,3.97238177995973e-05,4.34236562938395e-05,-0.0013202889749877,1.8486480030333e-05,2.20522446729987e-05,5.12071994922536e-05,8.37680737530988e-05,5.97257342143109e-05,3.97238177995973e-05,-5.24891354531931e-05,-0.000952496305278494,-1.94160957667222e-05,3.28246490211015e-05,7.22006821263221e-06,8.67443983576521e-06,-1.23904191751123e-05,-0.00129990006458147,-0.000227784224263949,-3.41270890977796e-05,-0.00383575783537538,-8.30409303915758e-05,2.11784200843113e-05,-0.00275773009383951,-0.00403695315493113,9.19074014404941e-06,-1.03411766527728e-06,-0.00165048112851984,-5.60722090066079e-05,2.30772894056486e-05,-3.14406621537699e-06,-0.000671454058591259,-0.000156612404035528,-0.00768954245296616,-5.20260947389772e-05,-1.58317910168293e-05,-2.06441426575665e-05
"12:124539815:C:G",5.18852672204417e-06,0.000122490115131768,1.04920334713654e-05,-0.00534637272511329,-9.25289318578493e-05,-0.000843072863027317,6.38468856850594e-05,-0.00412552519470388,0.00281163344905,0.000320774513762778,-0.000118234136979645,-0.000542683882020611,-1.27092993214006e-05,-3.29150468694195e-05,-0.000910795575571832,-0.00219583412658153,2.58012551945797e-06,-2.3038723662161e-05,5.18799362376754e-05,0.0916790377951218,-0.000454544685384306,3.76502734749096e-05,-0.000371363056100193,-7.42037839511767e-05,-0.00093208147152879,1.86713710874642e-05,1.04920334713654e-05,-3.29150468694195e-05,7.8256703526236e-06,3.76502734749096e-05,-0.000885066673620649,5.77960601146899e-05,0.000198683706923219,2.58012551945797e-06,-0.00423164720198432,-0.000314432883183002,-0.000158036043909959,-5.28403768926822e-05,-0.00360502774317428,-0.000915864228134389,-0.000713269713675579,-0.000911831673890084,5.18799362376754e-05,0.000103363663674472,-6.20356787965903e-05,0.000202395622361351,-0.00375287990475481,-0.000134448045061575,-3.29150468694195e-05,0.000304035339598663,-3.29150468685313e-05,-0.000651543880453964,-0.000289615224475348,-0.00534220719779732,-0.0013233143049689,-9.03308871258446e-05,-0.000101074350635777,-9.68501533629151e-05,-0.000211062369632309,2.58012551945797e-06,2.58012551945797e-06,-0.000384249893515154,-0.00186895575221513,-0.000292894305090385,9.05241956070668e-05,-5.73974227888741e-05,-0.00127851042714688,-1.89490078383869e-06,-9.68501533629151e-05,0.000331468967536885,-0.000103151079966501,-7.10600333535538e-05,0.000182235882686399,-0.000773423851291533,7.5256310442029e-05,2.14595992078515e-05,0.000132488416923593,-2.55490999716557e-05,-0.000815596184493117,7.52563104429171e-05,-0.000150259541212172,-6.4329526570539e-05,-0.000132502810146207,-0.000879200188615314,-3.29150468694195e-05,3.76502734749096e-05,-0.000704229080436214,2.14595992078515e-05,-0.000233377276909863,3.76502734749096e-05,-0.000909768631180974,3.00170962503898e-05,-0.000829637346254408,-0.00186895575221513,-0.000140152656142867,-0.00521418440195287,-6.65979225180635e-05,5.48214426769889e-05,-0.00164003370580978,0.0002366988385889,-0.00348529789792096,-6.20356787965903e-05,-0.000815474399217031,-0.000128544509021111,-2.80316410155024e-05,-0.0056718682792356,-3.53168015703176e-05,1.86713710874642e-05,-5.97159488071597e-05,-0.00285811507211076,-0.000111746285083925,7.00370578572418e-05,-2.3038723662161e-05,-0.000134448045061575,-0.000143850123945022,-0.00133650169411847,-6.20356787965903e-05,-7.10600333526656e-05,-0.000174233424593773,-0.00501205883519962,0.000243088558813831,-0.000134448045061575,0.000146352603714206,-0.000412154174107116,-0.00376455745732152,-0.000107235751261037,-2.55490999716557e-05,-0.00110081511224269,3.76502734749096e-05,-0.00157997371790497,-0.00102232268720037,9.68717390499307e-05,-0.00203703578763559,0.000232822865608107,-6.88412875469169e-05,-0.00121246023975718,-0.000870911561324128,-3.04868067004804e-05,2.58012551945797e-06,-0.001076636569187,0.000160613352226946,-0.000957416739822747,7.82567035351178e-06,-0.00214743334493761,-0.00122309076827865,-0.000930245801829876,-0.000984806472094313,4.60940729460901e-05,5.77960601146899e-05
"12:124540193:A:G",-0.00191944618857498,0.000468725231164591,-0.00386844233606798,-0.00172808388618595,-0.00346694818230464,-0.00138375444136329,-1.86063423868177e-06,-7.23882866440206e-05,-0.000454544685384306,0.000285093440338891,-0.000989704327590601,-0.000627384279375143,-0.00481033936783426,-0.00452279995793781,-0.000970886955513173,-0.00372531288730116,4.45920559499768e-06,-4.75140460522994e-05,-0.00221785333060254,-0.000454544685384306,0.321151055190418,0.000151917985972361,-0.00759228391395261,-0.00127561677844756,-0.00131725551496675,-0.00337296970888445,-0.00386844233606798,-0.00452279995793781,-0.000269068722619004,0.000151917985972361,-6.21666466349424e-05,-0.00502451303770091,-0.0031490744111613,4.45920559499768e-06,-0.00186471369453667,0.000536368614531213,-0.00112233085833591,-0.000428881818995031,-0.00248119669708657,-0.00243293439994785,-0.00652157879490955,-5.20098349197085e-05,-0.00221785333060254,-0.00359686479566523,-0.000529918142929908,-0.0024970736594625,-0.00482316078611245,-0.00190024280173873,-0.00111797345344744,-0.00159783711173311,-0.00452279995793781,-0.00912356026978189,-0.00216182645251273,-0.00385021949030229,-0.000182428875454832,-0.00443225112811074,-0.00205290630466148,-0.000792768191032245,-0.000530487806700286,-0.00338171652050701,-0.00338171652050701,-0.00131093833611384,0.000446967225079753,-0.00129326071338731,-8.96241793126862e-05,-0.000388580222423496,1.79395052031239e-05,-0.00414693391233367,-0.00073150359687979,-0.00580127031920563,-0.000980612249864343,0.000191601287249377,-0.00963325932769621,-0.00311817392849889,0.000300930146481804,-0.000149125294522712,-0.000676765549774139,-0.00107021011150987,-6.58426762223385e-05,0.000300930146480916,-0.000740967507007362,-0.00378138558842522,-0.000298011520688313,-0.000115068236172355,-0.00452279995793781,0.000151917985972361,-0.0114642739052515,-0.000147510014731012,-4.77523374700084e-05,0.000151917985972361,-5.0483626186093e-05,-0.00316419801595735,-0.00836567643128117,0.000446967225079753,-0.0023918169735504,-0.00380735922994369,-0.00224850800933929,-0.000360176242624632,-0.00751301659359038,-0.000897508193423491,-0.0014206417060425,-0.00262740347089174,-0.00483169888439683,-0.000269179611951387,-0.00313774842537828,-0.00188674325789595,-0.000151284348628877,-0.00113878797669642,-3.75833529071556e-05,-0.00550632280765484,-0.000245979605064228,-1.92079150176383e-05,-0.00090138651709637,-0.000358179202407882,0.000381569911477087,-0.000360176242624632,-0.000184653804903512,-0.000307373512643316,-0.00334169653658378,-0.00034591408135487,-0.00620622497495393,-0.00100052197233236,-0.0033023932810492,-0.00544652164296577,-0.00175985527656675,0.000523090483507183,-0.00142435416690656,-0.00207378244944678,0.000151917985972361,-0.000304879855010931,-0.000967101490163991,-0.0029154910386211,-0.00745101105754165,-0.000886194544553298,-0.00075197487941292,-0.0019301358263295,-0.00610890227475291,-0.00814709544740833,-0.00338171652050701,-0.00577286861659942,-0.00333184479519844,-0.00511257499552986,-0.00435318856495837,-0.000966319023227413,-0.0002170782927573,-0.00057385593409176,-0.00947501677885532,-0.00347940467857022,-0.00272161310362673
"12:124541437:A:G",-1.42075762887828e-06,-2.83762147370581e-05,-2.87469436344168e-06,9.7720848486027e-05,1.92428818328594e-05,5.7699000644007e-06,-1.56644971252007e-05,-2.87469436344168e-06,3.76502734749096e-05,-8.00101911879736e-05,2.38522808642117e-05,0.000109624979037548,1.53015108850241e-06,7.11818869802983e-06,1.40664710190919e-05,-7.65166306333498e-05,-0.0018076542485721,4.38989509099486e-06,-1.23904191751123e-05,3.76502734749096e-05,0.000151917985972361,-0.00132654760633688,7.80207956205814e-05,1.4035449183325e-05,9.89545899781064e-05,-5.12039849809298e-06,-2.87469436344168e-06,7.11818869802983e-06,-2.14350637772753e-06,0.00205388993281996,-0.000107656442200899,-1.40079136015103e-05,-4.62573883242001e-05,-0.0018076542485721,-8.79643920992379e-06,0.000128537146304453,3.23447187771109e-05,-4.35752917988808e-05,-1.00344951761144e-05,-9.19012568543209e-05,6.41994736874096e-05,4.38989509099486e-06,-1.23904191751123e-05,-2.47490744946788e-05,1.30653618430898e-05,-4.7268480264151e-05,0.000297973170278354,2.85419301508938e-05,7.11818869802983e-06,-7.13509119538713e-05,-0.00326516996936554,-6.92141303391125e-05,6.10738888182638e-05,-0.000112558887595426,-2.84275297923742e-05,1.86193093334452e-05,2.16644779129638e-05,2.0467961396875e-05,4.47604172366667e-05,-0.0018076542485721,-7.06302828668015e-07,2.16644779129638e-05,-2.57497253919325e-05,5.29052104818462e-05,-2.12450007737175e-05,-4.73774122937698e-05,-6.04161840307427e-05,-1.47077946444085e-06,2.0467961396875e-05,-8.03081590294852e-05,2.22523354205251e-05,1.5583353294879e-05,-4.3170920530855e-05,-2.00606313187635e-05,-1.7091781562506e-05,-5.88686617675194e-06,-3.10970718473413e-05,-0.000425631749942923,3.06221553270092e-05,0.00205388993281996,3.00333454736901e-05,1.37058518827615e-05,2.79801029705595e-05,1.02985899808061e-07,7.11818869802983e-06,0.00205388993281996,0.000224980155723031,-5.88686617675194e-06,4.75248792977112e-05,0.00205388993281996,-1.03237979729442e-05,-8.24225665763123e-06,-7.97939076653265e-05,-2.57497253919325e-05,3.01882872397741e-05,9.31269625414899e-05,1.43389289801732e-05,-1.31943672529999e-05,-0.000161271340481051,-5.53191137857567e-05,-3.58557834863049e-05,1.30653618430898e-05,1.67028418891491e-05,2.68361806030626e-05,5.7699000644007e-06,-5.69425684089353e-05,7.78077916763209e-06,-5.12039849809298e-06,1.24173278743811e-05,-1.7903192986779e-05,2.19714727256459e-05,-1.73616043488423e-05,-0.000310970660914123,2.85419301508938e-05,3.12543772285068e-05,-1.31943672529999e-05,1.30653618430898e-05,1.55833532957672e-05,3.71477935345865e-05,0.00205388993281996,-2.75421167783563e-05,2.85419301508938e-05,-3.48806841241611e-05,0.000149717773668456,-1.31943672529999e-05,2.34078448215769e-05,5.08393166676058e-06,6.2223193610933e-06,-8.50887695591496e-06,-3.20258793911066e-05,-0.00011296634664415,-2.29760244234711e-05,0.000339372281074724,-5.42617537089285e-05,1.49647211040715e-05,-1.32209019030327e-05,8.27826607352478e-06,6.44794018178629e-06,-7.06302828668015e-07,-1.67551396526022e-05,-3.72767989436085e-05,-7.71185227597115e-05,-2.14350637772753e-06,-0.000108964178760829,-6.28073825392761e-05,1.6048300310878e-05,-2.10403674332227e-05,-1.08106461826907e-05,-1.40079136015103e-05
"12:124545142:A:G",8.64624429919303e-06,0.00025132749239809,-0.000826906197938015,0.000894312385962159,-0.000202180363604754,-6.22418542173264e-05,0.000122656415737943,1.74884497115002e-05,-0.000371363056100193,-0.00129092409770326,-0.000564497187071744,-0.0031130772948158,-0.000601783485065788,-7.01819918882407e-05,-0.00180387514325187,-0.00108112857590115,4.29903642462648e-06,-5.41198898762474e-05,0.000102252622281362,-0.000371363056100193,-0.00759228391395261,7.80207956205814e-05,0.117587131465077,-0.000589892790836544,-0.00549746562798248,3.11340099115043e-05,-0.000826906197938015,-7.01819918882407e-05,1.30424378399496e-05,7.80207956205814e-05,-0.00116598806936974,-0.00155375530534574,0.000410548658791754,4.29903642462648e-06,2.32358676308664e-05,-0.00735547103221279,-0.00106427399872011,-0.00169303552405076,8.75504659454407e-05,-0.00117457366476437,-0.00381751154859522,-5.41198898762474e-05,0.000102252622281362,-0.000841876711207945,-0.00013469250322995,0.000417274034838933,-0.00111337516494814,-0.000287311961575831,-7.01819918882407e-05,0.000633965689280203,-7.01819918882407e-05,-0.00961527995847522,0.00428173814643884,-0.00151424863374761,-0.000831913672254103,-0.000198834161261097,-0.000215183091452076,-0.000322664278855633,-0.00258796462380229,4.29903642462648e-06,4.29903642462648e-06,-0.000215183091452076,0.000234280385576824,-0.000432594652087559,-0.00452322636576152,-0.0023424445330944,0.000504381417183453,-1.96828496825674e-05,-0.000208756819721323,-0.00736833908827172,6.50554414702853e-05,-0.000148932905794652,0.000369611107116086,-0.0045022643998669,0.000156114715196054,3.57880095958052e-05,-0.0011744518967598,-0.000539809570763161,-0.000339032882620494,0.000156114715196942,-0.000707952183796934,-0.000138313324095307,-0.000330345694788292,-0.00113497930032747,-7.01819918882407e-05,7.80207956205814e-05,-0.00458247484353524,-0.000702975441172704,-0.000790223415272351,7.80207956205814e-05,-0.00197794318931699,5.0079516491941e-05,-0.00127580091452639,0.000234280385576824,-0.000295590305925408,-0.00150346694419401,-0.000104010430982626,-0.000905623599511962,-0.000376818501657716,0.000490263931523849,0.000299744211277542,-0.00013469250322995,-0.000188555332032436,-0.000431819856538063,-0.000499050828044467,-0.000764598498644631,-7.40857732735023e-05,-0.000721671910248745,-0.00187795129269919,0.000161292942991054,-0.000254326520567005,-0.000715165075352964,-0.000564229378570147,-0.00025826042455801,-0.000300953731112052,0.000107265789131006,-0.000357419416871174,-0.000148932905793764,-0.000369048697690388,-0.000893294695081259,-0.00270724903421948,-0.00025826042455801,-0.00140991839121529,-0.00360365916737404,-0.00483936875673407,-0.000224551968964981,-5.82039885310692e-05,-0.000778042718255989,7.80207956205814e-05,-0.00274679127513444,-0.000749309608885085,0.000193618098037085,-0.00247907651316925,0.000483161431944268,-0.000145432842655779,-0.000799056356246552,-0.00209892724946847,-6.62342676038818e-05,4.29903642462648e-06,0.000101600884131692,0.000330902645877096,0.000554412665087156,-0.000350999367202398,0.000938333317785478,-0.000686930791249374,-0.000555684845024551,-0.000571206456109863,9.23959118033224e-05,0.000112336801786128
"12:124547526:A:G",-0.0026621257422681,4.31374111258265e-05,4.42526566502011e-06,-0.000965366743224116,-3.64063581939078e-05,-1.04823280571154e-05,2.43179032226593e-05,-0.00202706266337316,-7.42037839511767e-05,-0.00181985536878582,-0.000453715352425554,-0.000611162120030428,-3.75128559682025e-06,-1.26566734772737e-05,-0.0010089566043332,-0.00120270774940057,1.09432597916737e-06,-0.00259668520950296,1.9673262410258e-05,-7.42037839511767e-05,-0.00127561677844756,1.4035449183325e-05,-0.000589892790836544,0.170531008438742,-0.000378837571147983,-0.00193327095925699,4.42526566502011e-06,-1.26566734772737e-05,3.30690648464582e-06,1.4035449183325e-05,4.51218294639233e-06,2.1980559575141e-05,-0.00104094391203713,1.09432597916737e-06,-0.00108044887774206,-0.00110431898531616,-0.00319834265144703,-0.000805956413663544,1.62683322519896e-05,3.04694436090713e-05,-0.00260749981774389,-0.00170581919416879,1.9673262410258e-05,3.76221248554742e-05,-0.00143375418812042,6.66169905292335e-05,-0.000498308745798592,-5.49755432039944e-05,-1.26566734772737e-05,9.06453199043256e-05,-0.00136131165883935,-0.00546633271574803,-0.0009018017081317,-0.00350912642698775,-0.00182657590498359,-3.53341302083976e-05,-0.00370887819739529,-3.85222931393869e-05,-0.00380895738148812,1.09432597916737e-06,1.09432597916737e-06,-0.00113138499770926,3.97627783055299e-05,-0.000958800657125281,3.2966399177603e-05,-0.000145410483284536,-0.00131680266736645,9.15161431080946e-07,-0.00133975074479231,-0.00130009477347759,-4.16265225293699e-05,-2.82768824169111e-05,6.15383484809939e-05,-0.00492847096712179,2.72946154895592e-05,-0.00191848810641471,-0.00162724290573024,-0.00167802917784154,-0.000138661933864803,-0.000172173643222528,-0.0111817187385927,-2.51134752282667e-05,-5.39696350330132e-05,-3.71810397785666e-05,-1.26566734772737e-05,1.4035449183325e-05,-0.00263759189258117,-0.00191848810641471,-0.00613807362824215,1.4035449183325e-05,-0.000294569269445155,-3.15832908732716e-05,-0.000576064403536414,3.97627783055299e-05,-0.000952442597197845,-0.00310039030385045,-2.61767445515204e-05,-0.00200719958587037,-0.000283954180924084,7.54198345935819e-05,-0.00760888123988668,-2.40412845640137e-05,-0.0015728752880193,-5.1929221758229e-05,-0.00770789271798744,-0.00122769136588374,-1.37311739312196e-05,-0.00224357517099705,-2.29600810728314e-05,2.84157728209777e-05,-0.00124572204766249,-0.00162636626403323,-0.00377028180823391,-5.49755432039944e-05,7.38301009715059e-05,-0.00082346947165135,-2.40412845640137e-05,-2.82768824160229e-05,-7.32741223208322e-05,-0.000840293303343564,-0.00289993243525988,-5.49755432039944e-05,-0.0022841736557373,-0.00531982789448193,2.08231631528832e-05,8.18897664522922e-05,-9.38233674840916e-06,-0.00188594996420832,1.4035449183325e-05,-0.00365579061097154,-0.000627783656606873,-0.00183331912492068,-0.00287426688405557,7.43683223163316e-05,-0.000856827255941717,-0.00205222976889541,-0.00566907614888379,-0.00334476277804807,1.09432597916737e-06,-0.000480722238646258,5.4758486208506e-05,-0.00237111382946065,-0.000210229609407087,-0.00249529361520828,-0.00285865304857413,-0.000340630092569683,-0.000566163167095901,1.73958694000831e-05,-0.00201962102398845
"12:124547824:G:A",9.57548188651458e-06,-0.000407093479434018,-0.00165584431801946,-0.00057604087361085,-0.00285463802260111,-8.31458513488315e-05,-0.00101913239803242,1.93679126905266e-05,-0.00093208147152879,-0.00104884626257995,-0.000526698651750479,0.000299277646847784,-8.79550537611351e-05,0.000276972273063336,-0.000728327014688723,0.000255316878599032,4.76107482860755e-06,-7.42953301706706e-05,-0.000959794292614724,-0.00093208147152879,-0.00131725551496675,9.89545899781064e-05,-0.00549746562798248,-0.000378837571147983,0.198659190841703,3.44797211955239e-05,-0.00165584431801946,0.000276972273063336,1.44441210974122e-05,9.89545899781064e-05,-0.00151292672316661,-0.0064629978269144,-0.0027022621978956,4.76107482860755e-06,-0.00257427106776387,-0.00285134603137038,-0.000641100608160805,-0.00694833632882208,0.000109610735414378,-0.00662847351107665,-0.00291825961874359,-0.000212789907328315,-0.000959794292614724,-0.000345985299214924,-0.00122953194627229,-0.000203145176776331,-0.00401062527331009,-4.79552192622634e-07,-9.17977086247745e-05,-0.00974157754558114,-9.17977086247745e-05,-0.0062603160029755,-0.00532445295223027,-0.0102151118539311,-0.000689663695196963,-0.000136851772714053,-0.00199688738984438,-7.20430610812173e-05,-0.00144957745401175,4.76107482860755e-06,-0.000105354083756559,-0.000826190976422225,0.00029283829620752,-0.00142496146979454,-0.00178504608481589,-3.0210880327175e-05,-0.00418965739452482,-5.24939606032504e-05,-0.00169333784940928,-0.0056444447462618,-0.000288988317807437,-0.000194479373488043,-0.00159436430432258,-0.00108697346735731,0.00019657725058142,-0.000187720372794686,-0.000206788131108304,-0.000233536255826117,-0.00105684530879113,0.00019657725058142,-0.00054386698916975,-0.000183201395703492,-0.00228546760106418,-0.00127854497009405,-9.17977086247745e-05,9.89545899781064e-05,-0.000432503623648994,-0.000965621132325012,-0.000869889771137444,9.89545899781064e-05,-0.000620848092921733,-0.00148772413217912,-0.00783627173644952,0.00029283829620752,-0.000393494349338219,-0.000992229206588924,-0.000187003349092052,-0.000143179747170485,-0.00232762341034087,-0.00302268074735679,-0.00187877189944707,9.59172661545438e-05,-1.812520705613e-05,-7.14270278701079e-05,-8.31458513488315e-05,-0.00696403144372493,-9.60512165315563e-05,-0.000192878597950141,-0.00343109753015725,0.000202395310964221,-0.000831179223261813,-0.00151957599475772,-0.000212789907328315,-0.00214897000703829,0.000551114779785422,-0.000973555005020721,-0.000792637444080313,-0.000194479373487155,-0.00244838520753277,-0.000146754224148893,-0.00453791130217951,-0.00332503243895665,0.000197628092062807,-0.00104068342114871,0.000131652480378719,-0.000295325255916801,-7.87458488780146e-05,-0.000319438136937578,-0.000509082579415399,-0.0041220612768651,-0.00286024014750819,-0.00174983400003637,-0.00555033622466983,-0.00200778456405537,-0.00270503946293399,5.76019683515838e-05,-0.00118281699894585,-8.7496192638703e-05,4.76107482860755e-06,-0.000381913977165027,0.000408334301819302,-0.000132836102674005,-0.00118050976678585,-0.000239533832805172,-0.00345744120866609,-9.29850281305988e-05,1.73394094105106e-05,-0.00222361932392801,-0.00165524202446754
"12:124548105:C:T",-8.20818850222338e-07,-0.00119163549750656,-1.67048934418546e-06,-0.00439784005880384,1.04077953517745e-05,3.3058549675502e-06,-0.00183882597058815,-1.67048934418546e-06,1.86713710874642e-05,-5.77678256474812e-05,-0.00181304911903091,3.52430882832877e-05,9.43975651424012e-07,4.03944277937995e-06,-0.0021580441416349,-0.0049864714897101,-4.06885465764617e-07,2.54625698659083e-06,-0.00178659814662385,1.86713710874642e-05,-0.00337296970888445,-5.12039849809298e-06,3.11340099115043e-05,-0.00193327095925699,3.44797211955239e-05,0.0910798349569895,-1.67048934418546e-06,4.03944277937995e-06,-1.24196394946097e-06,-5.12039849809298e-06,-0.00214792871751968,-8.56698407858403e-06,-3.17639770051059e-05,-4.06885465764617e-07,-0.000632195164452121,-0.0032974813827007,-0.0018009651537394,-0.00208838936816313,-6.06261406321806e-06,-6.52025742331475e-05,-2.32374363493548e-05,2.54625698659083e-06,-0.00178659814662385,-1.57598395205127e-05,7.24865562684585e-06,-3.25611818219329e-05,-2.49392017259709e-05,1.47826790950489e-05,4.03944277937995e-06,-5.29705847647222e-05,4.03944278026813e-06,-0.000114023821002895,2.68839476964544e-05,-0.00517302250937846,-0.00165694764623758,1.01057043453423e-05,1.15637051534279e-05,1.09959934633252e-05,2.14533325237909e-05,-4.06885465764617e-07,-4.06885465764617e-07,1.15637051534279e-05,-1.65036780046535e-05,2.43264323858128e-05,-1.3374121979659e-05,-0.000680229322673753,-0.00271590673412625,-7.78298831605184e-07,1.09959934633252e-05,-0.00637603260400077,1.18401747037922e-05,8.52470748657908e-06,-2.93196986742572e-05,-0.00235191850694427,-1.06194351445765e-05,-3.46194278311174e-06,-2.0276842701783e-05,2.92938334567339e-06,-0.000267425859593828,-1.06194351436883e-05,-3.01941386711135e-05,7.57604324874706e-06,1.45356174581224e-05,-0.002008507817294,4.03944277937995e-06,-5.12039849809298e-06,-0.000910688045223207,-3.46194278311174e-06,-6.22378757002551e-05,-5.12039849809298e-06,-0.00210472020265584,-4.89206331000247e-06,-6.0702719892447e-05,-1.65036780046535e-05,1.54981522015873e-05,-0.00458897658340884,7.89776159049183e-06,-8.04829245826255e-06,-0.00191801312039797,-0.000907891085901724,-0.00163514111111951,7.24865562684585e-06,9.16588607946522e-06,-0.00166143723281298,3.3058549675502e-06,-4.04219728933342e-05,4.39685253894595e-06,-3.00210855197491e-06,6.9154646809011e-06,-1.11513899581084e-05,-0.00186612715765389,-1.07374141160577e-05,2.54625698659083e-06,1.47826790950489e-05,1.59546882310124e-05,-8.04829245826255e-06,7.24865562684585e-06,8.52470748746725e-06,1.84725882208525e-05,-9.88976766311822e-05,-5.64900247908007e-05,1.47826790950489e-05,-2.30254856443679e-05,-0.00338852201705109,-8.04829245826255e-06,1.23789038344313e-05,2.92938334567339e-06,3.6313867548543e-06,-5.12039849809298e-06,-2.09455335431485e-05,-9.41054655543283e-05,-0.000204380694310835,-0.00482985352308507,-3.82331328196983e-05,8.21394084482563e-06,-7.99948579821574e-06,4.83075278712164e-06,3.6758251447111e-06,-4.06885465764617e-07,-1.02750247776839e-05,-2.48451137734307e-05,-0.00200138863493216,-1.24196394946097e-06,-8.9796482969362e-05,-4.53927414270083e-05,8.84096962305847e-06,-0.0067641933269611,-6.54608342820495e-06,-0.00103319867081719
"12:124552853:A:C",-4.56918383129334e-07,-1.02869572842224e-05,1.9912903341357e-05,-0.0016039467293254,-0.00197057128743694,1.86310748429008e-06,-5.38482554013342e-06,-9.29751416300917e-07,1.04920334713654e-05,-0.0076251901912654,7.13972590205003e-06,-0.00136837667529743,5.49486128598176e-07,2.27137522479381e-06,-0.00148984622197101,-3.20166253775511e-05,-2.26514956125357e-07,1.44049686667813e-06,-4.22045053483089e-06,1.04920334713654e-05,-0.00386844233606798,-2.87469436344168e-06,-0.000826906197938015,4.42526566502011e-06,-0.00165584431801946,-1.67048934418546e-06,0.100083058320768,2.27137522479381e-06,-6.91299823607494e-07,-2.87469436344168e-06,-1.17278835443102e-06,-4.79234750283553e-06,-1.78184726902231e-05,-2.26514956125357e-07,-2.83880280260718e-06,-0.00159725222806362,-0.00189890713607888,-0.00212201883399388,-3.39914714597711e-06,-4.02250562592243e-05,-2.07908898719467e-06,1.44049686667813e-06,-4.22045053483089e-06,-8.8210693842683e-06,4.07925330581094e-06,-1.82618856898742e-05,-0.000247638832032493,8.31103193466021e-06,2.27137522479381e-06,-2.97244485354398e-05,2.27137522479381e-06,-0.000600641585839945,-0.00118410232429067,-0.000367911916992369,-1.02463528843799e-05,-0.00199935769828841,6.50084938680351e-06,6.18504468796743e-06,1.2055758094931e-05,-2.26514956125357e-07,-2.26514956125357e-07,6.50084938680351e-06,-9.26472087670049e-06,-0.00126193475893821,-7.49452848403109e-06,-0.00314108643094357,-2.4254379924038e-05,-0.00230058072390182,6.18504468796743e-06,1.17508443864267e-07,6.65467978144818e-06,4.78936667569485e-06,-0.0030395769429683,-0.00215507616322341,-5.96171788025401e-06,-1.92619806149708e-06,-1.1363899724337e-05,1.65363661164264e-06,-0.0018893541346765,-5.96171788025401e-06,8.74739235978694e-06,4.26139990672425e-06,8.17364136818099e-06,-0.00907605584364291,2.27137522479381e-06,-2.87469436344168e-06,-0.00282133201945101,9.12232324523643e-06,1.26769168451446e-05,-2.87469436344168e-06,-0.00870297385642171,-2.72120485877991e-06,-3.40232034599097e-05,-6.53998129021005e-05,8.70903365601805e-06,-0.000492228546825402,4.44042057878846e-06,-4.50388659878342e-06,-0.00441439857118198,-2.19366142273358e-05,-1.3291338524013e-05,4.07925330581094e-06,-0.00245561659546478,7.89143462487374e-06,1.86310748429008e-06,-2.26303542314454e-05,2.47033254652251e-06,-1.67048934418546e-06,3.89390755106689e-06,-0.00101691000877846,6.65434630864326e-06,-5.99888460328657e-06,1.44049686667813e-06,8.31103193466021e-06,8.96309531484007e-06,-4.50388659878342e-06,4.07925330581094e-06,4.78936667658303e-06,1.03814632561594e-05,1.54543942318952e-05,-0.00340075994670297,8.31103193466021e-06,-1.28918464410432e-05,-0.00379162496076901,-4.50388659878342e-06,6.9545040535246e-06,1.65363661164264e-06,-0.00206947972798321,-2.87469436344168e-06,-1.17357144979735e-05,-5.26052322991077e-05,-8.14603825105564e-06,-0.00195595563432072,-2.14518441694622e-05,4.61638645976592e-06,-0.00187538144871979,-0.000766414337672217,2.06899323007548e-06,-2.26514956125357e-07,-5.71008020955333e-06,-1.39366219382708e-05,-0.00900438754908883,-6.91299822719316e-07,-5.03292220912499e-05,-0.00168180976078958,-0.00197998454915549,-7.20146920496489e-06,-3.66819194308476e-06,-4.79234750283553e-06
"12:124558303:A:G",1.12371728366867e-06,2.32822276018396e-05,2.27137522479381e-06,-9.10721049676155e-05,-1.68180845836474e-05,-5.02408655478348e-06,1.27064996986448e-05,2.27137522479381e-06,-3.29150468694195e-05,6.22285626494801e-05,-2.11232897360247e-05,-0.000101677159261904,-1.66318725103309e-06,0.000367100882473714,-0.0054761346305563,5.8956665013099e-05,5.58912898185326e-07,-3.92797764359187e-06,1.0156538506223e-05,-3.29150468694195e-05,-0.00452279995793781,7.11818869802983e-06,-7.01819918882407e-05,-1.26566734772737e-05,0.000276972273063336,4.03944277937995e-06,2.27137522479381e-06,0.0649021226249893,1.69450634412982e-06,7.11818869802983e-06,2.55031839913045e-06,1.14177683450123e-05,3.75109184886924e-05,5.58912898185326e-07,6.44071958255665e-06,-0.00442449592499372,-2.86308857520012e-05,-0.00146738371182753,8.31437497694765e-06,7.02635136056173e-05,-0.00142591268857029,-3.92797764359187e-06,1.0156538506223e-05,2.01287401644379e-05,-1.13305771956007e-05,3.82692600524592e-05,-0.0011786815162802,-0.000925364713552312,-6.0970229984747e-06,5.68952018840108e-05,-6.09702299758652e-06,-0.000130587271875093,-5.4357941226435e-05,-0.00121493222355529,2.29509249436433e-05,-1.63182227845837e-05,-1.87632592947296e-05,-1.78013482550199e-05,-3.94061252233513e-05,5.58912898185326e-07,-0.00145262123686507,-1.87632592947296e-05,2.12635944105699e-05,-4.68260636061757e-05,1.74265591850187e-05,-0.00149597112596211,4.80290510553871e-05,7.03799841517139e-07,-1.78013482550199e-05,-0.00139104816183622,-1.92364231388353e-05,-1.33470886165554e-05,3.48679866224444e-05,1.38734631205395e-05,1.42063080241783e-05,4.64162350954922e-06,2.5365393867105e-05,-0.00141308640571136,-0.00124272148644433,1.42063080241783e-05,-2.67738171002563e-05,-1.18428504709556e-05,-2.44422457136295e-05,-1.05905642655557e-06,-6.0970229984747e-06,7.11818869802983e-06,-0.0017775787182055,4.64162350954922e-06,-4.24915112562374e-05,7.11818869802983e-06,-0.0014927135069005,6.48812155379375e-06,6.29911669678407e-05,2.12635944105699e-05,-2.62252455289769e-05,-8.83766470778369e-05,-1.23496354875741e-05,1.07837707066238e-05,-0.00154546985796156,4.45737953045366e-05,2.89893015175124e-05,-1.13305771956007e-05,-1.47846001974372e-05,-2.35206475718286e-05,-5.02408655478348e-06,4.54687435320622e-05,-6.62502903825413e-06,4.03944277937995e-06,-1.08127263507285e-05,1.48369395649439e-05,-0.00563281412913597,1.40236360053336e-05,-0.00144141984950341,-2.48953956196729e-05,-0.00165553467311863,1.07837707066238e-05,-1.13305771956007e-05,-1.33470886165554e-05,-3.25080193217531e-05,-0.00105697906479385,-0.00521073806986827,-2.48953956196729e-05,2.82487500067319e-05,-0.0010765773044108,1.07837707066238e-05,-2.01675825648451e-05,-4.47897512501072e-06,-5.88533714740436e-06,-0.00326516996936554,2.60746564020309e-05,-0.00194242570841929,1.87631291055368e-05,-0.00184899074754608,4.37887024906658e-05,-0.00387117433117101,1.03711404149109e-05,-0.00147768057867292,-5.56340535684541e-06,5.58912898185326e-07,1.31112156536162e-05,3.04134415651802e-05,-0.00147989722879682,1.694506345018e-06,-0.00306087217064732,4.97839689606039e-05,-1.42617242602228e-05,1.58996396528721e-05,8.92194438861793e-06,1.14177683450123e-05
"12:124564109:C:T",-3.39750687139428e-07,-7.66804448382175e-06,-6.91299823607494e-07,-0.00168945691907929,4.37155594479322e-06,1.39095311180171e-06,-0.00258614335865204,-6.91299823607494e-07,7.8256703526236e-06,-0.00470415667399937,5.32945491737991e-06,1.47618869714705e-05,4.14460297193386e-07,1.69450634412982e-06,-0.00520550646222429,-0.00199442389694049,-1.68433871294837e-07,1.07676773186682e-06,-3.14406621626517e-06,7.8256703526236e-06,-0.000269068722619004,-2.14350637772753e-06,1.30424378399496e-05,3.30690648464582e-06,1.44441210974122e-05,-1.24196394946097e-06,-6.91299823607494e-07,1.69450634412982e-06,0.098706346876722,-2.14350637772753e-06,-8.65349690570838e-07,-3.56919130606315e-06,-1.32827752885589e-05,-1.68433871294837e-07,-0.00211587203616492,-0.000366585287862264,6.93404003282438e-06,1.36925505600516e-06,-2.53346335288285e-06,-2.99015256235435e-05,-0.00106539774588565,1.07676773186682e-06,-3.14406621626517e-06,-6.57089332012362e-06,3.04404098727673e-06,-0.00401155321044833,-0.00424833556342019,6.1999446465677e-06,1.69450634412982e-06,-2.21604673962261e-05,1.69450634412982e-06,-4.21224891091754e-05,1.12647567958035e-05,-0.00454596894073767,-7.63006995985194e-06,4.2467247505229e-06,-0.00360704795463551,-0.003030952839854,8.99211149540946e-06,-1.68433871294837e-07,-1.68433871294837e-07,4.84946335355119e-06,-6.90802054403861e-06,1.01945279267213e-05,-5.58487821855636e-06,-0.00103957942366506,-1.80654024912741e-05,-1.30997173597436e-05,4.61469325063746e-06,-0.00197896025086219,4.96383019310542e-06,3.57200775624733e-06,-1.22381986180642e-05,-4.90026818145139e-06,-4.44527560539143e-06,-0.00218323816086219,-8.46861784342678e-06,1.23522016881594e-06,-0.00617107450772814,-4.44527560539143e-06,-0.00198841469609157,3.17945616767901e-06,6.09781872373816e-06,-0.00563031200149311,1.69450634412982e-06,-2.14350637772753e-06,-0.001942101443551,-1.43203774705114e-06,-0.00186203145030372,-2.14350637772753e-06,-0.00540040574163569,-2.02291903139695e-06,-2.53555842748554e-05,-6.90802054403861e-06,6.49582044420782e-06,1.42234403845976e-05,3.31255421670562e-06,-3.35476674084845e-06,1.19105870064473e-05,-1.63527149936726e-05,-9.90111886700618e-06,3.04404098727673e-06,-0.00204116899135709,5.88806422108235e-06,1.39095311180171e-06,-1.68588927920155e-05,1.84244523282473e-06,-1.24196394946097e-06,2.90625456322857e-06,-4.6654358438758e-06,4.96884307388257e-06,-4.46593639846782e-06,1.07676773186682e-06,6.1999446465677e-06,6.6847150428373e-06,-3.35476674084845e-06,3.04404098727673e-06,3.57200775713551e-06,7.7434740806126e-06,1.15285504005413e-05,-0.00951542754114421,6.1999446465677e-06,-9.60424280016525e-06,1.37198826157814e-05,-3.35476674084845e-06,5.18675462490847e-06,1.23522016881594e-06,-0.00237513622473262,-2.14350637772753e-06,-8.74498692304826e-06,-3.91699163424519e-05,-6.06917058920686e-06,-0.00351392053262334,-1.59923408853402e-05,3.4433877154072e-06,-8.80874849684687e-06,2.07130307749992e-06,1.54402845442547e-06,-1.68433871294837e-07,-0.00204869967416776,-0.0041808056360626,-0.002308805147619,-5.14016637254144e-07,-3.75073793117409e-05,-0.00281396773665499,3.72440413443087e-06,-0.00210093682243961,-2.73349665125266e-06,-3.56919130606315e-06
"12:124564455:A:T",-1.42075762887828e-06,-2.83762147370581e-05,-2.87469436344168e-06,9.7720848486027e-05,1.92428818328594e-05,5.7699000644007e-06,-1.56644971252007e-05,-2.87469436344168e-06,3.76502734749096e-05,-8.00101911879736e-05,2.38522808642117e-05,0.000109624979037548,1.53015108850241e-06,7.11818869802983e-06,1.40664710190919e-05,-7.65166306333498e-05,-0.0018076542485721,4.38989509099486e-06,-1.23904191751123e-05,3.76502734749096e-05,0.000151917985972361,0.00205388993281996,7.80207956205814e-05,1.4035449183325e-05,9.89545899781064e-05,-5.12039849809298e-06,-2.87469436344168e-06,7.11818869802983e-06,-2.14350637772753e-06,-0.00132654760633688,-0.000107656442200899,-1.40079136015103e-05,-4.62573883242001e-05,-0.0018076542485721,-8.79643920992379e-06,0.000128537146304453,3.23447187771109e-05,-4.35752917988808e-05,-1.00344951761144e-05,-9.19012568543209e-05,6.41994736874096e-05,4.38989509099486e-06,-1.23904191751123e-05,-2.47490744946788e-05,1.30653618430898e-05,-4.7268480264151e-05,0.000297973170278354,2.85419301508938e-05,7.11818869802983e-06,-7.13509119538713e-05,-0.00326516996936554,-6.92141303391125e-05,6.10738888182638e-05,-0.000112558887595426,-2.84275297923742e-05,1.86193093334452e-05,2.16644779129638e-05,2.0467961396875e-05,4.47604172366667e-05,-0.0018076542485721,-7.06302828668015e-07,2.16644779129638e-05,-2.57497253919325e-05,5.29052104818462e-05,-2.12450007737175e-05,-4.73774122937698e-05,-6.04161840307427e-05,-1.47077946444085e-06,2.0467961396875e-05,-8.03081590294852e-05,2.22523354205251e-05,1.5583353294879e-05,-4.3170920530855e-05,-2.00606313187635e-05,-1.7091781562506e-05,-5.88686617675194e-06,-3.10970718473413e-05,-0.000425631749942923,3.06221553270092e-05,0.00205388993281996,3.00333454736901e-05,1.37058518827615e-05,2.79801029705595e-05,1.02985899808061e-07,7.11818869802983e-06,0.00205388993281996,0.000224980155723031,-5.88686617675194e-06,4.75248792977112e-05,0.00205388993281996,-1.03237979729442e-05,-8.24225665763123e-06,-7.97939076653265e-05,-2.57497253919325e-05,3.01882872397741e-05,9.31269625414899e-05,1.43389289801732e-05,-1.31943672529999e-05,-0.000161271340481051,-5.53191137857567e-05,-3.58557834863049e-05,1.30653618430898e-05,1.67028418891491e-05,2.68361806030626e-05,5.7699000644007e-06,-5.69425684089353e-05,7.78077916763209e-06,-5.12039849809298e-06,1.24173278743811e-05,-1.7903192986779e-05,2.19714727256459e-05,-1.73616043488423e-05,-0.000310970660914123,2.85419301508938e-05,3.12543772285068e-05,-1.31943672529999e-05,1.30653618430898e-05,1.55833532957672e-05,3.71477935345865e-05,0.00205388993281996,-2.75421167783563e-05,2.85419301508938e-05,-3.48806841241611e-05,0.000149717773668456,-1.31943672529999e-05,2.34078448215769e-05,5.08393166676058e-06,6.2223193610933e-06,-8.50887695591496e-06,-3.20258793911066e-05,-0.00011296634664415,-2.29760244234711e-05,0.000339372281074724,-5.42617537089285e-05,1.49647211040715e-05,-1.32209019030327e-05,8.27826607352478e-06,6.44794018178629e-06,-7.06302828668015e-07,-1.67551396526022e-05,-3.72767989436085e-05,-7.71185227597115e-05,-2.14350637772753e-06,-0.000108964178760829,-6.28073825392761e-05,1.6048300310878e-05,-2.10403674332227e-05,-1.08106461826907e-05,-1.40079136015103e-05
"12:124565757:G:A",-0.00239782670142219,-0.000935101857304943,-1.17278835443102e-06,-0.00343120703702571,-0.00255210251244797,2.12573003288696e-06,-7.63660998259752e-06,-1.17278835443102e-06,-0.000885066673620649,-0.00223596605287479,6.17837593974713e-06,-0.00108156651608482,-0.00228209590423667,2.55031839913045e-06,-0.00228864172793575,-6.34558656438244e-05,-6.73611096857485e-06,1.66932184963997e-06,-0.000272968713582955,-0.000885066673620649,-6.21666466349424e-05,-0.000107656442200899,-0.00116598806936974,4.51218294639233e-06,-0.00151292672316661,-0.00214792871751968,-1.17278835443102e-06,2.55031839913045e-06,-8.65349690570838e-07,-0.000107656442200899,0.203111193340582,-6.69962784360933e-06,-3.08917866629344e-05,-6.73611096857485e-06,-0.000851334591718711,-0.00122778386563471,6.67815308919018e-06,-0.00715353876746505,-4.58375606093853e-06,-0.00148499048479867,-3.01160749627272e-05,-0.00248135476721334,-0.000272968713582955,-0.00182471990902844,4.22763056384667e-06,-3.18405169545954e-05,0.000167188760678449,6.55273613414664e-06,2.55031839913045e-06,-0.000402809579227892,-0.00543751359849409,-0.00372420263640771,-0.00189241824556774,-0.000116125176139015,-0.00110471364209541,-0.00249043098851587,-0.00117878186619702,-0.00138960550326672,-0.00102554374575536,-0.0039742301413348,-2.79228391519837e-07,-0.00355725375405846,-1.41522916115022e-05,-0.000939230654876333,-1.10930272123611e-05,-0.0105693129074922,-0.00169922260496769,-5.16116781312803e-07,5.70453756232325e-06,-0.00555048265415747,-0.000184794449282322,2.87766305664405e-05,-0.0015654609228406,-0.00702871738723587,-8.53256549149251e-06,-0.0020240552347941,-0.00158595072423395,-0.000300728282444318,-0.00528896162316173,-0.00010296810578847,-0.0033147231790096,-0.00280159445053751,-0.00302710635411962,-0.00128342579491836,2.55031839913045e-06,-0.000107656442200899,-0.000648308066418579,2.84005103425855e-05,-0.00305823440255004,-0.000107656442200899,-0.00207844230622545,-0.00210519317184321,0.000851615182317467,-1.41522916115022e-05,6.62539795204253e-06,-0.0025760052938848,-0.00546829996450438,-0.00192864229063883,-0.00557146227373817,-3.98179871572424e-05,-0.00175632593062058,4.22763056384667e-06,-0.00163049488227873,-0.00279997385809416,2.12573003288696e-06,-0.00513275825358228,1.88301873427221e-05,-0.00214792871751968,1.38365469650736e-05,-9.01686173726546e-06,5.95820533000335e-06,-8.63007976548147e-06,-8.6738284127641e-05,-0.00320354131853406,4.66859737517922e-05,-0.00187713165955739,-0.00291311020466267,-3.94817483586607e-05,6.58004790299316e-06,-0.0059886792653554,-0.00261938156392327,-0.00320354131853406,-0.00101749668022855,8.11648344232196e-05,-0.00828437946827609,3.8065807094867e-05,1.90162361413115e-06,-0.0019657762790084,-3.82054054437475e-06,-0.0016355567612667,-0.000894821388487621,-1.22201897161389e-05,-0.00297812022709376,-3.87281388993799e-05,4.65564052909428e-06,-0.00454246110366352,-9.2180355370175e-05,2.34188349779174e-06,-2.79228391519837e-07,-0.00200035251423891,-2.29632688286685e-05,-0.00238536382977639,-0.00164517695320043,-0.0005902958456101,-0.000140980201054575,-0.00294639628948801,-2.14052022569078e-05,-0.00268530278043055,-6.69962784360933e-06
"12:124567748:C:T",-2.36297319311518e-06,-4.81009300115076e-05,-4.79234750283553e-06,-0.00160535391209748,3.02429511256364e-05,9.21980922008458e-06,-0.00164591012863813,-4.79234750283553e-06,5.77960601146899e-05,-0.00140667995809274,3.71454733087972e-05,-0.00135520506103948,2.24383360603042e-06,1.14177683450123e-05,-0.00193313271382678,-0.00115113805750244,-1.17335314442357e-06,6.95991327770429e-06,-2.06441426575665e-05,5.77960601146899e-05,-0.00502451303770091,-1.40079136015103e-05,-0.00155375530534574,2.1980559575141e-05,-0.0064629978269144,-8.56698407858403e-06,-4.79234750283553e-06,1.14177683450123e-05,-3.56919130606315e-06,-1.40079136015103e-05,-6.69962784360933e-06,0.117595034578263,-8.0241617756549e-05,-1.17335314442357e-06,-1.51564966692774e-05,-0.00533154140551773,4.98542838807126e-05,-0.0104569279192308,-1.66067126903258e-05,-0.00575821156307388,-0.00601661170955481,6.95991327770429e-06,-2.06441426575665e-05,-4.19482318596565e-05,-0.00192880982313248,-0.000886537198204529,-0.00638767560375086,-0.00165503106894604,1.14177683450123e-05,-0.000127644093931067,1.14177683450123e-05,-0.000390864491198961,-0.00354040596430583,-0.00529334896520872,-4.85298670591661e-05,2.92615520276485e-05,3.4033532039679e-05,-0.000159013401698438,6.79450916631907e-05,-1.17335314442357e-06,-1.17335314442357e-06,3.4033532039679e-05,-4.34091588976671e-05,7.93106294372237e-05,-6.90553003481753e-05,-0.000753391135761561,3.24999596124087e-06,-2.87833669725401e-05,3.21646922731844e-05,-0.000286440715591141,3.49487771691415e-05,2.47431945741283e-05,-7.48189106358765e-05,-0.00230631309708507,-2.84750610690665e-05,-0.00180599579285712,-5.29989952866572e-05,-0.00225543464739708,4.72408426350768e-05,-2.84750610681783e-05,-0.0014305481012018,2.17556337274161e-05,4.35082968222034e-05,-2.16644698651791e-05,1.14177683450123e-05,-1.40079136015103e-05,-0.000331986920397043,-9.861480688933e-06,-0.00150092441769534,-1.40079136015103e-05,-0.000396319775683551,-1.38592722747077e-05,-0.000144585987302825,-4.34091588976671e-05,4.68723908930713e-05,1.1328703078739e-05,2.27651824475927e-05,-2.2028634928617e-05,-0.000309567375650133,-0.00460103027944481,-0.00146315148570864,2.07320173277736e-05,-2.7433929972176e-05,4.17546918614065e-05,9.21980922008458e-06,-0.000100563310282631,1.24942922008486e-05,-8.56698407858403e-06,1.96940444165961e-05,-2.98881925138161e-05,-0.0020757687259092,-2.92600525897413e-05,-0.00214115668472736,4.43668448459889e-05,4.84866469001588e-05,-2.2028634928617e-05,-0.00256125707797761,2.47431945741283e-05,-0.00153615553560105,-0.00133413917318226,-0.00372329445812536,-0.00165503106894604,-5.9874015004624e-05,-0.00281846949955877,-2.2028634928617e-05,3.67421841653837e-05,8.09776159194087e-06,8.40552336178746e-07,-1.40079136015103e-05,-5.46798145171223e-05,-0.000213975117774545,-3.88011594667503e-05,-0.000164242992242158,-9.50506522601202e-05,2.3760944748652e-05,-4.09773379903555e-05,-0.00225871636848751,1.03263747321947e-05,-1.17335314442357e-06,-0.00362327626209424,-6.3920377448845e-05,6.0187639236986e-06,-0.00209284870221982,-0.000204332910882954,-2.16399803880662e-05,2.51922463743171e-05,-0.00174343898342499,-0.00151651280339493,-2.34331469366467e-05
"12:124571926:C:T",-8.8017817176933e-06,-0.000156564267684622,-1.78184726902231e-05,-0.00108627928077798,9.85772585604394e-05,2.9110077067962e-05,-0.00451857274206002,-1.78184726902231e-05,0.000198683706923219,-0.000999128528604842,-0.00114170253576784,-0.00372250871011737,2.63769044828166e-06,3.75109184886924e-05,-0.008861436010692,-0.00109215672280882,-4.37450962387231e-06,-0.00402436220719071,-7.02319668217655e-05,0.000198683706923219,-0.0031490744111613,-4.62573883242001e-05,0.000410548658791754,-0.00104094391203713,-0.0027022621978956,-3.17639770051059e-05,-1.78184726902231e-05,3.75109184886924e-05,-1.32827752885589e-05,-4.62573883242001e-05,-3.08917866629344e-05,-8.0241617756549e-05,0.12139183295305,-4.37450962387231e-06,-6.21934953990433e-05,-0.00324810522628027,-0.0011053328494004,-0.00205329346473349,-5.56727441489713e-05,-0.0010743019306334,-0.000672642195724826,2.05027860973317e-05,-7.02319668217655e-05,-0.00014027532553218,-0.00158179998121533,-0.00610435274151122,-0.00403425378888755,0.000149246572789252,3.75109184886924e-05,-0.000393026519267536,3.75109184895805e-05,-0.00174099171672015,0.000320864472211468,-0.00435536271298798,-0.000163039374209362,9.46268257697724e-05,0.000113899177328847,0.000106332412428856,0.000235066314241195,-4.37450962387231e-06,-4.37450962387231e-06,0.000113899177328847,-0.00014043897206939,0.000277968871739809,-0.000118642429679738,-0.000839000614171859,-0.000342123727544497,-0.00403660945618967,0.000106332412428856,-0.000284437867401621,0.000117614044023107,8.32735938027795e-05,-0.00024171361722658,-0.00105064525094445,-9.30676251540419e-05,-3.65288059782642e-05,-0.00499133149800812,2.48327098990586e-05,0.000153190744401677,-9.30676251540419e-05,0.000149365918190369,7.15045075461163e-05,0.000145658102499446,-0.00101494649033729,3.75109184886924e-05,-4.62573883242001e-05,0.000180698284996339,-3.65288059782642e-05,0.000242007383140397,-4.62573883242001e-05,-0.000980658254626121,-5.11878269326971e-05,-0.000365007628381875,-0.00014043897206939,0.000159751961695598,0.000446326772357786,7.54748854392417e-05,-0.00209552349823916,-0.00127576243814786,-0.000305169467104349,-0.00484341184815928,-0.00117055273947564,-0.00380926085879985,0.000138346268088618,2.9110077067962e-05,-0.000652160392254686,4.16362250845737e-05,-0.00356384159454759,6.34173442985997e-05,-9.80585567464942e-05,-0.00378963870212878,-0.000101031303119115,2.05027860973317e-05,0.000149246572789252,0.000166546619607466,-7.52056887609598e-05,6.74856249229805e-05,8.32735938036677e-05,0.000195440987218021,0.000318242106366107,-0.000575615846525324,0.000149246572789252,-0.00019661668243387,0.000754343712421779,-7.52056887609598e-05,0.000124910828567693,2.48327098990586e-05,-0.00351683149245918,-4.62573883242001e-05,-0.000179016962982281,-0.00102319654173666,-0.000129322809689469,-0.0103525676774741,-0.000298701521886713,7.93976304818145e-05,-0.00321171918963081,-0.000909201569958995,3.33358375321779e-05,-4.37450962387231e-06,-0.00440526862954638,-7.10983615910266e-05,-0.000916410585180216,-1.32827752867826e-05,-0.000608738187809266,0.000279133444783142,-0.00110846527323094,-0.00436485857683788,-6.04665969401452e-05,-8.0241617756549e-05
"12:124572780:G:A",-0.00445444466712086,-2.5251342048449e-06,-2.26514956125357e-07,4.74714504328233e-06,1.4427916168458e-06,4.59453442402946e-07,-1.31755372922981e-06,-2.26514956125357e-07,2.58012551945797e-06,-8.29453419992632e-06,1.7598154480325e-06,4.86549788547563e-06,1.39636072482574e-07,5.58912898185326e-07,1.15443214010469e-06,-0.00413899799345252,4.89448392837488e-06,3.56530902578811e-07,-1.03411766527728e-06,2.58012551945797e-06,4.45920559499768e-06,-0.0018076542485721,4.29903642462648e-06,1.09432597916737e-06,4.76107482860755e-06,-4.06885465764617e-07,-2.26514956125357e-07,5.58912898185326e-07,-1.68433871294837e-07,-0.0018076542485721,-6.73611096857485e-06,-1.17335314442357e-06,-4.37450962387231e-06,0.10927288317499,-6.83948611523988e-07,4.85197936406223e-06,2.28822675740759e-06,-0.00391952690832831,-8.34084366907462e-07,-9.79346074725385e-06,4.10750402313198e-06,3.56530902578811e-07,-1.03411766527728e-06,-2.16094949045953e-06,1.00456487217571e-06,-4.48247023321358e-06,-7.93873065862982e-06,2.04477934051539e-06,5.58912898185326e-07,-7.29980839775379e-06,-0.00714111995896349,-4.39574464827786e-06,3.7135118873266e-06,-9.8828377081972e-06,-0.00440347756610571,1.40191756425878e-06,1.59931555643311e-06,1.5224157179361e-06,2.96477193284517e-06,-0.00567637181680247,-5.51981402807655e-08,1.59931555643311e-06,-2.27612733194604e-06,3.36092648645092e-06,-1.83806574138856e-06,-0.00395099109743757,-5.93989531161299e-06,-9.31935719705734e-08,1.5224157179361e-06,-0.00385911900562252,-0.00305404704196111,-0.00203341209559671,-4.02692289380724e-06,-1.58262492089278e-06,-1.46471590767305e-06,-4.69131523850308e-07,-2.78734667258362e-06,-0.00429983285817048,2.18983730615463e-06,-0.00179985167444485,-0.00364199092726825,1.0489250472645e-06,2.01133441724011e-06,5.42672564662894e-08,5.58912898185326e-07,-0.0018076542485721,-0.00359560583952145,-4.69131523850308e-07,-0.0035177703142697,-0.0018076542485721,-0.00386886861565827,-6.62594183964416e-07,-8.34600309307376e-06,-2.27612733194604e-06,2.14169470691417e-06,4.68923651020248e-06,1.09253053892644e-06,-1.10312916312694e-06,-0.00409852375986652,-5.38560156293499e-06,-3.25633542619386e-06,1.00456487217571e-06,1.27484176726256e-06,1.94265341590949e-06,4.59453442402946e-07,-5.54520817264148e-06,-0.00204121466972396,-4.06885465764617e-07,9.59432490788004e-07,-1.53685808168547e-06,1.64183711337529e-06,-1.46695842140332e-06,-0.0041845756392771,2.04477934051539e-06,2.20358354852124e-06,-1.10312916312694e-06,1.00456487217571e-06,-0.00203341209559582,2.55320306141726e-06,-0.00141809298536621,-0.00345225748767408,2.04477934051539e-06,-3.15916144622008e-06,4.52360112035421e-06,-0.00435214690903063,-0.00202558760407001,4.084350075928e-07,5.15332678752145e-07,-7.06302828668015e-07,-2.87784735242269e-06,-1.28712873879167e-05,-1.99667072120491e-06,-0.00346553993035759,-5.26756304708442e-06,1.1353983699891e-06,-1.08230659279229e-06,-0.00388129444424923,5.09606246090755e-07,-5.51981402807655e-08,-1.38910854374785e-06,-3.42135302666691e-06,-0.00396306209723551,-0.00370147213857308,-1.23457647287495e-05,-6.21559539126793e-06,1.23093845072475e-06,-1.74172941314055e-06,-8.99621857897159e-07,-1.17335314442357e-06
"12:124573887:G:A",-1.38475191491239e-06,-0.0031030608593845,-2.83880280260718e-06,0.000814281840346709,1.54955857238903e-05,5.29137275329106e-06,-0.000634622170047727,-2.83880280260718e-06,-0.00423164720198432,-0.00354163949384567,-0.00127349216763406,-0.00200966015197324,-2.84470982867546e-05,6.44071958255665e-06,-0.000463775244352149,-0.000477904254073458,-6.83948611523988e-07,4.08183085287561e-06,-0.00436721108508653,-0.00423164720198432,-0.00186471369453667,-8.79643920992379e-06,2.32358676308664e-05,-0.00108044887774206,-0.00257427106776387,-0.000632195164452121,-2.83880280260718e-06,6.44071958255665e-06,-0.00211587203616492,-8.79643920992379e-06,-0.000851334591718711,-1.51564966692774e-05,-6.21934953990433e-05,-6.83948611523988e-07,0.157542254352607,-0.00172209174081406,-0.00127969493269386,-5.68761408175078e-05,-1.05069208862218e-05,-0.0015822251511004,-0.000175923836016167,4.08183085287561e-06,-0.00436721108508653,-7.85796128992544e-05,1.11877326309795e-05,-0.00128269440121276,-0.00329064470812668,2.07191619772118e-05,6.44071958255665e-06,-0.000110239687564295,6.44071958255665e-06,-0.002453756207494,2.72458471242132e-05,-0.00139383737366838,-0.00132971843376772,1.50977053587908e-05,1.69766251110204e-05,1.62575560089806e-05,-0.00201089223915574,-6.83948611523988e-07,-6.83948611523988e-07,1.69766251110204e-05,-0.000198650580005122,2.73544444935325e-05,-2.42413007649489e-05,-0.00507737006067721,-0.000156702502062345,-0.00111670506311867,1.62575560089806e-05,-0.00469049033269986,-0.00209554092040065,1.29931379744264e-05,-0.00167677212023776,-0.000961135465066931,-0.000197150473427499,-5.97073805952419e-06,-0.00267439450859008,4.69433795569074e-06,-0.00100982621014456,-1.88794503950263e-05,-0.000628004956766404,-0.00287943151955794,2.04513336772294e-05,-6.25787005015255e-05,6.44071958255665e-06,-8.79643920992379e-06,-0.000511676161575547,-5.97073805952419e-06,-0.000507883859984126,-8.79643920992379e-06,-0.00126700855279971,-0.000998045108526746,-0.00139444330325844,-0.000198650580005122,2.14729504302014e-05,-0.00407489527585359,-0.00387076782144025,-0.00221839939034307,-0.00138656504740275,-0.00115106024607492,4.67670198549541e-05,1.11877326309795e-05,-0.00722834415992502,-0.00132382545726717,5.29137275329106e-06,-0.00361039085284531,6.99384465630004e-06,-0.00194905669122036,-0.00166815544491428,-0.00114374994586441,4.97967395478582e-05,-0.00140598526854241,4.08183085287561e-06,2.07191619772118e-05,2.19364646421027e-05,-1.41815244916188e-05,-0.000154095566562873,0.000129125110441386,-0.00353834120664764,-0.000861761187310961,-0.00106376516654949,-0.0011391835161767,-0.00106524639208239,-0.00151265772804177,-0.00202039697434397,1.79800708499656e-05,-0.00267843298793569,-0.00617952098795183,-8.79643920992379e-06,-3.94183346124066e-05,-0.000980290895956415,0.000247739312315254,-0.00317687216502849,-0.000871302296411969,1.25598172679986e-05,-0.00679120066715022,-0.00358663743081244,5.87336223834001e-06,-6.83948611523988e-07,-3.96915604632397e-05,-0.001261039727253,-0.00106519782166004,-2.10287612034676e-06,-0.000693803557183514,-0.000336716969195905,-0.000121837437720096,-0.00383124586442207,-0.00192794665290386,-0.000145568905370652
"12:124579213:G:C",-0.00188092961660224,0.00039966741842612,-0.00159725222806362,-0.0011308464459896,-0.00149995574077444,-0.0013208535826843,-0.000176834869288101,-0.000101645423239205,-0.000314432883183002,0.000182757105626763,-0.000792886951356486,-0.00134213046838827,-0.00467669351736433,-0.00442449592499372,-0.000995766036695489,-0.00516782304036667,4.85197936406223e-06,-0.00126765523656491,-0.00231197806177885,-0.000314432883183002,0.000536368614531213,0.000128537146304453,-0.00735547103221279,-0.00110431898531616,-0.00285134603137038,-0.0032974813827007,-0.00159725222806362,-0.00442449592499372,-0.000366585287862264,0.000128537146304453,-0.00122778386563471,-0.00533154140551773,-0.00324810522628027,4.85197936406223e-06,-0.00172209174081406,0.291461716603013,-0.000898406873118596,-0.000926776078082003,-0.00246571644567073,-0.000958635990767842,-0.00914491854975941,-0.000516412538391187,-0.00231197806177885,-0.00356797640660922,-0.0012327409656665,-0.00609902609646351,-0.00662770832014115,-0.00292162174105481,-0.00105587833896603,-0.000920396637843268,-0.00442449592499372,-0.00867966400596298,-0.00195779720926481,-0.00449050214740376,-0.000219427538493022,-0.00152495431995714,-0.00127164759812448,-5.5973649033092e-05,-0.000357952880716716,-0.00334339501946257,-0.00334339501946257,-0.0023330199723679,0.000378440070922359,-0.00169171139247304,-0.000198735340681822,-0.000430363507843534,0.000199296881941535,-0.00214242251955721,-0.00394047704001821,-0.000229787858714747,-0.000867267462445476,0.000277802641924119,3.82284999975724e-05,-0.00315445297053918,0.000254702056639466,-8.09854476830907e-05,-0.00073483272665964,-0.00293479235767435,-0.000539667997554005,0.000254702056638578,-0.000718223875957769,-0.0014425660527273,-0.00125228014459822,-2.02640755730954e-06,-0.00105587833896603,0.000128537146304453,-0.00956594916489539,-0.00563244130905982,0.000119208605052101,0.000128537146304453,-0.00116677320934411,-0.00308868141902607,-0.00670682737550354,0.000378440070922359,-0.000996138902974231,-0.00418151230820474,-0.00212603091414909,-0.000372770982732362,-0.00524278916424858,-0.00171908502477436,-0.000392962836235355,-0.00250410676087753,-0.00249647709810041,-0.00104933977976884,-0.00303905094417267,-0.00117103070287161,-0.000126785334665591,-0.00108907237014844,2.30242796908087e-05,-0.00551314762109989,-0.00144273448102883,-6.17203928197085e-05,-0.00276577038592851,-0.00144647758958971,0.000553200337941817,-0.000372770982732362,-0.0005578128940531,-0.000257427958787915,-0.00208983215032887,-0.00172142396141783,-0.00253120627977133,-0.00125228886929918,-0.00146262963385091,-0.00411520201880089,-0.000133156991218186,0.000669274370081574,-0.00136103998879289,-0.00201495801527596,0.000128537146304453,-0.000482201810439342,-0.000839021732353729,-0.00110820460602579,-0.00598679594511164,-0.00104928944774496,-0.00066516451737364,-0.00116449499613136,-0.00697742966878501,-0.00801349491118497,-0.00334339501946257,-0.00660954118731549,-0.00406360153221996,-0.00501229312708062,-0.00450331713942997,-0.000790985668224664,-0.000608759779070489,-0.000446112520773312,-0.00682483347377261,-5.66893312408112e-05,-0.00115619128082045
"12:124579861:T:C",-0.00217611928666006,0.000103338926888519,-0.00189890713607888,-0.00135133624347894,-8.13769403036346e-05,-2.42375759098579e-05,5.50872949078851e-05,-0.00189890713607888,-0.000158036043909959,-0.0018245393831231,0.000340927959753046,-0.000889903083381327,-1.04979606252442e-05,-2.86308857520012e-05,-0.00184969307943028,7.48049181868993e-05,2.28822675740759e-06,-0.00277067329796665,4.47260866849319e-05,-0.000158036043909959,-0.00112233085833591,3.23447187771109e-05,-0.00106427399872011,-0.00319834265144703,-0.000641100608160805,-0.0018009651537394,-0.00189890713607888,-2.86308857520012e-05,6.93404003282438e-06,3.23447187771109e-05,6.67815308919018e-06,4.98542838807126e-05,-0.0011053328494004,2.28822675740759e-06,-0.00127969493269386,-0.000898406873118596,0.149182238679532,-0.00017143164360256,3.72237802590547e-05,-0.00179974101269753,-0.00418736371485107,-1.97528811147762e-05,4.47260866849319e-05,8.80446865290097e-05,-5.42123985702858e-05,0.000167353710688545,9.71948779158183e-05,-0.000119597090701973,-2.86308857520012e-05,0.000244355966597887,-0.00125426606310342,-0.000379623768378412,-0.00171753107013828,-0.0028578322479067,-0.00193359563526219,-7.93459189720735e-05,-0.00391971438747785,-8.53733326326989e-05,-0.00407151727860278,2.28822675651941e-06,2.28822675740759e-06,-8.92844946349669e-05,9.52139925054496e-05,-0.000953282489120078,7.71345132628554e-05,-0.00246267034896075,0.000104920147533605,-8.42209032292374e-07,-0.00126303608580169,-0.0016193696101694,-9.12089513640524e-05,-6.24551989085731e-05,0.00015186656113908,-0.00304629284132485,6.40867617605068e-05,-0.00178476268715144,-0.00172535878176738,-0.00156731043733949,-0.000242575035882098,6.40867617596186e-05,-0.00913071052907277,-5.63055098750098e-05,-0.000117771158987701,-7.67074952454649e-05,-2.86308857520012e-05,3.23447187771109e-05,-0.00448871634460346,-0.00178476268715144,-0.00455404126351056,3.23447187771109e-05,-0.000172486353362977,-8.31042532354331e-05,-0.000823922865248683,9.52139925054496e-05,-0.000896173331074834,-0.000342173569903181,-0.0010835263736908,-0.00214362159329706,0.000124454128671125,0.000193870558280018,-0.00716694097658266,-5.42123985702858e-05,0.00012909565102337,-0.000114058263172012,-0.0022310563694985,-0.00152666972154503,-3.07941216064478e-05,-0.00239771118194998,-0.00140503932878211,6.6645803646459e-05,-0.00150886569468334,-0.000713308774116683,-0.00353615889568193,-0.000119597090701973,0.000128335366385457,-0.000695535460350172,-5.42123985702858e-05,-6.24551989067967e-05,-0.000156419162862242,-0.00114229366473051,-0.00332943458135748,-0.000119597090701973,-0.00456915023210147,-0.0038493309332619,4.72772737127869e-05,0.000153563144920099,-2.20068250298411e-05,-0.000161805033553897,3.23447187771109e-05,-0.00177167965009151,-0.00137792330885844,-0.00194926237507076,-0.00110241337185846,0.000190813855273753,-0.000766949773258752,-0.000286079354752111,-0.00558992238252554,-0.00352177514815288,2.28822675740759e-06,-0.000348962438694755,0.000134186523301771,-0.000928488562673913,-0.00142063078096211,-0.00216084003431938,-0.0016507450299672,-0.000250294049664923,-0.000800232102373677,3.96997017366729e-05,-0.00215475439589063
"12:124580058:A:G",-0.0078895942750643,-0.00123160043738579,-0.00212201883399388,-0.00269637007879542,-0.000219842847761775,-4.84047744375715e-06,-0.000603218862858412,1.80484752210219e-06,-5.28403768926822e-05,-7.47776220215712e-05,-0.00113533903088037,-0.0123230098018672,-0.000388644433519048,-0.00146738371182753,-8.70878502734485e-06,-0.00450196635467748,-0.00391952690832831,-3.68173861531318e-06,-0.00184171446109005,-5.28403768926822e-05,-0.000428881818995031,-4.35752917988808e-05,-0.00169303552405076,-0.000805956413663544,-0.00694833632882208,-0.00208838936816313,-0.00212201883399388,-0.00146738371182753,1.36925505600516e-06,-4.35752917988808e-05,-0.00715353876746505,-0.0104569279192308,-0.00205329346473349,-0.00391952690832831,-5.68761408175078e-05,-0.000926776078082003,-0.00017143164360256,0.3015777334898,5.34982772837367e-06,-0.00250991524861366,-0.000313948677811648,-0.00112848939225696,-0.00184171446109005,-0.000944015130023956,-0.00151180102516602,-2.3244218152918e-05,-0.00274814770282283,-0.00270318287090721,-6.02537663496605e-06,-0.00137969256209391,-0.00146738371182753,-0.00531857213614906,-0.000112855363564535,-0.00350560863895621,-0.00354631145124706,-0.000244318525939313,-0.00441879911619747,-4.99724623663766e-05,-0.00126211602149517,-2.63394273503081e-06,-2.63394273503081e-06,-0.00322995284473482,6.78976256551778e-06,-0.00102043268034713,-0.0034176802946364,-0.00791711479710067,-0.00125556062316079,-0.000749439405413277,-0.00297674357979982,-0.00444689870769821,-2.49122474915708e-05,1.31141134422919e-05,-0.00311264355417773,-0.0101574838026148,7.06132910544e-06,-0.000637656968172529,-0.000307178752396275,-0.00134428941751441,-0.00326785847651223,-0.000119850545204692,-0.00734928281474545,-1.33221056408672e-05,-0.00452555062587479,-0.000129668978041231,-6.02537663496605e-06,-4.35752917988808e-05,-0.00485853889293875,-0.00152308548048818,-0.00713548471798209,-4.35752917988808e-05,-2.27171369502344e-05,-0.00375346910830743,-0.00154824232564188,6.78976256551778e-06,-3.81286208783749e-05,-0.0034312028595993,-0.000529507305037313,-4.56482312864992e-05,-0.00905349579643566,-0.000822433682955648,-0.00349688946411053,1.18846384227211e-05,-0.000512780580467442,-0.00478849089135736,-8.93645950581501e-05,-0.00205072036333132,-6.62665597062073e-06,-2.81494995402198e-06,-0.00152415323821486,7.14303648763348e-06,-5.62420038745515e-05,-0.000528169201765571,-0.00338333891306242,-0.00433750111435405,7.81316160747281e-06,6.29573231059055e-06,-9.93544352922981e-05,-1.54449481257757e-05,1.62338691938047e-05,-0.00777426984295992,-0.0138447538796962,-0.00039239730762386,-0.000585898539182672,-0.00426661869551381,-0.00186010172116102,1.15501600532752e-05,-4.25763310296645e-06,-0.000217482952072245,-4.35752917988808e-05,-0.00329813309606219,-0.00329217396988746,-4.36858261290141e-05,-0.0109839694271816,-0.00171677805577719,-0.00242328489655019,-5.02963513140386e-05,-0.00710529834006657,-0.00163808619337225,4.66320708270018e-07,-0.000325175589098947,2.46462611652731e-06,-0.000108152547362295,-0.0046883824224988,-0.00357262167483352,-0.00243006582772942,-0.000953369140063387,-0.00257492343386012,-0.00177118690235289,-9.55678137959382e-06
"12:124580144:G:T",-1.67850808363568e-06,-3.38395262593494e-05,-3.39914714597711e-06,0.000277660016121395,2.23088689166318e-05,6.73373931014964e-06,-1.85947923778684e-05,-0.00164194295404307,-0.00360502774317428,-9.82402723801457e-05,2.75632632220635e-05,0.000120654981807355,1.74655340856589e-06,8.31437497694765e-06,-0.00175506887759092,-9.39657640079972e-05,-8.34084366907462e-07,5.11324833674109e-06,-1.46692046607555e-05,-0.00360502774317428,-0.00248119669708657,-1.00344951761144e-05,8.75504659454407e-05,1.62683322519896e-05,0.000109610735414378,-6.06261406321806e-06,-3.39914714597711e-06,8.31437497694765e-06,-2.53346335288285e-06,-1.00344951761144e-05,-4.58375606093853e-06,-1.66067126903258e-05,-5.56727441489713e-05,-8.34084366907462e-07,-1.05069208862218e-05,-0.00246571644567073,3.72237802590547e-05,5.34982772837367e-06,0.0875078433426113,-0.00011370089674223,-0.00187673652076281,5.11324833674109e-06,-1.46692046607555e-05,-2.94959959239449e-05,1.52015690160212e-05,-5.69261716822922e-05,-0.000519812803125852,3.29436296953034e-05,-0.00368726076143133,-8.69559660223729e-05,8.31437497694765e-06,-0.00877171900454776,-0.00365430152604862,-0.00489778803347019,-3.39662650628014e-05,2.15876147260374e-05,2.51044310441983e-05,2.37242054810238e-05,5.12038575575247e-05,-8.34084366907462e-07,-8.34084366907462e-07,2.51044310441983e-05,6.89843850771865e-05,6.02419720543423e-05,-2.52548099082262e-05,-0.00421572920686142,-7.33477676266858e-05,-1.79881035755614e-06,2.37242054810238e-05,-0.00147730937756663,2.57817811100125e-05,1.81278282083142e-05,-5.19183437388548e-05,-0.00414498722967416,0.000402031131295111,-6.97328232757144e-06,-3.71551840201434e-05,5.92856881009851e-06,-0.00284804126155791,-2.02496708441302e-05,3.45858153583123e-05,1.59467735638685e-05,3.2300767919935e-05,-0.00308369198326464,-0.00163695589052892,-1.00344951761144e-05,-0.00181274049948854,-6.97328232757144e-06,5.42399819725148e-05,-1.00344951761144e-05,-0.000205654906517694,-9.77695026094239e-06,-0.000771313905885584,0.000400398860234574,3.48247568888738e-05,-0.00189397197260366,1.6682773199328e-05,-1.56317577175713e-05,-0.000373238655645203,-6.68874771001526e-05,-4.29782104269805e-05,1.52015690160212e-05,1.93673918982284e-05,3.09904098001468e-05,6.73373931014964e-06,-0.001153866774116,9.09020117845216e-06,-6.06261406321806e-06,1.44469867153774e-05,-0.000544627127977648,-0.000500597945823245,-2.06354345699822e-05,5.11324833674109e-06,3.29436296953034e-05,3.60407295865173e-05,-1.56317577175713e-05,1.52015690160212e-05,1.81278282092023e-05,4.26798630606129e-05,7.10598827984299e-05,-0.000230138071025898,3.29436296953034e-05,-4.1782537837598e-05,0.000160647889717147,-0.00142077475620361,2.71117295005396e-05,5.92856881009851e-06,7.20297031708839e-06,-1.00344951761144e-05,-0.00113947125341873,-0.00127923522545359,-2.73478735834942e-05,-0.00385567704511214,-6.55663685638075e-05,-0.00221909272822085,-1.57286206343699e-05,9.54425724941643e-06,7.52894712441332e-06,-0.000187922978584609,-0.00432218090672443,-4.46578230306471e-05,-0.00306699633401397,-2.53346335021831e-06,-0.0020183085863561,-0.00124498759342284,1.8607882809718e-05,-0.00424049945045368,-1.27803761511558e-05,-1.66067126903258e-05
"12:124580878:C:G",-1.97591726260882e-05,-0.00115798013259205,-4.02250562592243e-05,-0.00303195930920452,-0.00222321108450618,-2.43022221892986e-05,-0.000215983700751821,-4.02250562592243e-05,-0.000915864228134389,-0.00197804113594024,2.43750660446906e-05,-0.000587756828876351,-0.000465227015187253,7.02635136056173e-05,-0.00177897934243587,-0.000422885132754569,-9.79346074725385e-06,-0.00448697043189927,-0.00290896021083498,-0.000915864228134389,-0.00243293439994785,-9.19012568543209e-05,-0.00117457366476437,3.04694436090713e-05,-0.00662847351107665,-6.52025742331475e-05,-4.02250562592243e-05,7.02635136056173e-05,-2.99015256235435e-05,-9.19012568543209e-05,-0.00148499048479867,-0.00575821156307388,-0.0010743019306334,-9.79346074725385e-06,-0.0015822251511004,-0.000958635990767842,-0.00179974101269753,-0.00250991524861366,-0.00011370089674223,0.348655481620066,-0.00207198893492944,-0.000672814150151524,-0.00290896021083498,0.000417597468221231,-0.000874454421836646,-0.00204676938808834,-0.00529787283777328,-0.00318373508551861,7.02635136056173e-05,-0.00153036431990738,7.02635136047292e-05,-0.00577555112331174,-0.00069159334950708,-0.00573380983897565,-0.00151932800643628,-0.00198863271618954,-0.00135985147609841,-0.00538957822485653,-7.38758843379372e-05,-9.79346074725385e-06,-9.79346074725385e-06,-0.000219507229608062,-0.000287422082101862,-0.000837313656133709,-0.00679644672705582,-0.00156425624901146,-0.00233021134720968,-0.00182677770723494,-0.00583505403332918,-0.000883201037187309,-0.0108665634896816,0.000156443861475175,-0.0010646945913706,-0.00693839860646417,-0.00018768292291238,-0.000119245899669274,-0.00544484755530128,-0.00210063910635672,-0.000904542947212761,-0.000187682922911492,-0.0102197768158288,-0.00196307884540481,-0.00383556601298185,-0.00199972634159096,7.02635136056173e-05,-9.19012568543209e-05,-0.00765879978324913,-0.00815753547702514,-0.00932886341568029,-9.19012568543209e-05,-0.00563844147679404,-0.00010193868172248,0.000504242447165737,-0.000287422082101862,-0.0010792973644147,-0.00730779881277277,-0.00148675664866538,-0.0069857128426829,-0.0060272114772939,-0.00273084875263585,-0.00396984307532744,-0.00234137131081624,-0.00192587300473956,-0.0078451976827143,-0.00205208757505648,-0.00308495129463981,7.92568115972614e-05,-0.00548395692578563,-0.00184340429382246,-0.000199555306171106,-0.00162685645900762,-0.00114422798078273,-0.0019939979349175,-0.00367533288083255,0.000304434662917963,-0.00336376703269625,-0.00176698833510169,0.000156443861476063,-0.00289622560847214,-0.00231467028978294,-0.0150588050235614,-0.0122491909321765,-0.000633624528860288,-0.00902343860829324,-0.00544035086986305,0.000231517897288924,-0.00349020930182498,-0.000179918548181668,-9.19012568543209e-05,-0.000589745236412753,0.000395111084314337,-0.00685599334462594,-0.00483736685655067,-0.00251698329521322,0.000148226604770763,0.000209498832904664,-0.000384742595679555,-0.00271335499904168,-9.79346074725385e-06,-0.000457616874433242,-0.0010436525969304,-0.00306959264517381,-2.99015256226554e-05,-0.0021249485222139,-0.0111482302480246,-0.000460897017164008,-0.00225656553039055,-0.000124893261858716,-0.00774794407983936
"12:124582766:A:G",-0.00799843611781004,-0.00122225762053496,-2.07908898719467e-06,-0.000377089069878433,-0.000733926319270495,-0.00308782974780897,-0.00382118819872801,-0.00560388712009185,-0.000713269713675579,-0.00648417510108157,-0.00239742883235383,-0.00271380808645016,-0.00208823676581549,-0.00142591268857029,-0.00167425101493102,-0.00225680593919453,4.10750402313198e-06,-0.00412940598382683,-0.00175227998686633,-0.000713269713675579,-0.00652157879490955,6.41994736874096e-05,-0.00381751154859522,-0.00260749981774389,-0.00291825961874359,-2.32374363493548e-05,-2.07908898719467e-06,-0.00142591268857029,-0.00106539774588565,6.41994736874096e-05,-3.01160749627272e-05,-0.00601661170955481,-0.000672642195724826,4.10750402313198e-06,-0.000175923836016167,-0.00914491854975941,-0.00418736371485107,-0.000313948677811648,-0.00187673652076281,-0.00207198893492944,0.399761965633768,1.51509328194521e-05,-0.00175227998686545,-0.00107724733122083,-9.35616833537267e-05,-0.00348921125357649,-0.000862207314044738,-0.000193073247385378,-0.00573797298691048,-0.00045557690151643,-7.1632139097666e-05,-0.00233226177548307,-0.00523361590962601,-0.00541581231220922,-0.00111333122420199,-0.00155511950108611,-0.00330610913067364,-0.00273192908210707,-0.000165487296026612,4.10750402313198e-06,4.10750402313198e-06,6.77920354181794e-05,9.36366101083053e-05,-0.000108965950429862,-0.00018481090476552,-0.00614539952355875,-0.00195670704512629,-0.000118415414600115,-0.00404815485853494,-0.00340284884397191,-0.00104130958698967,-0.000167262571363125,-0.00586741516512124,-0.0104141452336228,3.69658934991079e-05,-0.004200852435992,-0.00798285611266358,-0.00379776952446242,-8.93803262869142e-05,3.69658934991079e-05,-0.000402674971209827,-0.000217364129996511,-2.77599662164008e-05,-0.00846492264213961,-0.00561113147098702,6.41994736874096e-05,-0.0133927824868176,-0.00229581765226428,-7.67491826056954e-05,6.41994736874096e-05,-0.010446833329675,-0.00676909736191345,-0.00191542902483288,-0.000182009485005352,-0.00384783342666495,-0.00741933892203672,-0.00309083054518933,-0.00644404554266043,-0.0137900946945169,-0.00108544627885454,-0.00126080445438959,-0.00300149999830435,-0.0064405222409345,-0.00493583004618792,-0.000240824840432197,-0.00470140777084005,-7.57191577687166e-05,-0.00793806783211348,-0.00358451223744805,-0.00256896276104968,-0.00383395483661264,-7.56593726780608e-05,-0.00239085299578079,-0.000193073247385378,9.46745617280698e-06,-0.00302932836053937,-0.00157790961962423,-4.04210554396656e-05,-0.00721305609048351,-0.00291289079677481,-0.00974079992184373,-0.000193073247385378,-0.00300196635081296,-0.00215801112055081,-0.000124725861883057,-0.000275159686388804,-0.000400899688130174,-0.00459837373657201,6.41994736874096e-05,-0.00520654166465473,-0.00258856820165843,-0.00166108464322168,-0.00160950440466312,-0.000799282397820456,-0.00101472131737701,-0.00338823310133485,-0.00461334913792566,-0.00161520870116316,-0.0041811112783936,-0.00884313655595914,-0.00053896607763626,-0.00452221211991866,-0.00018750326884831,-0.00129277511134784,-0.000787426417682369,-0.00403149155575733,-0.0123987369545016,-0.00011929360796703,-0.00179177024346
"12:124583131:C:T",7.15449544053115e-07,1.35163238939029e-05,1.44049686667813e-06,-0.00136028167715185,-1.11980251826793e-05,-3.21620847199e-06,7.71391961684742e-06,1.44049686667813e-06,-0.000911831673890084,-0.00216516406723244,-0.0015965519698895,-0.000425638761666569,-1.01808925379032e-06,-3.92797764359187e-06,-9.12727681523506e-06,-0.0044368938064272,3.56530902578811e-07,-0.00269631352422461,-0.0021095323216791,-0.000911831673890084,-5.20098349197085e-05,4.38989509099486e-06,-5.41198898762474e-05,-0.00170581919416879,-0.000212789907328315,2.54625698659083e-06,1.44049686667813e-06,-3.92797764359187e-06,1.07676773186682e-06,4.38989509099486e-06,-0.00248135476721334,6.95991327770429e-06,2.05027860973317e-05,3.56530902578811e-07,4.08183085287561e-06,-0.000516412538391187,-1.97528811147762e-05,-0.00112848939225696,5.11324833674109e-06,-0.000672814150151524,1.51509328194521e-05,0.113441852025114,-0.0021095323216791,1.18584803363575e-05,-0.00150659868976,2.08503728265086e-05,-0.000757447211655382,-1.70123699323455e-05,-3.92797764359187e-06,2.83285878515116e-05,-3.92797764270369e-06,-0.00259409531339738,-4.03131404098644e-05,3.34164368531731e-06,-0.00196266352332497,-1.08430990959363e-05,-1.25886104234141e-05,-0.00140322221890532,-0.00384890903665891,3.56530902578811e-07,3.56530902578811e-07,-0.00403477467345326,1.24331999629135e-05,-0.000975637132137663,1.03628364582775e-05,-0.00383272736714257,2.50530785619318e-05,5.01044743472789e-07,-1.18990821107445e-05,-0.00118375683315808,-1.29291249972852e-05,-8.8125857438115e-06,-0.00267077738132038,-2.07433223975428e-05,8.53578565429558e-06,2.91973441335358e-06,1.46134750584892e-05,-2.85644279873765e-06,-1.87055742149056e-05,8.53578565429558e-06,-1.83497749688399e-05,-7.76990024942137e-06,-0.00325942873472584,-0.00176523710638055,-3.92797764359187e-06,4.38989509099486e-06,-0.000732927886242685,2.91973441335358e-06,-3.04970479048094e-05,4.38989509099486e-06,-0.0018461623933641,4.05496186051124e-06,3.03860705770376e-05,1.24331999629135e-05,-1.80045872815171e-05,-0.00282906336937394,-0.00124587636267215,6.58619741944477e-06,-0.00297197572465535,2.35892538897886e-05,1.64715734101151e-05,-0.00150659868976,-9.76036892996746e-06,-0.00303168834274015,-3.21620847199e-06,-0.00250053142411488,-4.28001780239384e-06,2.54625698659083e-06,-0.00157300260382165,8.89737239795352e-06,-0.00266995949813076,-0.00216887175942393,-2.4940656082606e-06,-0.00343615922160545,-1.86518379647893e-05,-0.00212796342242161,-7.41690773242709e-06,-8.81258574292332e-06,-2.27236364533923e-05,-4.2413167648192e-05,-0.000405208535553037,-1.70123699323455e-05,-5.69943419179708e-05,-5.02487245892524e-05,6.58619741944477e-06,-1.36018004450733e-05,-2.85644279873765e-06,-0.00196653746938136,4.38989509099486e-06,-0.000106085145919366,-7.70226194601875e-05,-0.00196459246277136,-0.00333408813259695,-0.00520742805833763,-8.46771511575639e-06,-0.0021539147788463,-5.14544017793384e-06,-3.57338067225044e-06,3.56530902578811e-07,-0.00490718516187449,1.71434641371704e-05,-0.00152224825096159,1.07676773364318e-06,-0.000462318342568047,-3.58019975230661e-05,-9.39337358207837e-06,-0.00498342190135759,5.47820117802189e-06,-0.00214115668472736
"12:124583364:G:A",-2.08204868901163e-06,-0.00128008655296696,-4.22045053483089e-06,-0.00848755955375324,2.70220775657748e-05,8.21200237233199e-06,-2.31522224325431e-05,-4.22045053483089e-06,5.18799362376754e-05,-0.00616122150188669,3.32592323912806e-05,-0.00149428286367748,2.05297221622658e-06,1.0156538506223e-05,-0.00190306680635111,-0.00012133382627777,-1.03411766527728e-06,6.21467394079644e-06,0.000278555526387336,5.18799362376754e-05,-0.00221785333060254,-1.23904191751123e-05,0.000102252622281362,1.9673262410258e-05,-0.000959794292614724,-0.00178659814662385,-4.22045053483089e-06,1.0156538506223e-05,-3.14406621626517e-06,-1.23904191751123e-05,-0.000272968713582955,-2.06441426575665e-05,-7.02319668217655e-05,-1.03411766527728e-06,-0.00436721108508653,-0.00231197806177885,4.47260866849319e-05,-0.00184171446109005,-1.46692046607555e-05,-0.00290896021083498,-0.00175227998686545,-0.0021095323216791,0.134946395150288,-3.68636514380682e-05,1.8486480030333e-05,-7.18652968023648e-05,-0.00784729028715603,3.97238177995973e-05,1.0156538506223e-05,-0.000111072910337739,1.01565385071112e-05,0.000122153104893385,8.17755652882113e-05,-0.0029099960304606,-0.00169415378048132,2.61475800016342e-05,3.04039355851771e-05,2.87357713295577e-05,-0.00154498204157427,-1.03411766527728e-06,-1.03411766527728e-06,-0.00316434264245036,-3.82140834513933e-05,7.15550996739367e-05,-3.14663334792797e-05,-0.013149357808973,-9.34287395617517e-05,-2.34710300794916e-06,2.87357713295577e-05,-0.0144221067812378,3.12214990252357e-05,2.20522446721105e-05,-6.54759390892323e-05,-0.0018424940281303,-2.51265429946912e-05,-0.00260136101901853,-4.6537859406115e-05,7.22006821263221e-06,-0.00212142728891251,-2.51265429946912e-05,4.15745331645567e-05,1.93957690077795e-05,3.89538802263445e-05,-0.00517756630568034,1.0156538506223e-05,-1.23904191751123e-05,-0.0020332472797584,-8.67552465599886e-06,6.45763015061362e-05,-1.23904191751123e-05,-0.00536647365627196,-1.21825660377439e-05,-0.00394549483767648,-3.82140834513933e-05,4.19729134923941e-05,-0.0017352536882056,2.02930042840777e-05,-1.94160957667222e-05,-7.87012796799047e-06,-8.47754605315387e-05,-0.00142377106878477,1.8486480030333e-05,2.34505635079429e-05,3.73824184443095e-05,8.21200237233199e-06,-8.76731970667066e-05,1.1109647894969e-05,-7.53871917336113e-06,1.75648969786835e-05,-2.63602453181022e-05,3.06424381566472e-05,-2.57320411769513e-05,6.21467394079644e-06,3.97238177995973e-05,4.34236562938395e-05,-0.0013202889749877,1.8486480030333e-05,2.20522446729987e-05,5.12071994922536e-05,8.37680737530988e-05,5.97257342143109e-05,3.97238177995973e-05,-5.24891354531931e-05,-0.000952496305278494,-1.94160957667222e-05,3.28246490211015e-05,7.22006821263221e-06,8.67443983576521e-06,-1.23904191751123e-05,-0.00129990006458147,-0.000227784224263949,-3.41270890977796e-05,-0.00383575783537538,-8.30409303915758e-05,2.11784200843113e-05,-0.00275773009383951,-0.00403695315493113,9.19074014404941e-06,-1.03411766527728e-06,-0.00165048112851984,-5.60722090066079e-05,2.30772894056486e-05,-3.14406621537699e-06,-0.000671454058591259,-0.000156612404035528,-0.00768954245296616,-5.20260947389772e-05,-1.58317910168293e-05,-2.06441426575665e-05
"12:124583487:T:C",-4.3510528824342e-06,-0.000924420916669,-8.8210693842683e-06,-0.000325686437547823,5.3193742878932e-05,-0.00232292806275947,-4.7177823931932e-05,-8.8210693842683e-06,0.000103363663674472,-0.00313494952830506,6.50477650614434e-05,-0.000219841589194303,-0.00559903292591546,2.01287401644379e-05,-0.000362041887266074,-0.000906195256080267,-2.16094949045953e-06,1.18584803363575e-05,-3.68636514380682e-05,0.000103363663674472,-0.00359686479566523,-2.47490744946788e-05,-0.000841876711207945,3.76221248554742e-05,-0.000345985299214924,-1.57598395205127e-05,-8.8210693842683e-06,2.01287401644379e-05,-6.57089332012362e-06,-2.47490744946788e-05,-0.00182471990902844,-4.19482318596565e-05,-0.00014027532553218,-2.16094949045953e-06,-7.85796128992544e-05,-0.00356797640660922,8.80446865290097e-05,-0.000944015130023956,-2.94959959239449e-05,0.000417597468221231,-0.00107724733122083,1.18584803363575e-05,-3.68636514380682e-05,0.164478515748277,3.64437785833616e-05,-0.00014364333932626,-0.000304046918305989,7.88118944141658e-05,2.01287401644379e-05,-0.000221070258485945,2.01287401644379e-05,4.63520530376016e-05,0.000163338717397821,-0.00400538599949085,-0.00139023947613826,5.13418547800626e-05,6.03525620874734e-05,-0.0024707053413584,-0.00303092026677643,-2.16094949045953e-06,-2.16094949045953e-06,6.03525620874734e-05,-7.623681349056e-05,0.000142735704944386,-6.33279117350227e-05,-0.000262280853240426,-0.00278513660057733,-6.12074304484622e-06,-0.00417777501975447,-0.00898560750861277,6.20825382169343e-05,4.39543501187245e-05,-0.00121146673466921,-0.000265738480702105,-5.01576745213228e-05,-0.00169031908641237,-0.00991353155880326,-0.00212606953246741,8.30136641933876e-05,-5.01576745213228e-05,-0.00203874140153193,3.83594233310802e-05,7.71735643780858e-05,-0.00181544829719726,2.01287401644379e-05,-2.47490744946788e-05,-0.00351430512183182,-0.00554954980618394,-0.00186851499806195,-2.47490744946788e-05,-0.00365019721361914,-0.0025555205256671,-0.000250593560836343,-7.623681349056e-05,8.35961618514958e-05,-0.00445788379971823,4.0249399167358e-05,-0.00809084725353237,-0.00481898062132124,-0.000703480586188299,-0.00302941249622624,3.64437785833616e-05,-0.00212396500152323,7.38288636066287e-05,1.6049571649468e-05,-0.000176263130324372,2.21277225627148e-05,-0.00665743826843457,3.45019467484775e-05,-5.27198815083452e-05,-0.00211429673124464,-0.00271804874629922,-0.00201268359814488,7.88118944141658e-05,8.6680974316522e-05,-0.00150378431691056,3.64437785833616e-05,4.39543501196127e-05,-0.00157804353182733,-0.000882041949813228,-0.00290577347902676,-0.00359031044336788,-0.00136080573400221,-0.000692612954808602,-0.00334400747412733,6.54740759182815e-05,-0.00192353940800771,-8.84028377168278e-06,-2.47490744946788e-05,-0.00125573948855262,0.000502428934619381,-0.00137373136814567,-0.00326961206927523,-0.000909829336812606,4.21142108448791e-05,-7.52817506883829e-05,-1.0055729204872e-05,1.81028688457374e-05,-2.16094949045953e-06,-0.00263120554165575,-0.00440784122203652,4.33302146065628e-05,-6.57089331923544e-06,-0.00399173137925501,-0.000196386937693305,-0.00195368917741945,-0.000118767441646739,-3.19182469832313e-05,-0.00151969354147052
"12:124590363:G:A",2.01919550146812e-06,4.22461828621934e-05,4.07925330581094e-06,-0.000178381369312142,-0.00323272015403564,-9.39372846175957e-06,2.30235870510853e-05,4.07925330581094e-06,-6.20356787965903e-05,0.000109537301357321,-0.0013345023019129,-0.000198715221797485,-3.33838332267078e-06,-1.13305771956007e-05,-0.0029689528497201,-0.00622766324089952,1.00456487217571e-06,-7.41690773242709e-06,1.8486480030333e-05,-6.20356787965903e-05,-0.000529918142929908,1.30653618430898e-05,-0.00013469250322995,-0.00143375418812042,-0.00122953194627229,7.24865562684585e-06,4.07925330581094e-06,-1.13305771956007e-05,3.04404098727673e-06,1.30653618430898e-05,4.22763056384667e-06,-0.00192880982313248,-0.00158179998121533,1.00456487217571e-06,1.11877326309795e-05,-0.0012327409656665,-5.42123985702858e-05,-0.00151180102516602,1.52015690160212e-05,-0.000874454421836646,-9.35616833537267e-05,-0.00150659868976,1.8486480030333e-05,3.64437785833616e-05,0.0785673740831943,6.87964187937595e-05,-0.000271078566401961,-4.68060681440008e-05,-1.13305771956007e-05,-0.000894467937744281,-1.13305771947125e-05,-0.00119079967898461,-0.000103617226768549,-0.000810270726707252,4.14142588720523e-05,-0.00317017747521131,-3.51275126790895e-05,-3.33777968668514e-05,-7.45821458991713e-05,1.00456487217571e-06,1.00456487217571e-06,-0.000928740365036873,3.86929290598914e-05,-8.89397900829536e-05,-0.00230603582369859,-0.00325981581887991,-0.00205495571010594,9.15442512905429e-07,-3.33777968668514e-05,-0.000774817426682617,-3.59886593708225e-05,-2.48443839119261e-05,-0.00212369578963223,-0.00149852392593885,2.59641338899996e-05,-0.00172008939264146,-0.00216957297896503,-8.41039028998125e-06,-0.00322902112629286,2.59641338899996e-05,-0.00134327526837286,-2.21160985756086e-05,-4.59796587488626e-05,-2.6559306531837e-06,-1.13305771956007e-05,1.30653618430898e-05,-0.000305617918489709,8.3269150197296e-06,-0.00124960312337574,1.30653618430898e-05,1.73568565520199e-05,1.16294134420158e-05,-0.00284425178342484,3.86929290598914e-05,-4.92327999905839e-05,-5.1260861505753e-05,-2.30349024539223e-05,1.96035795143601e-05,-0.00381546970379265,-0.0015602916673858,5.22484429348324e-05,-2.11877264923999e-05,-2.7898569321394e-05,-4.42997381844279e-05,-9.39372846175957e-06,8.11777401761304e-05,-1.22843831880104e-05,7.24865562684585e-06,-2.02496379486661e-05,2.70831327391363e-05,-3.71961968577139e-05,2.53625803630086e-05,-7.41690773242709e-06,-4.68060681440008e-05,-5.08082384103048e-05,-0.00198205933428142,-2.11877264923999e-05,-2.48443839110379e-05,-6.12915094553301e-05,-0.00252442209101211,-0.00467643010626961,7.464684972458e-05,5.09542224014226e-05,-0.00127647236801653,1.96035795143601e-05,-3.76842321339055e-05,-8.41039028998125e-06,-1.13435786506244e-05,1.30653618430898e-05,4.71483146062823e-05,0.000149889628715094,3.40331887223044e-05,-0.00216078603368075,7.84794620107832e-05,-2.39442834226722e-05,1.85552242362164e-05,-0.000161161770638962,-1.03670743758499e-05,1.00456487217571e-06,2.34266749608025e-05,5.49579004740508e-05,-0.00150746073008978,3.04404098816491e-06,0.000146490872867666,-0.000648852803638356,7.80997411187201e-06,-0.000109781248298191,1.62856359535724e-05,2.07320173277736e-05
"12:124590479:T:C",-9.01960128185664e-06,-0.000160223504365398,-1.82618856898742e-05,-0.00121531107515516,-0.00132379998672594,2.96666729662221e-05,-0.00225269011232854,-1.82618856898742e-05,0.000202395622361351,-0.000476913807635704,0.000121402776250612,-0.000273964591010589,2.5440341691052e-06,3.82692600524592e-05,-0.00892802207859855,-0.00124024759641195,-4.48247023321358e-06,2.08503728265086e-05,-7.18652968023648e-05,0.000202395622361351,-0.0024970736594625,-4.7268480264151e-05,0.000417274034838933,6.66169905292335e-05,-0.000203145176776331,-3.25611818219329e-05,-1.82618856898742e-05,3.82692600524592e-05,-0.00401155321044833,-4.7268480264151e-05,-3.18405169545954e-05,-0.000886537198204529,-0.00610435274151122,-4.48247023321358e-06,-0.00128269440121276,-0.00609902609646351,0.000167353710688545,-2.3244218152918e-05,-5.69261716822922e-05,-0.00204676938808834,-0.00348921125357649,2.08503728265086e-05,-7.18652968023648e-05,-0.00014364333932626,6.87964187937595e-05,0.117803893033125,-0.000721249860380802,0.000152077391462946,3.82692600524592e-05,-0.000403053602919812,3.82692600524592e-05,-0.00124012361433579,0.000326425213150294,-0.000860486887695799,-0.000167050705438321,-0.00126580541902666,-0.0023146575278048,0.000108375745996092,0.00023934763029132,-4.48247023410175e-06,-4.48247023321358e-06,0.000116112737463148,-0.000143650150167929,0.000282911675416386,-0.000671853901942576,-0.000973329610254758,-0.00035103008575188,-0.00189197127624396,-0.00308220093904676,0.000345930590492038,0.000119910469509321,8.49496851955678e-05,-0.00129410069661606,-0.00238363986256296,-9.5148763030295e-05,-3.74482487410788e-05,-0.000177429800030993,2.52857307287968e-05,-0.00124088320156091,-9.51487630311831e-05,-0.00121829913440408,-0.00160122271329044,0.000148410791338094,-1.49957034132342e-05,3.82692600524592e-05,-4.7268480264151e-05,-0.0045308646238027,-3.74482487410788e-05,-0.00128332788648944,-4.7268480264151e-05,-9.28652481704262e-05,-0.00102133545975036,-0.000512022596973694,-0.000143650150167929,-0.00298614002472597,-0.00245094295663684,7.6971547708915e-05,-7.69702372993564e-05,-0.00577399012915336,-0.000312730230203506,-0.000810436902263234,-0.000602037157972468,-0.0060676386632128,0.000140938367687582,2.96666729662221e-05,-0.000925827751850683,4.24928204427744e-05,-3.25611818219329e-05,6.46326924762519e-05,-0.000100272718706051,-0.000197356546610017,-0.000935687451344869,2.08503728265086e-05,0.000152077391462946,0.000169747776086915,-7.69702372993564e-05,6.87964187937595e-05,8.4949685196456e-05,-0.00214371057056084,-0.00133831432302234,-0.00228726511887345,0.000152077391462946,-0.000782775805923563,-0.000924094176058432,-7.69702372993564e-05,0.000127368662678151,2.52857307287968e-05,-0.00306047101082907,-4.7268480264151e-05,-0.000183312173806627,-0.00186255108588362,-0.000132386566956022,-0.00215931326470908,-0.000306062520529338,8.09847934339913e-05,-0.00159965090685965,2.90066415518098e-05,-0.00339490012745269,-4.48247023321358e-06,-0.0033022099129596,-0.000210390427429097,7.35837488559099e-05,-1.36123969367574e-05,-0.000539503679337194,-0.000366292965964021,7.97139100185973e-05,-0.00339459800458108,-6.1844420421231e-05,-8.21397697841064e-05
"12:124598267:T:G",-0.00183240864002165,-0.00363991289773846,-0.000247638832032493,-0.0150020265025814,-1.04419376811826e-05,-0.000944546723473216,-0.000801478033626513,-0.00379275172315019,-0.00375287990475481,-0.000364237485978691,-0.000392429786184589,-0.00509336062290311,-0.000637726474417732,-0.0011786815162802,-0.00143195474672098,-0.00194661542938279,-7.93873065862982e-06,-0.000376300834397547,-0.00784729028715603,-0.00375287990475481,-0.00482316078611245,0.000297973170278354,-0.00111337516494814,-0.000498308745798592,-0.00401062527331009,-2.49392017259709e-05,-0.000247638832032493,-0.0011786815162802,-0.00424833556342019,0.000297973170278354,0.000167188760678449,-0.00638767560375086,-0.00403425378888755,-7.93873065862982e-06,-0.00329064470812668,-0.00662770832014115,9.71948779158183e-05,-0.00274814770282283,-0.000519812803125852,-0.00529787283777328,-0.000862207314044738,-0.000757447211655382,-0.00784729028715603,-0.000304046918305989,-0.000271078566401961,-0.000721249860380802,0.359410854988643,-0.00407133608888266,0.000227190474786809,-0.00320148298530487,-0.00447187255264136,-0.00440781577121285,-0.000215598276668949,0.00227543850450518,0.000122306244467296,0.000332603311738122,-0.000427946587260308,-0.00072923415285242,-0.00100942457245079,-0.00328397146278014,-7.93873065862982e-06,-0.00357036895584173,-0.000446216432064439,-0.00234640986164436,-0.00225918353487309,-0.00343607453047889,-0.00112547045306899,-0.000422449688561866,-0.0084274288226327,-0.00270752212304171,-0.00501806029263552,-1.92930708839967e-05,-0.00308306984073647,-0.00221130482128507,-6.21625208570009e-05,-0.0017123681156912,-0.00393829729151118,-0.0018056375337725,-0.000993941015063893,0.000590558975247291,-0.00287513889720126,0.00036354147892137,-0.000421068196833296,-0.00554168567038049,-0.00183782381672071,0.000297973170278354,-0.00641479817259194,-0.00859543900714232,-0.0031291118209098,0.000297973170278354,-0.00188124751229513,-0.000967921927285342,-0.00182457728821372,-0.000446216432064439,-0.000589126571215459,-0.00412378174830508,-0.00499056163357547,-0.00266504989703176,-0.00928077350514922,-0.000252245767600634,-0.000489392709560388,-0.000414541537263169,-0.000783309357915929,-0.00809438852619015,-0.0019471579911432,-0.005861733766229,-0.000313868580183119,-0.00189136091585596,-0.00101921835018715,-0.00108213582558125,-0.00115438260223488,-0.00190903291718358,-0.000878526729305662,-0.00102047365809455,0.000539807300056871,-0.00713677164896787,-0.00141715280493315,-0.00063877506123422,-0.00116667139636739,-0.00166999807927803,-0.00979402428844622,-0.00171223098152407,-6.05051328190775e-05,-0.00942424413283849,1.10609120396177e-05,0.000265378472943389,-0.00159123481713319,-0.00023320285081363,0.000297973170278354,-0.00826912025095794,-0.00289066435519647,-0.00295387849327167,-0.0108650996764217,-0.00222211130978334,-0.00184834720378824,-0.00137795646533467,-0.00192972730169538,-0.00799783190726622,-6.58321234148218e-05,-0.00147207823931605,-0.000415626637301436,-0.00648067535758878,-0.00188928313821624,-0.0029807794125114,-0.00868459917229059,-0.00162695674996094,-0.00592452610936478,-0.000113447829901858,-0.00405572505784058
"12:124598518:C:T",4.11131189803626e-06,9.25922002572577e-05,8.31103193466021e-06,-0.000385673805550546,-0.001174424518811,-2.09964302131382e-05,4.91119481056401e-05,8.31103193466021e-06,-0.000134448045061575,-0.00326334489577818,-8.89387215279314e-05,-0.00101426824876505,-8.77763097850703e-06,-0.000925364713552312,-0.00415690061343454,-0.00263990651061619,2.04477934051539e-06,-0.0012659295055677,3.97238177995973e-05,-0.000134448045061575,-0.00190024280173873,2.85419301508938e-05,-0.000287311961575831,-5.49755432039944e-05,-4.79552192622634e-07,1.47826790950489e-05,8.31103193466021e-06,-0.000925364713552312,6.1999446465677e-06,2.85419301508938e-05,6.55273613414664e-06,-0.00165503106894604,0.000149246572789252,2.04477934051539e-06,2.07191619772118e-05,-0.00292162174105481,-0.000119597090701973,-0.00270318287090721,3.29436296953034e-05,-0.00318373508551861,-0.000193073247385378,-1.70123699323455e-05,3.97238177995973e-05,7.88118944141658e-05,-4.68060681440008e-05,0.000152077391462946,-0.00407133608888266,0.130054424825036,-2.48953956196729e-05,0.000226363020668252,-2.48953956187847e-05,-0.00314041930449172,-0.000222782120481213,-0.00349219556842595,8.92536585332948e-05,-0.00120108584372325,-7.67748250760647e-05,-0.000926733616074316,-0.000161492210865255,2.04477934051539e-06,2.04477934051539e-06,-7.67748250760647e-05,8.5099732803684e-05,-0.00106518088802598,-0.00469934288341278,-0.00120480565957415,0.000188514729377864,-0.00122137188578364,-7.33435193742693e-05,-0.00622350005835148,-7.84623373810689e-05,-5.40724595605724e-05,0.000137605116496964,5.00074788130078e-05,5.69098626526099e-05,1.69872822652906e-05,0.00010032548553518,-1.90152092685025e-05,-0.000881555593032601,5.69098626526099e-05,-0.00239647146061728,-4.86523558240748e-05,-0.000886617032764825,-0.00123423288774305,-2.48953956196729e-05,2.85419301508938e-05,-0.00357910073016665,1.69872822652906e-05,-0.00220453568406587,2.85419301508938e-05,-0.00127827756559462,2.37487749306098e-05,0.000249219876054418,8.5099732803684e-05,-0.000106914491039056,-0.00114963170130178,-5.04786366013477e-05,4.2032777231249e-05,-0.0015424499047918,0.000177278139131154,0.000113781480400199,-4.68060681440008e-05,-0.0011548936513055,-0.00099119672754,-2.09964302131382e-05,0.000178955248163248,-2.68138113037608e-05,1.47826790950489e-05,-4.49394442805229e-05,5.92413570075223e-05,-0.000397764328607053,5.39625043147751e-05,-1.70123699323455e-05,-0.00081300705531806,0.000470694795635218,4.2032777231249e-05,0.000320364199684953,-5.40724595605724e-05,-0.00163061303090917,-0.00203055273984365,-0.00444490747233761,-0.000102231968600819,0.000111031415436003,-0.00744811482163588,-0.00170956347446971,-8.17825983769893e-05,-1.90152092685025e-05,-0.00145101119647162,2.85419301508938e-05,-0.00245334691287358,-0.000263095208457464,-0.00262764206817145,-0.0107830192866576,0.000174341752138041,-5.22852327184964e-05,-0.00158339571582378,-0.0003210438452248,-2.29563792695231e-05,2.04477934051539e-06,-0.00196058367119534,-0.0019489977965268,-6.84812964548698e-05,-0.00414868042143368,-0.00262703532284814,-0.0024313930745743,-6.07089345319167e-05,-0.00262662618988685,-0.00210230724733673,-0.00282937679958728
"12:124608715:A:C",1.12371728366867e-06,2.32822276018396e-05,2.27137522479381e-06,-0.00319609519711506,-1.68180845836474e-05,-5.02408655478348e-06,1.27064996986448e-05,-0.000386594394822026,-3.29150468694195e-05,6.22285626494801e-05,-2.11232897360247e-05,-0.000101677159261904,-1.66318725103309e-06,-6.0970229984747e-06,-0.0054761346305563,5.8956665013099e-05,5.58912898185326e-07,-3.92797764359187e-06,1.0156538506223e-05,-3.29150468694195e-05,-0.00111797345344744,7.11818869802983e-06,-7.01819918882407e-05,-1.26566734772737e-05,-9.17977086247745e-05,4.03944277937995e-06,2.27137522479381e-06,-6.0970229984747e-06,1.69450634412982e-06,7.11818869802983e-06,2.55031839913045e-06,1.14177683450123e-05,3.75109184886924e-05,5.58912898185326e-07,6.44071958255665e-06,-0.00105587833896603,-2.86308857520012e-05,-6.02537663496605e-06,-0.00368726076143133,7.02635136056173e-05,-0.00573797298691048,-3.92797764359187e-06,1.0156538506223e-05,2.01287401644379e-05,-1.13305771956007e-05,3.82692600524592e-05,0.000227190474786809,-2.48953956196729e-05,0.0534085606098635,5.68952018840108e-05,-6.09702299758652e-06,-0.00492550517086165,0.000292197381624781,-0.000192480123475391,2.29509249436433e-05,-1.63182227845837e-05,-1.87632592947296e-05,-1.78013482550199e-05,-3.94061252233513e-05,5.58912898185326e-07,5.58912898185326e-07,-1.87632592947296e-05,2.12635944105699e-05,-4.68260636061757e-05,1.74265591850187e-05,-3.18494044275752e-05,4.80290510553871e-05,7.03799841517139e-07,-1.78013482550199e-05,-0.00502479779359177,-1.92364231388353e-05,-1.33470886165554e-05,3.48679866224444e-05,1.38734631205395e-05,1.42063080241783e-05,4.64162350954922e-06,2.5365393867105e-05,-4.47897512501072e-06,-0.00124272148644433,1.42063080241783e-05,-2.67738171002563e-05,-1.18428504709556e-05,-2.44422457136295e-05,-0.00141641115949209,-0.00291736937902609,7.11818869802983e-06,-0.0017775787182055,4.64162350954922e-06,-4.24915112562374e-05,7.11818869802983e-06,-0.00144641928708289,6.48812155379375e-06,6.29911669678407e-05,2.12635944105699e-05,-2.62252455289769e-05,-8.83766470778369e-05,-1.23496354875741e-05,1.07837707066238e-05,-0.00154546985796156,4.45737953045366e-05,2.89893015175124e-05,-1.13305771956007e-05,-1.47846001974372e-05,-2.35206475718286e-05,-5.02408655478348e-06,4.54687435320622e-05,-6.62502903825413e-06,4.03944277937995e-06,-1.08127263507285e-05,1.48369395649439e-05,-0.00151108048058024,1.40236360053336e-05,-3.92797764359187e-06,-2.48953956196729e-05,-2.70879407393565e-05,1.07837707066238e-05,-1.13305771956007e-05,-1.33470886165554e-05,-3.25080193217531e-05,-5.68958166082822e-05,-0.00175976241097775,-2.48953956196729e-05,2.82487500067319e-05,-0.000144504332279638,1.07837707066238e-05,-2.01675825648451e-05,-4.47897512501072e-06,-5.88533714740436e-06,7.11818869802983e-06,2.60746564020309e-05,8.64875787538466e-05,1.87631291055368e-05,-0.00141022791755052,4.37887024906658e-05,-0.00058317094289162,1.03711404149109e-05,-8.08999811141575e-06,-5.56340535684541e-06,-0.00145262123686507,-0.000218856249360577,3.04134415651802e-05,-0.00143280076513808,1.694506345018e-06,-0.00413770887254472,4.97839689606039e-05,-1.42617242602228e-05,-0.000127583373685347,8.92194438861793e-06,1.14177683450123e-05
"12:124609080:C:T",-1.4686115290985e-05,-0.000242506760678829,-2.97244485354398e-05,0.000735932326724864,-0.000487034832001854,4.27823636561797e-05,-0.000144627012224952,-2.97244485354398e-05,0.000304035339598663,-0.000571654541255739,0.000174725901847417,-0.00549692017249637,-1.65242272753829e-06,5.68952018840108e-05,3.72620725039852e-05,-0.00589795047769748,-7.29980839775379e-06,-0.000533106037557296,-0.000111072910337739,0.000304035339598663,-0.00159783711173311,-7.13509119538713e-05,0.000633965689280203,9.06453199043256e-05,-0.00974157754558114,-5.29705847647222e-05,-2.97244485354398e-05,5.68952018840108e-05,-2.21604673962261e-05,-7.13509119538713e-05,-0.000402809579227892,-0.000127644093931067,-0.000393026519267536,-7.29980839775379e-06,-0.000110239687564295,-0.000920396637843268,0.000244355966597887,-0.00137969256209391,-8.69559660223729e-05,-0.00153036431990738,-0.00045557690151643,2.83285878515116e-05,-0.000111072910337739,-0.000221070258485945,-0.000894467937744281,-0.000403053602919812,-0.00320148298530487,0.000226363020668252,5.68952018840108e-05,0.0583392566249366,5.68952018848989e-05,-0.00151261868375485,0.000492547252811448,-0.00251615371343927,-9.70837921157042e-05,-0.000431582430898025,0.000173111695835004,0.000160199508598247,0.000359148267657261,-7.29980839775379e-06,-7.29980839775379e-06,0.000173111695835004,-0.000216106658855963,0.00042577083723927,-0.000185491265189519,-0.000159377479188372,-0.0102874393523766,-3.31555518453541e-05,0.000160199508598247,-0.00084771531354022,-0.00217178132032725,0.000127797668965535,-0.000376292543901258,-0.000281956387661708,-0.000143383229779914,-6.09097023911431e-05,-0.000269882246434427,3.55988605393875e-05,0.000224938095779059,-0.000143383229779914,0.000218295947401081,0.000107872946214727,0.000220183980520261,-3.70286286210941e-05,5.68952018840108e-05,-7.13509119538713e-05,-0.00121508396645353,-6.09097023911431e-05,0.000361658790439812,-7.13509119538713e-05,-0.000157240131480663,-8.53232988822228e-05,0.0036017144620768,-0.000216106658855963,0.000244458632769451,7.39961362370423e-05,0.000114593413910846,-0.000119307976909511,-0.000754680895657778,0.000458717871188341,-0.000317827069458154,0.000101071688061616,0.000119515848590268,0.000207596966261825,4.27823636561797e-05,0.000739699706201691,6.38275173381331e-05,-5.29705847647222e-05,9.41881736684635e-05,-0.000151604554650575,-0.000364688224816057,-0.000162037204874288,2.83285878515116e-05,0.000226363020668252,0.000256167441623489,-0.000119307976909511,0.000101071688061616,0.000127797668965535,0.000298391498327,0.000475549968014022,-0.00315810372788317,-0.00288454064690047,-0.00030799595425357,0.00114876088990101,-0.000119307976909511,0.000191910847398447,3.55988605393875e-05,2.82745945323626e-05,-7.13509119538713e-05,-0.00027923356186399,-0.00099536244566778,-0.000203061400561921,-0.00272972559075768,-0.000458985708834625,0.000121234522311831,-0.000137008079101442,2.81956018071128e-05,4.98806414865882e-05,-7.29980839775379e-06,-0.000421857823305061,-0.000317397372847417,-0.000237055303385247,-2.21604673944498e-05,-0.000931193844820655,-0.000314320306314286,0.000112435126530031,-0.000854402708400315,-9.48986663900087e-05,-0.000127644093931067
"12:124609747:T:C",-0.00204193339767311,2.32822276027278e-05,2.27137522479381e-06,-9.10721049676155e-05,-1.68180845845356e-05,-5.02408655478348e-06,1.2706499699533e-05,2.27137522479381e-06,-3.29150468685313e-05,6.22285626494801e-05,-0.0012547944744119,-0.000101677159261904,-1.66318725014492e-06,-6.09702299758652e-06,-1.4098925104733e-05,5.8956665013099e-05,-0.00714111995896349,-3.92797764270369e-06,1.01565385071112e-05,-3.29150468685313e-05,-0.00452279995793781,-0.00326516996936554,-7.01819918882407e-05,-0.00136131165883935,-9.17977086247745e-05,4.03944278026813e-06,2.27137522479381e-06,-6.09702299758652e-06,1.69450634412982e-06,-0.00326516996936554,-0.00543751359849409,1.14177683450123e-05,3.75109184895805e-05,-0.00714111995896349,6.44071958255665e-06,-0.00442449592499372,-0.00125426606310342,-0.00146738371182753,8.31437497694765e-06,7.02635136047292e-05,-7.1632139097666e-05,-3.92797764270369e-06,1.01565385071112e-05,2.01287401644379e-05,-1.13305771947125e-05,3.82692600524592e-05,-0.00447187255264136,-2.48953956187847e-05,-6.09702299758652e-06,5.68952018848989e-05,0.119430860742839,-0.00568204793619298,-5.4357941226435e-05,-0.00539353248913876,2.29509249436433e-05,-1.63182227845837e-05,-1.87632592947296e-05,-1.78013482550199e-05,-3.94061252233513e-05,-0.00145262123686507,5.58912898185326e-07,-1.87632592947296e-05,2.12635944114581e-05,-4.68260636061757e-05,1.74265591850187e-05,-0.00545471188363056,4.80290510562753e-05,7.03799841517139e-07,-1.78013482550199e-05,5.77972606246036e-05,-1.92364231388353e-05,0.000363383943634332,3.48679866224444e-05,-0.00144816605960774,1.42063080241783e-05,4.64162350954922e-06,2.53653938679932e-05,-0.00577024035448126,-2.72463587167593e-05,-0.0032495429037116,-0.00125866662544372,-1.18428504700674e-05,-2.44422457127413e-05,-1.05905642566739e-06,-6.09702299758652e-06,-0.00326516996936554,-0.00503188883066752,4.64162350954922e-06,-0.00472336606896562,-0.00326516996936554,-0.00532464841085023,6.48812155468192e-06,6.29911669678407e-05,2.12635944114581e-05,-2.62252455289769e-05,-0.00125476667317947,-1.23496354875741e-05,1.07837707066238e-05,-0.00154546985796156,4.45737953045366e-05,2.89893015175124e-05,-1.13305771947125e-05,-1.47846001974372e-05,-2.35206475718286e-05,-5.02408655478348e-06,4.54687435338386e-05,-6.62502903825413e-06,4.03944278026813e-06,-1.08127263507285e-05,1.48369395658321e-05,-1.9617094070945e-05,1.40236360053336e-05,-0.00565442650213743,-2.48953956187847e-05,-2.70879407393565e-05,-0.00192885382350561,-1.13305771947125e-05,-1.33470886156672e-05,-3.25080193217531e-05,-0.0029366353538629,2.00090854907131e-06,-2.48953956187847e-05,2.82487500076201e-05,-0.00014450433227875,1.07837707066238e-05,-0.00166338120552467,-4.47897512501072e-06,-5.88533714829254e-06,7.11818869802983e-06,2.60746564029191e-05,8.64875787547348e-05,1.87631291055368e-05,-0.000407358751252751,4.3788702491554e-05,-1.28510196741871e-05,1.03711404157991e-05,-8.08999811141575e-06,-0.00128761717851233,5.58912898185326e-07,-0.00167531558855405,3.04134415651802e-05,-0.00147989722879771,1.694506345018e-06,8.42379597827403e-05,4.97839689597157e-05,-1.42617242602228e-05,-0.00159109562118864,8.92194438861793e-06,1.14177683450123e-05
"12:124610899:C:T",-0.00824284087636062,-0.00266394172604745,-0.000600641585839945,-0.00265317736920512,-0.00040507510393617,-0.002103434141147,-0.000456136000055896,-0.0034817778381111,-0.000651543880453964,-0.0112812261002113,-0.00593125481445478,-0.00298328581147134,-0.000980142218340418,-0.000130587271875093,-0.00717940354174118,-0.00441926228748102,-4.39574464827786e-06,-0.00289978944472313,0.000122153104893385,-0.000651543880453964,-0.00912356026978189,-6.92141303391125e-05,-0.00961527995847522,-0.00546633271574803,-0.0062603160029755,-0.000114023821002895,-0.000600641585839945,-0.000130587271875093,-4.21224891091754e-05,-6.92141303391125e-05,-0.00372420263640771,-0.000390864491198961,-0.00174099171672015,-4.39574464827786e-06,-0.002453756207494,-0.00867966400596298,-0.000379623768378412,-0.00531857213614906,-0.00877171900454776,-0.00577555112331174,-0.00233226177548307,-0.00259409531339738,0.000122153104893385,4.63520530376016e-05,-0.00119079967898461,-0.00124012361433579,-0.00440781577121285,-0.00314041930449172,-0.00492550517086165,-0.00151261868375485,-0.00568204793619298,0.512388595532272,-0.000697999000816907,-0.00897866557134153,0.000287391520650271,-0.000104518796169906,-5.50114782118527e-05,-0.00162621799542961,0.000229201208802543,-0.00407304113393714,4.80247529743849e-06,-5.50114782118527e-05,0.000370522400443996,-0.00137373036588162,-0.00700215677156191,-0.00825812505546653,-0.00106041776698618,-0.0030946697804306,-0.00349306363005297,-0.00200349608868855,-0.00438656496391765,-0.000108278600936096,-0.00915544144473524,-0.00022304775961457,0.000254652552572843,-0.001869052245695,-0.00528092894688736,-0.000262521144415828,-0.000988076309979213,-0.000241790811871923,-0.00364458217842856,-0.013079614716883,-0.00270716530929604,-0.0071019720932064,-0.00130898410917268,-6.92141303391125e-05,-0.00213068037280495,-0.00272847110319052,-0.00397856129205731,-6.92141303391125e-05,-0.00786781812601678,-0.00070107526522456,-0.0100285050250961,0.000202530203796236,-0.0116831502636652,-0.0127106578335314,-0.00489609279596248,-0.00419659923309545,-0.00220432472121734,-0.00471136653613247,-0.00434230099969435,-0.000134597985850249,-0.00362589350724596,-0.0080298492451103,-0.000231036134048956,-0.00949230145836299,1.90282603043102e-05,-0.00610207395515872,-0.00346735213338079,-0.00594211375436604,-0.00114127718853618,-0.00591751493027992,-0.000121910385290747,-0.00303560921607815,-7.86124670684174e-05,-0.00242974460724099,-0.00015523010777585,-0.000108278600935208,-0.000147386047606446,-0.00442295439599771,-0.00906915234258587,-0.00770784236622113,-0.00354155067661743,-0.00847493787580111,-0.00567261421499943,-0.000244712769504218,-0.00384346594152696,-0.00478485875019397,0.000131076500637484,-0.00727740849680369,-0.0130680531716973,-0.00362649315410835,-0.0125654430252626,-0.0031914914196598,-0.00222984355963707,-0.00468634808384971,-0.00664489737334195,-0.00531436970195287,-0.00359391193126868,-0.00042440655013154,0.000174559804525742,-0.00603854280177218,-0.0018433127037456,-0.00799980763434993,2.10521489814042e-05,-0.00174417235704816,-0.00758956311178549,-0.00595828060444781,-0.00462689666029092
"12:124615586:T:C",7.46820143593396e-06,0.000197289806870948,-0.00118410232429067,-0.0026991976147821,-0.00015524126266353,-4.74143153992301e-05,9.91960752187993e-05,-0.000400595358377664,-0.000289615224475348,-0.00215832973323593,-0.000857707207794434,-0.000901468376371284,-2.56162108982494e-05,-5.4357941226435e-05,-0.00185660748688665,-0.00411377484956787,3.7135118873266e-06,-4.03131404098644e-05,8.17755652882113e-05,-0.000289615224475348,-0.00216182645251273,6.10738888182638e-05,0.00428173814643884,-0.0009018017081317,-0.00532445295223027,2.68839476964544e-05,-0.00118410232429067,-5.4357941226435e-05,1.12647567958035e-05,6.10738888182638e-05,-0.00189241824556774,-0.00354040596430583,0.000320864472211468,3.7135118873266e-06,2.72458471242132e-05,-0.00195779720926481,-0.00171753107013828,-0.000112855363564535,-0.00365430152604862,-0.00069159334950708,-0.00523361590962601,-4.03131404098644e-05,8.17755652882113e-05,0.000163338717397821,-0.000103617226768549,0.000326425213150294,-0.000215598276668949,-0.000222782120481213,0.000292197381624781,0.000492547252811448,-5.4357941226435e-05,-0.000697999000816907,0.114644486616804,-0.00155134057111983,-0.00123296128574513,-0.000152216796629467,-0.000166995888362109,-0.000630157790034502,-0.000348351734737129,3.7135118873266e-06,3.7135118873266e-06,-0.000166995888362109,0.000182981961186712,0.00252792086096232,-0.00323152693547168,-0.000274382100620585,-0.000352209979853413,-1.02206859153853e-05,-0.000161186041490957,-0.0023559636285535,-0.000241216606948313,-0.000116258051948037,0.000291338401533281,-0.00290198808455866,0.000122069044254047,3.09007089853708e-05,0.000212083310652034,-0.000880350834975729,-0.00101347753900694,0.000122069044254935,-0.00446047972500985,-0.000106830923135348,-0.000621245509508483,-0.00297028578235992,-0.00221156850174964,6.10738888182638e-05,-0.00116851567899268,-0.00106308238548003,-0.00475656133721003,6.10738888182638e-05,-0.000391333537455019,-0.00102535612057153,-0.00178367861357209,0.000182981961186712,-0.000230445576317351,-0.00754895588467264,-0.000426838352033165,8.60566640508154e-05,-0.00188494754585733,0.000382507516447639,0.000237887371849155,-0.000103617226768549,-0.000142927664797732,-0.000723359187928097,-4.74143153992301e-05,-0.00122265687240919,-5.77723016919052e-05,2.68839476964544e-05,-0.000744451556026426,0.000126452571479696,-0.000929210558808791,-0.00109576729597727,-0.000905384911142448,-0.000548846342350195,-0.000235411249187578,8.60566640508154e-05,-0.000103617226768549,-0.000116258051947149,-0.000287403806448872,-0.00479624247266219,-0.00192828187914884,-0.000222782120481213,-0.00126737387567655,0.000357890720350085,-0.00353081289106782,-0.000175467539918372,-4.38837545884141e-05,-0.0011073118191689,6.10738888182638e-05,-0.00400352186098907,-0.000725562611404662,-0.00135615623046537,-0.00184011129222661,0.000376671659346961,-0.000111528796681526,-0.000641521637486875,-0.000992145533878386,-5.09054926309815e-05,-0.000695673086934967,-0.000166879135946374,0.000259123906015901,-0.00117650699914851,1.12647567958035e-05,-0.00201922520074227,-0.000245545884700604,-0.000139757226850001,-7.11243392199634e-05,7.33564814741072e-05,-0.00122518844880037
"12:124616135:C:A",-0.00707377966115796,-0.00072307161841767,-0.000367911916992369,-0.00649711531055441,0.000228621803215034,-0.00603399892209922,-0.000623178604794994,-0.000367911916992369,-0.00534220719779732,0.000198459003793339,-0.00335457610079137,-0.0123277149972898,-0.00322642462199241,-0.00121493222355529,-0.00603397177205478,-0.0107562846341289,-9.8828377081972e-06,-0.000529798009348603,-0.0029099960304606,-0.00534220719779732,-0.00385021949030229,-0.000112558887595426,-0.00151424863374761,-0.00350912642698775,-0.0102151118539311,-0.00517302250937846,-0.000367911916992369,-0.00121493222355529,-0.00454596894073767,-0.000112558887595426,-0.000116125176139015,-0.00529334896520872,-0.00435536271298798,-9.8828377081972e-06,-0.00139383737366838,-0.00449050214740376,-0.0028578322479067,-0.00350560863895621,-0.00489778803347019,-0.00573380983897565,-0.00541581231220922,3.34164368531731e-06,-0.0029099960304606,-0.00400538599949085,-0.000810270726707252,-0.000860486887695799,0.00227543850450518,-0.00349219556842595,-0.000192480123475391,-0.00251615371343927,-0.00539353248913876,-0.00897866557134153,-0.00155134057111983,0.364580840680538,8.21365335532676e-05,-0.000299454118971365,-0.000188838191461649,-0.000515211201553178,-0.0011206026821089,-0.00417571945582651,2.88080975785476e-06,-6.77460479936443e-05,-0.00099218821379754,-0.0031468459245092,-0.00298917143643784,-0.000446089641607639,-0.00404635259244346,-0.000278956548514397,-0.00600741803734373,-0.00377694873158108,-0.00262569346854136,-0.000126832120683318,-0.00669155918826059,-0.00225375619812418,-0.00063673995806468,-0.00102219675520754,-0.000131081253736731,-0.000127933418356818,-0.00113663122728891,8.54712249900302e-05,-0.00332914650677729,-0.000910321758114563,-0.000576701757461606,-0.00200744759459681,-0.000192480123475391,-0.000112558887595426,-0.00285028273427113,-0.0045582358284495,-0.00284944690410782,-0.000112558887595426,-0.00102163374683428,-0.000830153836641312,-0.00141122673372029,-0.00099218821379754,2.71635244111224e-05,-0.00189469636130646,-0.00465048062182216,-4.16640527909351e-05,-0.00223837924288839,-0.000723672776799411,-0.000690895524068758,-0.000461598938103158,-0.000415625608686021,-0.00453556152796786,-0.00223761961917912,-0.00532563676544173,5.98083051901455e-05,-0.0001422317306492,-0.000950829873590742,-0.000701978243099255,-0.00228104814291541,-0.00231551651132511,-0.00151645744001438,-0.000697208181963838,0.000514145128364341,-0.00654848185767332,-0.00187883985022008,-0.00012683212068243,-0.00182967512640708,-0.00412337898637771,-0.00559461144407969,-0.00287879902897714,-0.000728660673132708,-0.00989612363789316,-0.000987102803039264,0.000127927479692147,-0.00170677515255058,-0.000417539171658987,0.00018952123563043,-0.00645888293508978,-0.000151982505228077,-0.00259161088149096,-0.0103594989596161,-3.96856528066536e-05,-0.000892057754433573,-0.000669506299810774,-0.00285408951365573,-0.00516851596220391,2.88080975785476e-06,-0.000364665993852764,-0.00360016332741875,-0.00277010816215739,-0.00562762001469164,-0.00313162211226503,-0.0080936451446707,-0.000782893842465882,-0.00546178654634488,-0.000499699907947182,-0.00363328891909109
"12:124618429:C:T",-0.00294936268468682,-0.00248174431380832,-1.02463528843799e-05,-0.00404951512130669,6.03076270548897e-05,1.82350548625365e-05,-5.46607926716902e-05,-1.02463528843799e-05,-0.0013233143049689,-0.00375156775433982,-0.00195022439910719,-0.00130065040000904,-0.00177188700468545,2.29509249436433e-05,-9.898365304295e-06,-0.000315174123505457,-0.00440347756610571,1.33834919120446e-05,-0.00169415378048132,-0.0013233143049689,-0.000182428875454832,-2.84275297923742e-05,-0.000831913672254103,-0.00182657590498359,-0.000689663695196963,-0.00165694764623758,-1.02463528843799e-05,2.29509249436433e-05,-7.63006995985194e-06,-2.84275297923742e-05,-0.00110471364209541,-4.85298670591661e-05,-0.000163039374209362,-0.00440347756610571,-0.00132971843376772,-0.000219427538493022,-0.00193359563526219,-0.00354631145124706,-3.39662650628014e-05,-0.00151932800643628,-0.00111333122420199,-0.00196266352332497,-0.00169415378048132,-0.00139023947613826,4.14142588720523e-05,-0.000167050705438321,0.000122306244467296,8.92536585332948e-05,2.29509249436433e-05,-9.70837921157042e-05,2.29509249436433e-05,0.000287391520650271,-0.00123296128574513,8.21365335532676e-05,0.175617915121164,5.81808868247435e-05,6.85156616473392e-05,-0.00187905600096894,-0.00144318419084577,-2.50764117382118e-06,-2.50764117382118e-06,-0.00298767086901375,-8.80165397427746e-05,0.00016044426320061,-7.32205885363157e-05,-0.00544490219869154,-0.00136554032848402,-7.50047696662648e-06,6.44701787528845e-05,-0.00336403585628808,-0.000608673613206712,-0.000473270194604858,-0.000153102613088762,-0.0054961298316627,-5.77612039203146e-05,-2.10970347165329e-05,-0.00116924714916866,1.58265892649112e-05,-0.00193076261375147,-5.77612039203146e-05,-0.00439255471279942,-0.00225554527105665,-0.00243868692053084,-0.000937843625532508,2.29509249436433e-05,-2.84275297923742e-05,-0.00131956987980564,-0.00164442992069347,-0.0040843678528768,-2.84275297923742e-05,-0.00106689152304007,-5.86645584306211e-05,0.000186848752163016,-8.80165397427746e-05,9.47036674174839e-05,-0.00144005052091334,-0.00490839920957598,-0.00146091276904503,-0.00205145050931499,-0.000197080902250235,-0.00135349033711485,4.14142588720523e-05,-0.0021329889473547,-0.00221496891210116,1.82350548625365e-05,-0.00401561808902695,-0.000505725075753638,-0.00165694764623758,0.000106436434733403,-6.07646539139139e-05,-0.00187047853871647,-0.00274225793318461,-0.00196266352332497,-0.00261344617704218,9.82123121717748e-05,-0.00241210728235686,-0.00236896402850917,-0.00115067195892138,0.000115170573813828,-0.0038119985827878,-0.00446498140071094,-0.00261344617704218,-0.00105990981657467,-0.000162059798475944,-0.00621319745874249,-0.000441221340545361,-0.00229414300044972,-0.00249978782687688,-2.84275297923742e-05,-0.00122155922620593,-0.00138015562101312,-7.97272702355301e-05,-0.00177210618509926,-0.000192815493776699,4.79394025916235e-05,-0.00276404910816375,-8.35284381928147e-05,-0.00270102604923039,-2.50764117382118e-06,-0.00154382652945184,-0.000130007381284436,-0.000278247920649122,-0.00219911472530043,8.90923033178836e-05,2.18125408650849e-05,-0.00181737578476415,-0.00108420435413148,-3.67953544202493e-05,-4.85298670591661e-05
"12:124619830:G:A",2.81742871166557e-06,5.96456474735163e-05,-0.00199935769828841,-0.000268390291437548,-0.000100750859774124,-1.36078648811377e-05,-0.002145607754521,5.69000038996847e-06,-9.03308871258446e-05,0.000111415560698269,-5.83995481449051e-05,-6.71796519728929e-05,-5.14387006056438e-06,-1.63182227845837e-05,-0.00152825613224827,-0.000356226886863098,1.40191756425878e-06,-1.08430990959363e-05,2.61475800016342e-05,-9.03308871258446e-05,-0.00443225112811074,1.86193093334452e-05,-0.000198834161261097,-3.53341302083976e-05,-0.000136851772714053,1.01057043453423e-05,-0.00199935769828841,-1.63182227845837e-05,4.2467247505229e-06,1.86193093334452e-05,-0.00249043098851587,2.92615520276485e-05,9.46268257697724e-05,1.40191756425878e-06,1.50977053587908e-05,-0.00152495431995714,-7.93459189720735e-05,-0.000244318525939313,2.15876147260374e-05,-0.00198863271618954,-0.00155511950108611,-1.08430990959363e-05,2.61475800016342e-05,5.13418547800626e-05,-0.00317017747521131,-0.00126580541902666,0.000332603311738122,-0.00120108584372325,-1.63182227845837e-05,-0.000431582430898025,-1.63182227845837e-05,-0.000104518796169906,-0.000152216796629467,-0.000299454118971365,5.81808868247435e-05,0.110571729687162,-5.08913463770355e-05,-4.84335773229816e-05,-0.00102148039660843,1.40191756425878e-06,1.40191756425878e-06,-5.08913463770355e-05,5.47605459617628e-05,-1.44951250895531e-05,4.4760318538728e-05,-0.000372739807112055,-0.00176349262562958,-0.00255427924108709,-4.84335773229816e-05,-0.00215300371840765,-5.2101292866702e-05,-3.58122317010157e-05,-0.00368955072975918,-6.41817004805034e-05,3.68752086457036e-05,-0.00188919935249565,6.46671205783989e-05,-0.00165475668165183,-0.00376925554303487,3.68752086465918e-05,-7.45968543371944e-05,0.000198755218574931,-0.0012751920293157,-4.75804341171226e-06,-0.00133899630578682,1.86193093334452e-05,-0.00268940618312508,-0.00188919935249565,-0.000119279792258453,1.86193093334452e-05,-0.00171202451263941,1.62014593545479e-05,-0.00125971061647601,5.47605459617628e-05,0.00185701051083154,-0.00304632873731858,-3.3273226429209e-05,2.76970303429991e-05,-1.91696731715041e-05,-0.00110533527903023,7.33538127590805e-05,-3.06824729410238e-05,-0.00275676141821357,-0.00022840614935582,-1.36078648811377e-05,-0.00171303252796484,-1.76534838720599e-05,1.01057043453423e-05,-2.93672054541005e-05,3.84229063739028e-05,-5.45560193163652e-05,3.56745942653447e-05,-0.00168221571789484,-0.00120108584372325,-7.3677725185739e-05,2.76970303429991e-05,-3.06824729410238e-05,-3.58122317001275e-05,-0.00111602580861891,-0.00281167326536913,-0.00204641334597389,-0.00349970870446192,-1.3566765638906e-05,-0.00298345802832234,-0.00480338753813925,-5.44842560197267e-05,-1.22323817910441e-05,-0.00234377928309648,1.86193093334452e-05,-0.00177561863966691,-1.82986627734749e-05,-0.00226856438608003,-0.00679388177039897,0.000109696762427447,-3.4549102403858e-05,-0.00210022660597975,-0.0017255108644747,-1.49697469078447e-05,1.40191756425878e-06,3.25711478721402e-05,7.73365881840959e-05,-0.00169265454902323,4.24672475141108e-06,-2.40286708912407e-05,0.000122993793851833,-3.94125822564817e-05,-0.00479476133987333,-0.00159647160114673,-0.00209291293634095
"12:124621986:A:G",3.21571201933324e-06,7.05732136170312e-05,6.50084938680351e-06,-0.000285051066542863,-5.22952838064583e-05,-1.57093535193553e-05,3.77433774856328e-05,6.50084938680351e-06,-0.000101074350635777,-0.000245248296911527,-0.00388800000363698,-0.00145731694055762,-6.13767266255394e-06,-1.87632592947296e-05,-4.91599177916413e-05,-0.00128470464926167,1.59931555643311e-06,-1.25886104234141e-05,3.04039355851771e-05,-0.000101074350635777,-0.00205290630466148,2.16644779129638e-05,-0.000215183091452076,-0.00370887819739529,-0.00199688738984438,1.15637051534279e-05,6.50084938680351e-06,-1.87632592947296e-05,-0.00360704795463551,2.16644779129638e-05,-0.00117878186619702,3.4033532039679e-05,0.000113899177328847,1.59931555643311e-06,1.69766251110204e-05,-0.00127164759812448,-0.00391971438747785,-0.00441879911619747,2.51044310441983e-05,-0.00135985147609841,-0.00330610913067364,-1.25886104234141e-05,3.04039355851771e-05,6.03525620874734e-05,-3.51275126790895e-05,-0.0023146575278048,-0.000427946587260308,-7.67748250760647e-05,-1.87632592947296e-05,0.000173111695835004,-1.87632592947296e-05,-5.50114782118527e-05,-0.000166995888362109,-0.000188838191461649,6.85156616473392e-05,-5.08913463770355e-05,0.0916477413817249,-0.000664423014677062,-0.000544293325090983,1.59931555643311e-06,1.59931555643311e-06,-5.77566093182824e-05,6.47203933645812e-05,-0.00014392833260235,5.25413771201855e-05,-3.11232273464412e-05,-0.00167683702340859,-0.0036216325574312,-5.50563173922214e-05,-0.000105623692814305,-5.90845986927491e-05,-4.08301794747601e-05,0.000105254871570537,-0.00116600781139464,4.32387167110804e-05,1.32885510426561e-05,7.66157576919113e-05,-1.41574725454063e-05,2.51627085967598e-05,4.32387167110804e-05,-0.00388119650694296,-3.65765168783838e-05,-7.55141195778464e-05,-0.000446231840558475,-1.87632592947296e-05,2.16644779129638e-05,-0.000466578711773025,1.32885510426561e-05,-0.00408842112456043,2.16644779129638e-05,-0.0004034721295616,1.85791340800989e-05,0.000191042437013955,6.47203933645812e-05,-8.04735325585781e-05,-0.00118192533270189,-3.80097943519786e-05,3.22088654485242e-05,-0.00473271146028509,0.000135407491159256,-0.00294175482211223,-0.000928740365036873,-0.00382915601508049,-7.294958005577e-05,-1.57093535193553e-05,0.000137143983470089,-2.02658133652278e-05,-0.00141209629808259,-3.36625222461251e-05,4.50599635222204e-05,-6.20786664855544e-05,4.15361480143872e-05,-1.25886104234141e-05,-7.67748250760647e-05,-8.28721002763544e-05,3.22088654485242e-05,-3.51275126790895e-05,-4.08301794738719e-05,-9.99549847460202e-05,-0.00426886087661948,-0.00125165712939879,-7.67748250760647e-05,8.49837797796127e-05,-2.29523041461732e-06,3.22088654485242e-05,-6.16974604801257e-05,-1.41574725454063e-05,-0.00341352423059771,2.16644779129638e-05,7.86736910578512e-05,0.000261103752492886,5.64044088431359e-05,-0.00426966708569498,0.000133109885687155,-3.94275990425186e-05,-0.00316394917245688,-2.77508556907335e-05,-0.00104283288746743,1.59931555643311e-06,-0.00324866085285791,9.22868755122153e-05,-0.000488383864522213,4.84946335355119e-06,0.000255792457108051,-0.00162513064434222,-4.51131516063796e-05,-0.00038189063106131,2.68520252788562e-05,3.4033532039679e-05
"12:124623424:A:G",3.06056601839799e-06,6.62832597573271e-05,6.18504468796743e-06,-0.00027850194880763,-0.00129701215528666,-1.48812358506945e-05,3.56664903371495e-05,6.18504468796743e-06,-9.68501533629151e-05,-0.00215521150902287,-6.31734914646742e-05,-0.00182463652668474,-5.74065339087326e-06,-1.78013482550199e-05,-0.00305877856232062,-0.00150895666862638,1.5224157179361e-06,-1.18990821107445e-05,2.87357713295577e-05,-9.68501533629151e-05,-0.000792768191032245,2.0467961396875e-05,-0.000322664278855633,-3.85222931393869e-05,-7.20430610812173e-05,1.09959934633252e-05,6.18504468796743e-06,-1.78013482550199e-05,-0.003030952839854,2.0467961396875e-05,-0.00138960550326672,-0.000159013401698438,0.000106332412428856,1.5224157179361e-06,1.62575560089806e-05,-5.5973649033092e-05,-8.53733326326989e-05,-4.99724623663766e-05,2.37242054810238e-05,-0.00538957822485653,-0.00273192908210707,-0.00140322221890532,2.87357713295577e-05,-0.0024707053413584,-3.33777968668514e-05,0.000108375745996092,-0.00072923415285242,-0.000926733616074316,-1.78013482550199e-05,0.000160199508598247,-1.78013482550199e-05,-0.00162621799542961,-0.000630157790034502,-0.000515211201553178,-0.00187905600096894,-4.84335773229816e-05,-0.000664423014677062,0.0963415232982952,-0.000116397215412789,1.52241571704792e-06,1.5224157179361e-06,-0.000840664227085952,6.08072769630041e-05,-0.000138571286749212,-0.00022122394967905,-0.000422564877907483,0.000134587099955397,6.90798386493441e-07,-0.0010483849095122,-0.000254945941068563,-5.63383461535949e-05,-3.8857364771161e-05,9.84470067546539e-05,-0.00015109247403533,4.07384542366884e-05,1.26338173807028e-05,7.19283852088637e-05,-1.33980358771879e-05,7.93169806412308e-05,4.07384542358002e-05,-0.00268249372660989,-3.47695462066255e-05,-7.21214623853328e-05,-0.00137183320605683,-1.78013482550199e-05,2.0467961396875e-05,-0.00268183938843158,-0.00160792713211411,-0.00247330298544135,2.0467961396875e-05,-0.00149321333617447,1.76536467915156e-05,0.000176401704758966,6.08072769630041e-05,-7.69303471308547e-05,-0.000349453660041021,-0.000878904671544056,3.0441262921066e-05,-0.00055169960939061,0.000126024100081779,8.17341375869418e-05,-3.33777968668514e-05,-4.42813111440898e-05,-6.96363525509724e-05,-1.48812358506945e-05,0.000127726781987469,-1.92387352653256e-05,-0.00162327601788803,-0.00276088326689905,4.24531527150052e-05,-5.91143098098712e-05,3.92434759577398e-05,-1.18990821107445e-05,-7.33435193742693e-05,-7.92575598600465e-05,-0.00260673753299656,-0.00113739304564753,-3.88573647702728e-05,-0.000843008721160388,0.000133114573374726,-0.000334009891640008,-7.33435193742693e-05,-0.00433167982917571,-0.00306586499107908,-0.00260673753299656,-5.88616742618342e-05,-1.33980358771879e-05,-0.00283613264632887,2.0467961396875e-05,7.38490121836577e-05,-0.00041805490697655,5.31172933504465e-05,-0.00342678149420372,0.000123915698480026,-3.75091018467444e-05,-0.00258891922106752,-0.00144776809433189,-1.63489267341888e-05,1.5224157179361e-06,-0.00593453948727074,8.64172178349776e-05,0.000327041217289548,4.61469325241382e-06,-0.00153178553871136,-0.00184697506777276,-4.28659485880445e-05,-0.00601002595146394,2.53775089626984e-05,3.21646922731844e-05
"12:124624216:A:C",5.96196455937559e-06,-0.00253783221893755,1.2055758094931e-05,0.000246257597147803,-0.000111478187555747,-3.38075766865842e-05,-0.00133602922573761,1.2055758094931e-05,-0.000211062369632309,-0.000116783440510915,-0.00401480132845045,-3.77542576464052e-05,-0.00363819874242033,-3.94061252233513e-05,-0.00339766167344013,-0.00292736571501351,2.96477193284517e-06,-2.80836455557321e-05,-0.00154498204157427,-0.000211062369632309,-0.000530487806700286,4.47604172366667e-05,-0.00258796462380229,-0.00380895738148812,-0.00144957745401175,2.14533325237909e-05,1.2055758094931e-05,-3.94061252233513e-05,8.99211149540946e-06,4.47604172366667e-05,-0.00102554374575536,6.79450916631907e-05,0.000235066314241195,2.96477193284517e-06,-0.00201089223915574,-0.000357952880716716,-0.00407151727860278,-0.00126211602149517,5.12038575575247e-05,-7.38758843379372e-05,-0.000165487296026612,-0.00384890903665891,-0.00154498204157427,-0.00303092026677643,-7.45821458991713e-05,0.00023934763029132,-0.00100942457245079,-0.000161492210865255,-3.94061252233513e-05,0.000359148267657261,-3.94061252233513e-05,0.000229201208802543,-0.000348351734737129,-0.0011206026821089,-0.00144318419084577,-0.00102148039660843,-0.000544293325090983,-0.000116397215412789,0.122886668348142,2.96477193284517e-06,2.96477193284517e-06,-0.0050205742957905,0.000133897532140104,-0.000482607303561089,0.000106985449636277,-0.0023248684959043,0.000294630563439036,-0.00100433761832885,-0.000116397215412789,0.000350599276879748,-0.000123569765896114,-8.48966607458479e-05,0.000215064572887336,-3.95497205882833e-05,8.93941904092088e-05,2.46566778567825e-05,0.000156578867208879,-3.09615452902534e-05,-0.0019530889923125,8.93941904092088e-05,-0.000182210224533463,-7.72039117071799e-05,-0.000724784064470185,-2.17990595441364e-05,-3.94061252233513e-05,4.47604172366667e-05,-0.00126841073370798,2.46566778567825e-05,-0.000282326963805701,4.47604172366667e-05,4.45256246122128e-05,-0.00119840285708062,0.000394453009906925,0.000133897532140104,-0.000167950650798332,-0.000118473663039076,-7.97966009091766e-05,6.45221301400767e-05,-0.00226401191933734,0.000279852923100954,0.000176667894655758,-7.45821458991713e-05,-0.000972787704468736,-0.00082793605801168,-3.38075766865842e-05,0.000280094958709398,-4.21596593813689e-05,2.14533325237909e-05,-0.00415472494590752,9.28362034464669e-05,-0.00205094802597561,-0.00128619641388639,-2.80836455557321e-05,-0.000651875134184188,-0.00017213660014459,6.45221301400767e-05,-0.00190958514740203,-8.48966607458479e-05,-0.00109606285645913,-0.000379270172436108,-0.000800060355927279,-0.000161492210865255,-0.00288297334979326,-0.000479714815480037,6.45221301400767e-05,-0.000128219441873689,-3.09615452902534e-05,-0.00124952829975467,4.47604172366667e-05,-0.00279778334048952,-0.00604077120472102,-0.00155947829181802,-0.00840692243056784,-0.00177955496384286,-8.23606939484023e-05,-0.00134521242497243,-0.0029848904850045,-3.66222653012116e-05,2.96477193284517e-06,-0.00266338871864136,0.000190131334061761,-0.00372200324250027,8.99211149540946e-06,-0.00186087949187641,0.000304607520192235,-0.00062340215278045,-0.00395553414563299,5.44786163096944e-05,-0.0014114996634893
"12:124624602:A:G",-1.11335618058206e-07,-2.5251342048449e-06,-2.26514956125357e-07,4.74714504239415e-06,1.44279161595762e-06,4.59453442402946e-07,-1.31755373011799e-06,-2.26514956125357e-07,2.58012551945797e-06,-8.29453419992632e-06,1.7598154480325e-06,4.86549788547563e-06,1.39636071594396e-07,5.58912898185326e-07,1.15443213921651e-06,-7.79438600773119e-06,-0.00567637181680247,3.56530902578811e-07,-1.03411766527728e-06,2.58012551945797e-06,-0.00338171652050701,-0.0018076542485721,4.29903642462648e-06,1.09432597916737e-06,4.76107482860755e-06,-4.06885465764617e-07,-2.26514956125357e-07,5.58912898185326e-07,-1.68433871294837e-07,-0.0018076542485721,-0.0039742301413348,-1.17335314442357e-06,-4.37450962387231e-06,-0.00567637181680247,-6.83948611523988e-07,-0.00334339501946257,2.28822675651941e-06,-2.63394273503081e-06,-8.34084366907462e-07,-9.79346074725385e-06,4.10750402313198e-06,3.56530902578811e-07,-1.03411766527728e-06,-2.16094949045953e-06,1.00456487217571e-06,-4.48247023410175e-06,-0.00328397146278014,2.04477934051539e-06,5.58912898185326e-07,-7.29980839775379e-06,-0.00145262123686507,-0.00407304113393714,3.7135118873266e-06,-0.00417571945582651,-2.50764117382118e-06,1.40191756425878e-06,1.59931555643311e-06,1.52241571704792e-06,2.96477193284517e-06,0.0804134555969762,-5.51981402807655e-08,1.59931555643311e-06,-2.27612733194604e-06,3.36092648645092e-06,-1.83806574138856e-06,-0.00395099109743757,-5.93989531161299e-06,-9.31935719705734e-08,1.52241571704792e-06,-7.93873065862982e-06,1.63678255571398e-06,-0.00203341209559671,-4.02692289469542e-06,-1.58262492089278e-06,-1.46471590767305e-06,-4.69131523850308e-07,-2.78734667258362e-06,-0.00429983285817048,2.18983730615463e-06,-0.00179985167444485,-0.00364199092726825,1.0489250472645e-06,2.01133441724011e-06,5.42672564662894e-08,5.58912898185326e-07,-0.0018076542485721,-0.00359560583952145,-4.69131523850308e-07,-0.0035177703142697,-0.0018076542485721,-0.00386886861565827,-6.62594183964416e-07,-8.34600309307376e-06,-2.27612733194604e-06,2.14169470691417e-06,4.68923651020248e-06,1.09253053892644e-06,-1.10312916401512e-06,-1.94192860130116e-05,-5.38560156293499e-06,-3.25633542619386e-06,1.00456487217571e-06,1.27484176726256e-06,1.94265341590949e-06,4.59453442402946e-07,-5.54520817264148e-06,6.07392329321499e-07,-4.06885465764617e-07,9.59432490788004e-07,-1.53685808168547e-06,1.64183711337529e-06,-1.4669584222915e-06,-0.0041845756392771,2.04477934051539e-06,2.20358354852124e-06,-1.10312916401512e-06,1.00456487217571e-06,1.17754508988099e-06,2.55320306141726e-06,-0.00141809298536621,-1.28182878356142e-06,2.04477934051539e-06,-3.15916144622008e-06,4.52360112035421e-06,-1.10312916401512e-06,-0.00202558760407001,4.084350075928e-07,5.15332677863967e-07,-7.06302828668015e-07,-2.87784735242269e-06,-1.28712873879167e-05,-1.99667072120491e-06,-1.65175535542517e-05,-5.26756304708442e-06,1.1353983699891e-06,-1.08230659368047e-06,6.90284211124492e-07,-0.00369288069201446,-5.51981402807655e-08,-1.38910854463603e-06,-3.42135302666691e-06,-5.15550175883561e-06,-1.68433871294837e-07,-1.23457647287495e-05,-6.21559539126793e-06,1.23093845072475e-06,-1.74172941402873e-06,-8.99621857897159e-07,-1.17335314442357e-06
"12:124625351:C:T",-1.11335618058206e-07,-2.5251342048449e-06,-2.26514956125357e-07,4.74714504328233e-06,1.4427916168458e-06,4.59453442402946e-07,-1.31755372922981e-06,-2.26514956125357e-07,2.58012551945797e-06,-8.29453419992632e-06,1.7598154480325e-06,4.86549788547563e-06,1.39636072482574e-07,-0.00145262123686507,-0.00399312466429969,-7.79438600773119e-06,-5.51981402807655e-08,3.56530902578811e-07,-1.03411766527728e-06,2.58012551945797e-06,-0.00338171652050701,-7.06302828668015e-07,4.29903642462648e-06,1.09432597916737e-06,-0.000105354083756559,-4.06885465764617e-07,-2.26514956125357e-07,-0.00145262123686507,-1.68433871294837e-07,-7.06302828668015e-07,-2.79228391519837e-07,-1.17335314442357e-06,-4.37450962387231e-06,-5.51981402807655e-08,-6.83948611523988e-07,-0.00334339501946257,2.28822675740759e-06,-2.63394273503081e-06,-8.34084366907462e-07,-9.79346074725385e-06,4.10750402313198e-06,3.56530902578811e-07,-1.03411766527728e-06,-2.16094949045953e-06,1.00456487217571e-06,-4.48247023321358e-06,-7.93873065862982e-06,2.04477934051539e-06,5.58912898185326e-07,-7.29980839775379e-06,5.58912898185326e-07,4.80247529743849e-06,3.7135118873266e-06,2.88080975785476e-06,-2.50764117382118e-06,1.40191756425878e-06,1.59931555643311e-06,1.5224157179361e-06,2.96477193284517e-06,-5.51981402807655e-08,0.0468292185742092,1.59931555643311e-06,-2.27612733194604e-06,3.36092648645092e-06,-1.83806574138856e-06,-3.55928825523932e-06,-5.93989531161299e-06,-9.31935719705734e-08,1.5224157179361e-06,2.66220215916491e-06,1.63678255571398e-06,1.17754508899282e-06,-4.02692289380724e-06,-1.58262492089278e-06,-1.46471590767305e-06,-4.69131523850308e-07,-2.78734667258362e-06,-0.00381961275649179,2.18983730615463e-06,-1.46471590767305e-06,2.15579986218017e-06,1.0489250472645e-06,2.01133441724011e-06,5.42672564662894e-08,5.58912898185326e-07,-7.06302828668015e-07,-8.66299146142779e-05,-4.69131523850308e-07,3.11984640255503e-06,-7.06302828668015e-07,-0.00391610785460372,-6.62594183964416e-07,-8.34600309307376e-06,-2.27612733194604e-06,2.14169470691417e-06,4.68923651020248e-06,1.09253053892644e-06,-1.10312916312694e-06,-1.94192860130116e-05,-5.38560156293499e-06,-3.25633542619386e-06,1.00456487217571e-06,1.27484176726256e-06,1.94265341590949e-06,4.59453442402946e-07,-5.54520817264148e-06,6.07392329321499e-07,-4.06885465764617e-07,9.59432490788004e-07,-1.53685808168547e-06,-0.00414536184530157,-1.46695842140332e-06,-0.00384858833275281,2.04477934051539e-06,-0.00201774107166308,-1.10312916312694e-06,1.00456487217571e-06,1.17754508988099e-06,2.55320306141726e-06,-0.0034091740142479,-0.00419722454640858,2.04477934051539e-06,-3.15916144622008e-06,-0.00334258497929962,-1.10312916312694e-06,1.70982427771804e-06,4.084350075928e-07,5.15332678752145e-07,-0.0018076542485721,-2.87784735242269e-06,-1.28712873879167e-05,-1.99667072120491e-06,-7.93873065774164e-06,-5.26756304708442e-06,-0.00239913397667202,-1.08230659279229e-06,6.90284211124492e-07,5.09606246090755e-07,-5.51981402807655e-08,-1.38910854374785e-06,-3.42135302666691e-06,-5.15550175794743e-06,-1.68433871294837e-07,-1.23457647287495e-05,-6.21559539126793e-06,1.23093845072475e-06,-1.74172941314055e-06,-8.99621857897159e-07,-1.17335314442357e-06
"12:124626942:C:G",3.21571201933324e-06,7.05732136170312e-05,6.50084938680351e-06,-0.000961684245624816,-5.22952838064583e-05,-1.57093535193553e-05,3.77433774856328e-05,6.50084938680351e-06,-0.000384249893515154,-0.00140029451833623,-0.00104199590832188,-0.00105740074966132,-6.13767266255394e-06,-1.87632592947296e-05,-4.91599177916413e-05,-0.00300025954387451,1.59931555643311e-06,-1.25886104234141e-05,-0.00316434264245036,-0.000384249893515154,-0.00131093833611384,2.16644779129638e-05,-0.000215183091452076,-0.00113138499770926,-0.000826190976422225,1.15637051534279e-05,6.50084938680351e-06,-1.87632592947296e-05,4.84946335355119e-06,2.16644779129638e-05,-0.00355725375405846,3.4033532039679e-05,0.000113899177328847,1.59931555643311e-06,1.69766251110204e-05,-0.0023330199723679,-8.92844946349669e-05,-0.00322995284473482,2.51044310441983e-05,-0.000219507229608062,6.77920354181794e-05,-0.00403477467345326,-0.00316434264245036,6.03525620874734e-05,-0.000928740365036873,0.000116112737463148,-0.00357036895584173,-7.67748250760647e-05,-1.87632592947296e-05,0.000173111695835004,-1.87632592947296e-05,-5.50114782118527e-05,-0.000166995888362109,-6.77460479936443e-05,-0.00298767086901375,-5.08913463770355e-05,-5.77566093182824e-05,-0.000840664227085952,-0.0050205742957905,1.59931555643311e-06,1.59931555643311e-06,0.0988516676130118,6.47203933645812e-05,-0.000479599897086125,5.25413771201855e-05,-0.00262127311586546,0.000144630360906284,6.0844770022328e-07,-5.50563173922214e-05,-0.00658111819167395,-5.90845986927491e-05,-4.08301794747601e-05,-0.00197865758149263,-0.00116600781139464,4.32387167110804e-05,1.32885510426561e-05,7.66157576919113e-05,-1.41574725454063e-05,-8.54705378801057e-05,4.32387167110804e-05,-8.4168402127105e-05,-3.65765168783838e-05,-7.55141195778464e-05,-0.0011631829576535,-1.87632592947296e-05,2.16644779129638e-05,-0.00341929637056815,1.32885510426561e-05,-0.000132374377582956,2.16644779129638e-05,-0.00121739605009186,1.85791340800989e-05,0.000191042437013955,6.47203933645812e-05,-8.04735325585781e-05,-0.00580616189157279,-0.000670388154143886,3.22088654485242e-05,-0.00624819602441296,0.000135407491159256,8.71338227508289e-05,-0.000928740365036873,-4.6582626252345e-05,-7.294958005577e-05,-1.57093535193553e-05,-0.00178073642218646,-2.02658133652278e-05,1.15637051534279e-05,-0.00099393779416701,4.50599635222204e-05,-6.20786664855544e-05,-0.00321552141604009,-1.25886104234141e-05,-7.67748250760647e-05,-8.28721002763544e-05,-0.00318145480744736,-3.51275126790895e-05,-4.08301794738719e-05,-9.99549847460202e-05,-0.000177568910041614,-0.000622370280126461,-7.67748250760647e-05,-0.000391791330155655,-2.29523041461732e-06,3.22088654485242e-05,-6.16974604801257e-05,-1.41574725454063e-05,-0.0013759223276244,2.16644779129638e-05,-0.000446013115902311,-0.00105007123603684,5.64044088431359e-05,-0.0012075824107125,-0.00449200468455757,-3.94275990425186e-05,-0.00152377749809673,-2.77508556907335e-05,-1.724452661378e-05,1.59931555643311e-06,3.7575554249436e-05,9.22868755122153e-05,-0.000314125768182905,4.84946335355119e-06,-0.000646969698877342,-0.000315953527144863,-4.51131516063796e-05,4.40187119306046e-05,2.68520252788562e-05,3.4033532039679e-05
"12:124627481:C:T",-4.57864691050247e-06,-8.63097434855575e-05,-9.26472087670049e-06,0.000906781068890083,5.68002968437398e-05,1.68999637466527e-05,-4.87303900849057e-05,-6.53998129021005e-05,-0.00186895575221513,0.00012701253189995,6.96586069173222e-05,0.000327079431820643,3.17529086490964e-06,2.12635944105699e-05,3.44930943416699e-05,-0.000240186883496918,-2.27612733194604e-06,1.24331999629135e-05,-3.82140834513933e-05,-0.00186895575221513,0.000446967225079753,-2.57497253919325e-05,0.000234280385576824,3.97627783055299e-05,0.00029283829620752,-1.65036780046535e-05,-9.26472087670049e-06,2.12635944105699e-05,-6.90802054403861e-06,-2.57497253919325e-05,-1.41522916115022e-05,-4.34091588976671e-05,-0.00014043897206939,-2.27612733194604e-06,-0.000198650580005122,0.000378440070922359,9.52139925054496e-05,6.78976256551778e-06,6.89843850771865e-05,-0.000287422082101862,9.36366101083053e-05,1.24331999629135e-05,-3.82140834513933e-05,-7.623681349056e-05,3.86929290598914e-05,-0.000143650150167929,-0.000446216432064439,8.5099732803684e-05,2.12635944105699e-05,-0.000216106658855963,2.12635944114581e-05,0.000370522400443996,0.000182981961186712,-0.00099218821379754,-8.80165397427746e-05,5.47605459617628e-05,6.47203933645812e-05,6.08072769630041e-05,0.000133897532140104,-2.27612733194604e-06,-2.27612733194604e-06,6.47203933645812e-05,-0.0117577604741568,0.000158403707650301,-6.50181757837487e-05,-0.000204585228058995,-0.000185423233745041,-6.54195632954213e-06,6.08072769630041e-05,-0.000270353058811956,6.664277748758e-05,4.68814428815634e-05,-0.000132018825580005,-0.000170731791870438,0.00411628874259584,-1.89746398921997e-05,-9.49944139954084e-05,1.46797007145594e-05,8.94968663125439e-05,-5.17245876689998e-05,8.75423760309246e-05,4.07759717724332e-05,8.32502487257969e-05,-3.48877019273885e-06,2.12635944105699e-05,-2.57497253919325e-05,0.000382983119448177,-1.89746398921997e-05,0.00014018260134474,-2.57497253919325e-05,-4.47102295844104e-05,-2.65689031602179e-05,0.000750777249854728,0.00410763079876642,9.05187855142486e-05,-0.000424532290947965,4.2834793198665e-05,-4.07961338462215e-05,-2.88314204484053e-05,-0.000167872192106344,0.000337836996386898,3.86929290598914e-05,4.84909021789548e-05,7.94842350666514e-05,1.68999637466527e-05,0.000408237818017021,2.34078448224651e-05,-1.65036780046535e-05,3.65852350245888e-05,0.00171144887057118,-0.000194614250379033,-5.41824299880034e-05,1.24331999629135e-05,8.5099732803684e-05,9.40273836409489e-05,-4.07961338462215e-05,3.86929290598914e-05,4.68814428824516e-05,0.000111149437748814,0.000185045605658907,0.000555526935849926,8.5099732803684e-05,-0.000107073727031448,0.00044298136867571,0.000220659891642327,7.04211646258557e-05,1.46797007145594e-05,1.64303999232729e-05,-2.57497253919325e-05,0.000467649908480361,0.000184340931660643,-7.05598949899411e-05,9.70915149869356e-05,-0.000164521403758222,4.48698134265513e-05,-4.26254706420437e-05,2.09169950720067e-05,1.90944461397891e-05,-2.27612733194604e-06,-5.40273200169139e-05,-0.000113252642534256,4.57289091446711e-05,-6.90802054315043e-06,0.000802767203524901,0.000738665727575416,4.63493407147908e-05,-6.99670292503285e-05,-3.31407289033692e-05,-4.34091588976671e-05
"12:124628408:A:G",6.75889744705671e-06,0.000171199792415422,-0.00126193475893821,-0.00537182221475607,2.61553303566586e-05,-4.05098715994257e-05,8.72437453676156e-05,1.36684466367498e-05,-0.000292894305090385,-0.000159220283493688,-0.000905465964078367,-0.00168554650484865,-2.06865263665534e-05,-4.68260636061757e-05,-0.000897023959149479,-0.0110306506571982,3.36092648645092e-06,-3.40511706671265e-05,7.15550996739367e-05,-0.000292894305090385,-0.00129326071338731,5.29052104818462e-05,-0.000432594652087559,-0.000958800657125281,-0.00142496146979454,2.43264323858128e-05,-0.00126193475893821,-4.68260636061757e-05,1.01945279267213e-05,5.29052104818462e-05,-0.000939230654876333,7.93106294372237e-05,0.000277968871739809,3.36092648645092e-06,2.73544444935325e-05,-0.00169171139247304,-0.000953282489120078,-0.00102043268034713,6.02419720543423e-05,-0.000837313656133709,-0.000108965950429862,-0.000975637132137663,7.15550996739367e-05,0.000142735704944386,-8.89397900829536e-05,0.000282911675416386,-0.00234640986164436,-0.00106518088802598,-4.68260636061757e-05,0.00042577083723927,-4.68260636061757e-05,-0.00137373036588162,0.00252792086096232,-0.0031468459245092,0.00016044426320061,-1.44951250895531e-05,-0.00014392833260235,-0.000138571286749212,-0.000482607303561089,3.36092648645092e-06,3.36092648645092e-06,-0.000479599897086125,0.000158403707650301,0.108655197634398,0.000125818870199801,-0.00186331333359568,-0.00235113327222969,-6.6903757431902e-06,-0.000138571286749212,-0.00907113984291374,-0.000146561716934279,-0.000100509303058161,0.000253353007679813,5.81121351652669e-05,0.00010570766198903,2.79600781381006e-05,0.000184426840339924,-0.000950233492186037,-0.00384204170932367,0.00010570766198903,-0.000218557709463774,-9.18808792897963e-05,-0.000667308509490816,-0.00094404159246686,-4.68260636061757e-05,5.29052104818462e-05,-0.000557322609710198,-0.00114260553186529,-0.000336789737655607,5.29052104818462e-05,-0.00209293590138682,-0.00110620197282074,-0.00193230341340112,0.000158403707650301,-0.000199013097114786,-0.00401480499740092,-9.47891322296002e-05,7.54110404077579e-05,-0.00246336225266042,0.000331170947540649,0.000207490284168443,-8.89397900829536e-05,-0.00012173949738159,-0.00090552213605477,-4.05098715994257e-05,-0.00325458293786873,-4.99321831632926e-05,2.43264323858128e-05,-8.59653057707632e-05,0.000109641933199178,-0.000163475604812113,-0.00118531789777165,-0.000975637132137663,-0.000594678809932248,-0.000203635949300285,7.54110404077579e-05,-8.89397900829536e-05,-0.000100509303057272,-0.000544565392912588,-0.00117475136711054,-0.00361824377367936,-0.000191879489388036,0.000202771677972002,-0.00461136981076304,-0.00322921941137899,-0.000151740714546378,-3.72986341865555e-05,-0.00117258965522637,5.29052104818462e-05,-0.0040205249800831,0.00063354916969427,-0.00145225992309772,-0.00425008436854579,0.000325996578066423,-9.76650953514735e-05,-0.00054194232008431,-0.00105179420867341,-4.36854850942581e-05,3.36092648645092e-06,7.92671344269635e-05,0.00022464377248621,-0.0021091560376254,1.01945279276094e-05,0.000629152412322753,-0.000961411293315173,-0.00011881733258079,8.38719458462478e-05,-0.00130610079184379,-0.00131277373268102
"12:124628842:G:A",-3.6995431136333e-06,-7.20580045667774e-05,-7.49452848403109e-06,0.000223046761138157,4.63571842193033e-05,1.39398687064585e-05,-0.00140544233498119,-7.49452848403109e-06,9.05241956070668e-05,-0.000502139756117792,5.68805298186703e-05,0.000249829629318299,2.92345498653646e-06,1.74265591850187e-05,-7.40348914156641e-05,-0.000285152211914053,-1.83806574138856e-06,1.03628364582775e-05,-3.14663334792797e-05,9.05241956070668e-05,-8.96241793126862e-05,-2.12450007737175e-05,-0.00452322636576152,3.2966399177603e-05,-0.00178504608481589,-1.3374121979659e-05,-7.49452848403109e-06,1.74265591850187e-05,-5.58487821855636e-06,-2.12450007737175e-05,-1.10930272123611e-05,-6.90553003481753e-05,-0.000118642429679738,-1.83806574138856e-06,-2.42413007649489e-05,-0.000198735340681822,7.71345132628554e-05,-0.0034176802946364,-2.52548099082262e-05,-0.00679644672705582,-0.00018481090476552,1.03628364582775e-05,-3.14663334792797e-05,-6.33279117350227e-05,-0.00230603582369859,-0.000671853901942576,-0.00225918353487309,-0.00469934288341278,1.74265591850187e-05,-0.000185491265189519,1.74265591850187e-05,-0.00700215677156191,-0.00323152693547168,-0.00298917143643784,-7.32205885363157e-05,4.4760318538728e-05,5.25413771201855e-05,-0.00022122394967905,0.000106985449636277,-1.83806574138856e-06,-1.83806574138856e-06,5.25413771201855e-05,-6.50181757837487e-05,0.000125818870199801,0.107521847877363,-0.0124053374468049,-0.000157805649831033,-0.000110358111160558,4.94891537092812e-05,-0.0011067584464266,5.40385236051932e-05,3.81303109788789e-05,-0.000111171252758169,-5.78280486944749e-05,-4.29154458370107e-05,-1.53858464484458e-05,-7.93805560386218e-05,1.21628615339375e-05,-0.00233196409656777,-4.29154458361225e-05,-0.00230634072696123,3.33163392713942e-05,6.7392599713223e-05,-0.00602049686338368,1.74265591850187e-05,-2.12450007737175e-05,-0.000976969914545656,-1.53858464484458e-05,-0.00271422850121628,-2.12450007737175e-05,-0.00567418144999099,-2.15838786603584e-05,-0.000209346322212589,-6.50181757837487e-05,7.29826420018398e-05,-0.00033410833493619,3.49413505285057e-05,-3.35913772611107e-05,-0.000659245085393501,-0.00014263794275049,-9.22603380750786e-05,3.16704549589986e-05,-9.33173965300682e-05,6.44875948943024e-05,1.39398687064585e-05,-0.000148124223952273,1.91370806783553e-05,-1.3374121979659e-05,3.00032959028584e-05,-4.50668979885549e-05,-0.00242284417265282,-4.46504128399638e-05,1.03628364582775e-05,6.8817078865635e-05,7.56731310165293e-05,-3.35913772611107e-05,-0.00230603582369859,3.81303109788789e-05,8.92620305092962e-05,-0.00300360368152752,-0.00553454006138665,-0.00201899770801806,-8.96136192256591e-05,-0.0044150601285553,-3.35913772611107e-05,5.69766840818886e-05,1.21628615339375e-05,-7.42771411728071e-05,-2.12450007737175e-05,-8.18871617518369e-05,-0.00030446641300852,-5.85796666561222e-05,-0.00156489044810559,-0.00013971702947746,3.65458804241214e-05,-0.000132669250453965,1.80153250939341e-05,1.5694293143298e-05,-1.83806574138856e-06,-0.000131768654906494,-9.51183465893735e-05,-0.00359224485625464,-5.58487821766818e-06,-0.000290587567942424,-0.000288503310265753,3.81573259087276e-05,-0.00355127904647912,-2.72985728964059e-05,-3.57445835224013e-05
"12:124629165:A:G",4.81324051460064e-06,-0.00788370950866035,-0.00314108643094357,-0.00430907325593965,-0.000575719072610781,-0.000114253834022193,-0.00400391631893715,-0.00501981254323436,-5.73974227888741e-05,-0.00954037674287633,-0.000240460423944988,-0.00241671362318119,-2.67106193758693e-05,-0.00149597112596211,-0.00167950803339645,-0.00667540231700459,-0.00395099109743757,-0.00383272736714257,-0.013149357808973,-5.73974227888741e-05,-0.000388580222423496,-4.73774122937698e-05,-0.0023424445330944,-0.000145410483284536,-3.0210880327175e-05,-0.000680229322673753,-0.00314108643094357,-0.00149597112596211,-0.00103957942366506,-4.73774122937698e-05,-0.0105693129074922,-0.000753391135761561,-0.000839000614171859,-0.00395099109743757,-0.00507737006067721,-0.000430363507843534,-0.00246267034896075,-0.00791711479710067,-0.00421572920686142,-0.00156425624901146,-0.00614539952355875,-0.00383272736714257,-0.013149357808973,-0.000262280853240426,-0.00325981581887991,-0.000973329610254758,-0.00343607453047889,-0.00120480565957415,-3.18494044275752e-05,-0.000159377479188372,-0.00545471188363056,-0.00825812505546653,-0.000274382100620585,-0.000446089641607639,-0.00544490219869154,-0.000372739807112055,-3.11232273464412e-05,-0.000422564877907483,-0.0023248684959043,-0.00395099109743757,-3.55928825523932e-06,-0.00262127311586546,-0.000204585228058995,-0.00186331333359568,-0.0124053374468049,0.348551709419409,0.000118303712430823,-5.309144604837e-05,-0.00478678313079506,-0.00376297753235644,-0.00227319730383968,-7.26912158564019e-05,-0.000680529023457055,-0.00594541634269907,-0.000115311850505506,7.89401977474569e-06,-3.80023913484351e-05,-0.00159890490473025,-0.00151942483668588,-6.30235654952571e-06,-0.000866401711303588,-0.00285783900968806,-0.000362949866907769,-0.00453185237166576,-0.00142967913194791,-4.73774122937698e-05,-0.005501959539437,-0.00034973682498407,-0.00149023428480533,-4.73774122937698e-05,-0.000708034061626783,-0.000360905137095635,-0.00189351947245253,-6.56538901537829e-05,-0.000157722683939099,-0.00521465037008984,-0.00277026427075455,2.21251954570789e-05,-0.0071447617430862,-0.00514997130073613,-0.00105454634465829,-0.00151847915226799,-7.66182029945384e-05,-0.000278364459790126,-0.000245565925268032,-0.000139139817512124,-3.42887245849965e-05,-0.000541650451185482,-0.00322880052664054,-0.00251547497230309,-0.00108098791621458,5.43707184075259e-06,-0.00228329205180522,-0.00134766176121559,-7.70685701922957e-06,-0.00166475668830746,-0.000212914904414774,-7.26912158555137e-05,-0.00405036803149006,-0.000259519801335983,-0.01268178552905,-0.000407425312646481,-0.00520937716395053,-0.000999367165017251,-0.000148490885819363,-0.00011529229755336,-0.00174245454541211,-0.00203406526288763,-4.73774122937698e-05,-0.00385366498361606,-0.00454595942124403,-0.000148374885177383,-0.00489052862714301,-0.00154890789596696,-0.00248145650980014,-0.00133333096846311,-0.00427626672394066,-0.00965090713702832,2.40062289424969e-06,3.10401160925622e-05,3.41415372622222e-05,-0.000249343336918173,-0.00144060926324308,0.00015331845768074,-0.00245001065926864,-0.00341967693293732,-0.00709691076346219,-0.00387177083023893,-2.88412497582158e-05
"12:124633209:C:T",-0.00680754775326431,-0.00020805680878766,-2.4254379924038e-05,-0.00039941585647707,-0.00182040681507001,3.66991089579827e-05,-0.000121561421122962,-0.00165271838998748,-0.00127851042714688,-0.00966429862555263,-0.0016470050127575,-0.00487039815496715,-0.00166797118396378,4.80290510553871e-05,-0.00161982580817899,0.000803905983477016,-5.93989531161299e-06,2.50530785619318e-05,-9.34287395617517e-05,-0.00127851042714688,1.79395052031239e-05,-6.04161840307427e-05,0.000504381417183453,-0.00131680266736645,-0.00418965739452482,-0.00271590673412625,-2.4254379924038e-05,4.80290510553871e-05,-1.80654024912741e-05,-6.04161840307427e-05,-0.00169922260496769,3.24999596124087e-06,-0.000342123727544497,-5.93989531161299e-06,-0.000156702502062345,0.000199296881941535,0.000104920147533605,-0.00125556062316079,-7.33477676266858e-05,-0.00233021134720968,-0.00195670704512629,2.50530785619318e-05,-9.34287395617517e-05,-0.00278513660057733,-0.00205495571010594,-0.00035103008575188,-0.00112547045306899,0.000188514729377864,4.80290510553871e-05,-0.0102874393523766,4.80290510562753e-05,-0.00106041776698618,-0.000352209979853413,-0.00404635259244346,-0.00136554032848402,-0.00176349262562958,-0.00167683702340859,0.000134587099955397,0.000294630563439036,-5.93989531161299e-06,-5.93989531161299e-06,0.000144630360906284,-0.000185423233745041,-0.00235113327222969,-0.000157805649831033,0.000118303712430823,0.193720833574926,-2.49682200381685e-05,0.000134587099955397,-0.00167982121484345,0.000149549504971702,0.000106646206980976,-0.000326122359160408,-0.0022942267141719,-0.000122216098943362,-0.00156681861478258,-0.000231670334982503,3.09164155991581e-05,-0.0020190751200202,0.000394864903450198,-0.00170504043054631,9.09347734054933e-05,-0.00223741352908036,-0.00105887189592302,4.80290510553871e-05,-6.04161840307427e-05,-0.0032245046717132,-0.00156681861478258,-0.00175091306810682,-6.04161840307427e-05,-0.00124473452484253,-7.01027468181792e-05,-0.0087897822353753,-0.000185423233745041,0.000202309961397695,-0.000483777273925234,9.62433547142538e-05,-0.000100312337381503,-0.000948277845115086,-0.000411456967415624,2.35780521995466e-05,-0.00221992529210624,0.000102711796908572,-0.000815829170178084,-0.00214896047553648,-0.00233724002050995,5.35794360292385e-05,-4.33473787149197e-05,8.00959262363676e-05,-0.000129137223887632,5.03439495300739e-05,-0.00148528659666525,2.50530785619318e-05,-0.00240955266265974,0.000211198799011214,-0.00140928932546469,-0.00221992529210624,0.000106646206980976,-0.00358272834201845,-0.00179281405010823,-0.00170964760122283,-0.0038428087576321,-0.000264790641086421,-0.00979206295481561,-0.00016134915761512,0.000159189630885237,-0.0019555205507169,-0.00313029637675921,-6.04161840307427e-05,-0.000555412794943422,-0.0043291473722622,-0.00469968923960185,-0.0029257187193017,-0.000500557422708603,0.000101480020683553,-0.00624529313885347,-0.00156151602689025,-0.00222929897541757,-5.93989531161299e-06,-0.00144977573093996,-0.000274332528834798,-0.000950117029864472,-0.00262512184267472,-0.00181814263111413,-0.000358555269097671,9.7128168479621e-05,-0.00558927071435278,-0.00581863057602661,-0.00413483603446974
"12:124633597:G:A",-1.92069495419389e-07,-7.54108136824527e-06,-0.00230058072390182,-0.00645568466025193,-0.00261606095922762,6.12005893074752e-07,-0.000102146785845747,-4.07604820118479e-07,-1.89490078383869e-06,-0.00190855225439002,3.8501684951342e-07,-8.35076509924093e-05,2.16231632599317e-07,7.03799841517139e-07,-0.00210255469169773,-4.28455812020445e-05,-9.31935719705734e-08,5.01044743472789e-07,-2.34710300794916e-06,-1.89490078383869e-06,-0.00414693391233367,-1.47077946444085e-06,-1.96828496825674e-05,9.15161431080946e-07,-5.24939606032504e-05,-7.78298831605184e-07,-0.00230058072390182,7.03799841517139e-07,-1.30997173597436e-05,-1.47077946444085e-06,-5.16116781312803e-07,-2.87833669725401e-05,-0.00403660945618967,-9.31935719705734e-08,-0.00111670506311867,-0.00214242251955721,-8.42209032292374e-07,-0.000749439405413277,-1.79881035755614e-06,-0.00182677770723494,-0.000118415414600115,5.01044743472789e-07,-2.34710300794916e-06,-6.12074304484622e-06,9.15442512905429e-07,-0.00189197127624396,-0.000422449688561866,-0.00122137188578364,7.03799841517139e-07,-3.31555518453541e-05,7.03799841517139e-07,-0.0030946697804306,-1.02206859153853e-05,-0.000278956548514397,-7.50047696662648e-06,-0.00255427924108709,-0.0036216325574312,6.90798386493441e-07,-0.00100433761832885,-9.31935719705734e-08,-9.31935719705734e-08,6.0844770022328e-07,-6.54195632954213e-06,-6.6903757431902e-06,-0.000110358111160558,-5.309144604837e-05,-2.49682200381685e-05,0.120530290519655,-0.00136328348206316,4.12138734589007e-05,5.63337471781722e-07,9.01497224425896e-07,-0.00026932372606403,-4.41580011640852e-05,-3.64717653500435e-06,-9.15331500372929e-07,-8.64287003210507e-06,5.59001755107147e-07,-0.0054469267552868,-3.64717653500435e-06,-0.000130362272903639,-9.39872170144795e-05,-0.00282882019790254,-0.0023330879654111,7.03799841517139e-07,-1.47077946444085e-06,-0.00385715163942857,-0.00219130197043782,-4.52107395227941e-05,-1.47077946444085e-06,-0.00222638550717669,-0.00216278468498743,-0.00128650731069069,-0.000151558415299569,-0.000850168312251931,-0.00022965774866357,9.15485690811124e-07,-2.54581253500419e-06,-0.00117953267045179,-2.16318789716397e-05,-6.40929693860315e-05,-0.00781649387154815,-0.00220590537615895,-0.00302779135823883,6.12005893074752e-07,-0.000108060514191877,7.42898118133439e-07,-7.78298831605184e-07,9.09837958751325e-07,-0.00110387966643355,-0.000629894590471025,-0.00202832905643113,5.01044743472789e-07,-0.00122137188578364,-5.74602970537796e-07,-2.54581253500419e-06,9.15442512905429e-07,9.01497225314074e-07,-0.00353705203975618,1.43675141375255e-05,-0.000123488384194292,-1.67232791170591e-07,-0.00178360163557745,1.13611928203028e-05,-2.54581253500419e-06,4.65747407751849e-07,5.59001755107147e-07,3.41176615323846e-05,-1.47077946444085e-06,-9.03455733425318e-06,-0.00581654352976546,-5.5001390197873e-06,-0.00711414668411825,-2.09595467088874e-05,9.10183450386626e-07,0.000190436341387823,-0.00792527295841516,-0.00160343228416515,-9.31935719705734e-08,0.000134974812223021,-1.14585862061034e-05,8.5719354903091e-07,-0.000170790740886773,-0.00117327777340925,-7.66298165242318e-05,8.8463511715986e-07,-0.000116665942134553,-1.97384446742888e-06,-2.75291296691904e-06
"12:124634837:G:A",3.06056601839799e-06,6.62832597573271e-05,6.18504468796743e-06,-0.00385343828486473,-0.00129701215528666,-1.48812358506945e-05,-0.00173789021091508,6.18504468796743e-06,-9.68501533629151e-05,-0.00162582342071893,-0.00124921595623473,-0.00126973257594187,-0.00322990362944164,-1.78013482550199e-05,-0.000520783208810549,-0.00952625881238944,1.5224157179361e-06,-1.18990821107445e-05,2.87357713295577e-05,-9.68501533629151e-05,-0.00073150359687979,2.0467961396875e-05,-0.000208756819721323,-0.00133975074479231,-0.00169333784940928,1.09959934633252e-05,6.18504468796743e-06,-1.78013482550199e-05,4.61469325063746e-06,2.0467961396875e-05,5.70453756232325e-06,3.21646922731844e-05,0.000106332412428856,1.5224157179361e-06,1.62575560089806e-05,-0.00394047704001821,-0.00126303608580169,-0.00297674357979982,2.37242054810238e-05,-0.00583505403332918,-0.00404815485853494,-1.18990821107445e-05,2.87357713295577e-05,-0.00417777501975447,-3.33777968668514e-05,-0.00308220093904676,-0.0084274288226327,-7.33435193742693e-05,-1.78013482550199e-05,0.000160199508598247,-1.78013482550199e-05,-0.00349306363005297,-0.000161186041490957,-0.00600741803734373,6.44701787528845e-05,-4.84335773229816e-05,-5.50563173922214e-05,-0.0010483849095122,-0.000116397215412789,1.52241571704792e-06,1.5224157179361e-06,-5.50563173922214e-05,6.08072769630041e-05,-0.000138571286749212,4.94891537092812e-05,-0.00478678313079506,0.000134587099955397,-0.00136328348206316,0.15036398819265,-0.00770399057135407,-5.63383461535949e-05,-3.8857364771161e-05,-0.00215678979667455,-0.00299334534218598,4.07384542366884e-05,-0.00637144215583785,-0.00511298192568521,-1.33980358771879e-05,-8.16652657524841e-05,4.07384542358002e-05,-8.03998052649746e-05,-3.47695462066255e-05,-0.00100076370080426,-0.00297445131591623,-1.78013482550199e-05,2.0467961396875e-05,0.000314948036479024,-0.00119027850073916,-0.000127223925015407,2.0467961396875e-05,-0.00311088648239988,1.76536467915156e-05,-0.00267190845056753,6.08072769630041e-05,-7.69303471308547e-05,-0.00269391562182442,-3.61465709701747e-05,-0.00426051415230599,-0.000134991293359032,0.000126024100081779,8.17341375869418e-05,-3.33777968668514e-05,-0.0012794228661841,-0.00110619885402752,-1.48812358506945e-05,0.000127726781987469,-1.92387352653256e-05,-0.00368412807773044,-3.1971087394389e-05,4.24531527150052e-05,-0.0012968695746256,3.92434759577398e-05,-1.18990821107445e-05,-0.000926733616074316,-7.92575598600465e-05,3.0441262921066e-05,-3.33777968668514e-05,-3.88573647702728e-05,-0.000843008721160388,-0.000171524554198221,-0.000558181173013317,-0.0020895678427495,7.97318408327641e-05,-0.00132197942650869,3.0441262921066e-05,-5.88616742618342e-05,-1.33980358771879e-05,-0.00158533448657749,2.0467961396875e-05,7.38490121836577e-05,-0.00213512243168879,5.31172933504465e-05,-0.000302815804797518,0.000123915698480026,-3.75091018467444e-05,-0.00173605821293332,-0.00206909695677115,-1.63489267341888e-05,1.5224157179361e-06,-0.000142928349235127,8.64172178349776e-05,-0.00301282628416466,4.61469325241382e-06,-0.00153178553871136,0.000139282730600598,-0.00129798493442834,-0.00272152464556896,2.53775089626984e-05,3.21646922731844e-05
"12:124634958:C:T",-0.0024118930232655,-0.00563191785636086,1.17508443864267e-07,-0.00289085287989899,-0.00314835767326427,-2.76609294651564e-05,-0.00280856217318748,-0.00199278227115585,0.000331468967536885,-0.00744822614130936,-0.000267251182397565,-0.00420780640632223,-0.0123111984011137,-0.00139104816183622,-0.00194808878738106,-0.00189663282008024,-0.00385911900562252,-0.0020638610635082,-0.0144221067812378,0.000331468967536885,-0.00580127031920563,-8.03081590294852e-05,-0.00736833908827172,-0.00130009477347759,-0.0056444447462618,-0.00637603260400077,1.17508443864267e-07,-0.00139104816183622,-0.00197896025086219,-8.03081590294852e-05,-0.00555048265415747,-0.000286440715591141,-0.000284437867401621,-0.00385911900562252,-0.00469049033269986,-0.000229787858714747,-0.0016193696101694,-0.00444689870769821,-0.00147730937756663,-0.000883201037187309,-0.00340284884397191,-0.00118375683315808,-0.0144221067812378,-0.00898560750861277,-0.000774817426682617,0.000345930590492038,-0.00270752212304171,-0.00622350005835148,-0.00502479779359177,-0.00084771531354022,5.77972606246036e-05,-0.00200349608868855,-0.0023559636285535,-0.00377694873158108,-0.00336403585628808,-0.00215300371840765,-0.000105623692814305,-0.000254945941068563,0.000350599276879748,-7.93873065862982e-06,2.66220215916491e-06,-0.00658111819167395,-0.000270353058811956,-0.00907113984291374,-0.0011067584464266,-0.00376297753235644,-0.00167982121484345,4.12138734589007e-05,-0.00770399057135407,0.47821939798931,-0.00207384108683062,0.000162122044891966,-0.00523989515861967,-0.00935639010385048,-0.000170340523771628,-1.07239258180236e-05,-0.00239119584747582,-0.00213115964702659,-0.00381468718407119,-0.000170340523772516,-0.00145528595215394,-0.0075329340169672,-0.0012339936805521,-0.000938733141711001,-0.00502479779359177,-8.03081590294852e-05,-0.00700410874961799,-0.0111005241077704,-0.00240837529930049,-8.03081590294852e-05,-0.00286324263591764,-0.000838519957196748,-0.00286992749346471,3.44722818921284e-05,-0.00179934214209432,-0.00615387422916402,-0.00130105251337564,-0.00130069537686595,-0.00586894293050255,-1.74139016824171e-05,-0.000764089298473269,-0.00229391183126815,-0.00178021845044407,-0.00456346559917709,-0.000211642232057052,-0.00185551216567781,9.05141139675436e-05,-0.000767974321914444,-0.00217431441656935,-0.000839471218447407,-0.000867104704853183,-0.000104201019032413,-0.00165065423345201,-0.00185500325322696,-0.000277118637445284,-0.016907767913783,-0.000828500581193659,0.000162122044892854,-0.00116059190441131,-0.0039203918587063,-0.00423297729633632,-0.00575001937287745,-3.25968414860434e-05,-0.00789546045721012,-0.00419361273644103,0.000227088072318971,-0.00132477765839401,-0.000757327918998296,0.000187721024102139,-0.01095699798356,-0.00469114514703994,-0.0164897242596935,-0.00583937655052136,-0.0026831180519169,-0.00107879052399884,-0.00166259764627386,-0.0114405864760254,-0.00883457172102275,-0.00361719118732928,-0.000926261501853265,-0.00462366359692012,-0.00218692946353594,-0.00974835207881419,-0.00480005654815452,-0.00135442135109143,-0.00375917081181276,-0.00274904694941291,-0.00613389833950428,-0.0148827564605503
"12:124638643:A:G",-0.00159542719798011,7.26791276983718e-05,6.65467978144818e-06,-0.00153943981561699,-5.35296899846216e-05,-1.61173503041567e-05,3.87598598541317e-05,6.65467978144818e-06,-0.000103151079966501,0.000192960424356237,-6.78018904327615e-05,-0.00031712506789372,-6.3358266402247e-06,-1.92364231388353e-05,-5.04878963836219e-05,-0.00108995496208308,-0.00305404704196111,-1.29291249972852e-05,3.12214990252357e-05,-0.000103151079966501,-0.000980612249864343,2.22523354205251e-05,6.50554414702853e-05,-4.16265225293699e-05,-0.000288988317807437,1.18401747037922e-05,6.65467978144818e-06,-1.92364231388353e-05,4.96383019310542e-06,2.22523354205251e-05,-0.000184794449282322,3.49487771691415e-05,0.000117614044023107,-0.00305404704196111,-0.00209554092040065,-0.000867267462445476,-9.12089513640524e-05,-2.49122474915708e-05,2.57817811100125e-05,-0.0108665634896816,-0.00104130958698967,-1.29291249972852e-05,3.12214990252357e-05,6.20825382169343e-05,-3.59886593708225e-05,0.000119910469509321,-0.00501806029263552,-7.84623373810689e-05,-1.92364231388353e-05,-0.00217178132032725,-1.92364231388353e-05,-0.00438656496391765,-0.000241216606948313,-0.00262569346854136,-0.000608673613206712,-5.2101292866702e-05,-5.90845986927491e-05,-5.63383461535949e-05,-0.000123569765896114,1.63678255571398e-06,1.63678255571398e-06,-5.90845986927491e-05,6.664277748758e-05,-0.000146561716934279,5.40385236051932e-05,-0.00227319730383968,0.000149549504971702,5.63337471781722e-07,-5.63383461535949e-05,-0.00207384108683062,0.0944934765550114,0.000779450039459562,0.000108593036203253,-0.0041580836309798,4.44670642600897e-05,1.36073731766828e-05,7.89151344342542e-05,-1.45320244060443e-05,-8.73435424715296e-05,4.44670642600897e-05,-0.00196205421294771,-3.74655423360792e-05,-0.0051081867280498,-6.2916197416385e-06,-1.92364231388353e-05,2.22523354205251e-05,-0.00022633851375975,1.36073731766828e-05,-0.00175555812908001,2.22523354205251e-05,2.74527621328957e-05,1.90296853217475e-05,-0.00299518556822509,6.664277748758e-05,-8.2215513403483e-05,-8.77761003250654e-05,-3.89262148576819e-05,3.30748358070565e-05,-0.00106134128138624,0.00014001423129173,8.97797237815467e-05,-3.59886593708225e-05,-4.77164718803991e-05,-0.00487875897758183,-1.61173503041567e-05,-0.00346354085808365,0.000793025583177176,1.18401747037922e-05,-0.000806758812748498,4.63402151753556e-05,-6.35391161880605e-05,4.26575978931254e-05,-1.29291249972852e-05,-0.00528574551760386,-8.46488338055451e-05,3.30748358070565e-05,-3.59886593708225e-05,0.00135585201836363,-0.000102017693598633,-0.00156752466716448,-0.00517151593800058,-7.84623373810689e-05,-0.00153981051314211,-0.001680349722184,-0.00146203006678292,0.000765675120629972,-1.45320244060443e-05,-2.0265500960015e-05,2.22523354205251e-05,8.10398869202089e-05,-0.00131182988045975,5.80158827503396e-05,-0.000691148171727995,0.000137624515597068,-4.03709420071507e-05,3.04494732104033e-05,-0.00105149316564113,-1.76853896363127e-05,1.63678255571398e-06,3.85220525931373e-05,9.5168476258678e-05,-0.00431636055937545,-0.000840616020195029,0.000266607277459308,0.00015489579787431,-4.62206854621172e-05,-0.00111455720822118,2.75752979668198e-05,3.49487771691415e-05
"12:124638916:G:A",-0.000575282263765686,5.12560000727191e-05,4.78936667569485e-06,-0.000193504905976916,-3.68389953884218e-05,-1.110521117198e-05,2.7496297241747e-05,4.78936667569485e-06,-7.10600333535538e-05,0.00013864462641866,-4.64030639699686e-05,-0.000213718962300824,-4.06803792163402e-06,-1.33470886165554e-05,-3.30263066841141e-05,-0.000119890862707805,-0.00203341209559671,-8.8125857438115e-06,2.20522446721105e-05,-7.10600333535538e-05,0.000191601287249377,1.5583353294879e-05,-0.000148932905794652,-2.82768824169111e-05,-0.000194479373488043,8.52470748657908e-06,4.78936667569485e-06,-1.33470886165554e-05,3.57200775624733e-06,1.5583353294879e-05,2.87766305664405e-05,2.47431945741283e-05,8.32735938027795e-05,-0.00203341209559671,1.29931379744264e-05,0.000277802641924119,-6.24551989085731e-05,1.31141134422919e-05,1.81278282083142e-05,0.000156443861475175,-0.000167262571363125,-8.8125857438115e-06,2.20522446721105e-05,4.39543501187245e-05,-2.48443839119261e-05,8.49496851955678e-05,-1.92930708839967e-05,-5.40724595605724e-05,-1.33470886165554e-05,0.000127797668965535,0.000363383943634332,-0.000108278600936096,-0.000116258051948037,-0.000126832120683318,-0.000473270194604858,-3.58122317010157e-05,-4.08301794747601e-05,-3.8857364771161e-05,-8.48966607458479e-05,-0.00203341209559671,1.17754508899282e-06,-4.08301794747601e-05,4.68814428815634e-05,-0.000100509303058161,3.81303109788789e-05,-7.26912158564019e-05,0.000106646206980976,9.01497224425896e-07,-3.8857364771161e-05,0.000162122044891966,0.000779450039459562,-0.00306602833888991,7.70170405877124e-05,2.70986620964919e-05,3.12104189488238e-05,9.79837140135942e-06,5.57799783411639e-05,-9.96534905794988e-06,-5.96675421489223e-05,3.12104189488238e-05,0.000342414293109883,-2.59054052644814e-05,-5.31524669691308e-05,-3.46329437128645e-06,-1.33470886165554e-05,1.5583353294879e-05,7.77742690898364e-05,9.79837140135942e-06,0.000563752307215282,1.5583353294879e-05,2.03186426039892e-05,1.37085116476143e-05,0.000141663625798039,4.68814428815634e-05,-5.67702356804034e-05,-0.000189881863134289,-2.69545694333573e-05,2.33900828376932e-05,6.52942120051847e-05,9.93516601095479e-05,6.3673395781727e-05,-2.48443839119261e-05,-3.26591313086766e-05,-5.1280292713507e-05,-1.110521117198e-05,0.000100931717561537,0.00182032951166811,8.52470748657908e-06,-2.37713032058551e-05,3.25637992375505e-05,-4.33335279597102e-05,3.03137315080804e-05,-8.8125857438115e-06,-5.40724595605724e-05,-5.85186512811475e-05,2.33900828376932e-05,-2.48443839119261e-05,0.00181307517290197,-7.0243867977382e-05,0.000765579248044546,0.00045307431414976,-5.40724595605724e-05,6.20579252847975e-05,-0.000300107211657519,-0.0004506343509183,0.00364785420513414,-9.96534905794988e-06,-1.35351498800063e-05,1.5583353294879e-05,5.7322506823887e-05,0.000196497989683131,4.10090352422898e-05,-0.000311320972840257,9.76020113263587e-05,-2.79920740915429e-05,2.19542122383842e-05,-2.18743990823e-05,0.000171142966594928,1.17754508899282e-06,2.77918513580389e-05,6.72417956355531e-05,1.46063470287672e-05,0.000179033955394203,0.000191929056462925,0.000110572639032469,-3.15831066517447e-05,3.3078128546471e-05,1.94213660176246e-05,2.47431945741283e-05
"12:124641263:T:G",-8.10598556100217e-06,-0.00014726178773472,-0.0030395769429683,0.000180085774526439,-0.00407765817787009,2.71878523667723e-05,-0.00280084316207496,-1.64245987814837e-05,0.000182235882686399,-0.000122896485686752,0.000110752387020518,-0.00205415333315528,-0.00340978698869954,3.48679866224444e-05,-0.00407419782119245,-0.00340549556290259,-4.02692289380724e-06,1.93052728754139e-05,-6.54759390892323e-05,0.000182235882686399,-0.00963325932769621,-4.3170920530855e-05,0.000369611107116086,6.15383484809939e-05,-0.00159436430432258,-2.93196986742572e-05,-0.0030395769429683,3.48679866224444e-05,-1.22381986180642e-05,-4.3170920530855e-05,-0.0015654609228406,-7.48189106358765e-05,-0.00024171361722658,-4.02692289380724e-06,-0.00167677212023776,3.82284999975724e-05,0.00015186656113908,-0.00311264355417773,-5.19183437388548e-05,-0.0010646945913706,-0.00586741516512124,-0.00267077738132038,-6.54759390892323e-05,-0.00121146673466921,-0.00212369578963223,-0.00129410069661606,-0.00308306984073647,0.000137605116496964,3.48679866224444e-05,-0.000376292543901258,3.48679866224444e-05,-0.00915544144473524,0.000291338401533281,-0.00669155918826059,-0.000153102613088762,-0.00368955072975918,0.000105254871570537,9.84470067546539e-05,0.000215064572887336,-4.02692289469542e-06,-4.02692289380724e-06,-0.00197865758149263,-0.000132018825580005,0.000253353007679813,-0.000111171252758169,-0.000680529023457055,-0.000326122359160408,-0.00026932372606403,-0.00215678979667455,-0.00523989515861967,0.000108593036203253,7.70170405877124e-05,0.2065240242105,-0.00182893245935745,-8.71726892031077e-05,-0.00295402777506215,-0.000163126816301151,-0.00263761924072536,-0.00302744450798453,-8.71726892039959e-05,0.000138512563253812,-0.0103244514054914,-0.00209377904548003,-0.00268582054049915,3.48679866224444e-05,-4.3170920530855e-05,-0.00438902264700447,-0.000150665630403779,0.000222173645028967,-4.3170920530855e-05,-0.00592152707152938,-0.00141687606351049,-0.000881466463395597,-0.000132018825580005,-0.00854928970031921,-0.00305593382505265,6.99543111384315e-05,-7.01161595069166e-05,-0.00170095890164834,-0.00104945069676354,-0.00119380286724802,-0.0023398396883989,-0.00372281860222401,-0.00220898907526745,2.71878523667723e-05,-0.00117144586375506,3.86345403988742e-05,-2.93196986742572e-05,-0.00195525859612555,-9.18470314559272e-05,-0.00244138521384762,-0.00132691846893174,-0.00267077738132038,-0.00201495321954948,0.000153003746787839,-7.01161595069166e-05,6.27069054388585e-05,7.70170405894888e-05,0.000179376528776309,3.97978963544432e-05,-0.00185844590990714,-0.00234071119312329,-1.46041647930417e-06,-0.00859366302079589,-7.01161595069166e-05,0.000115141986248624,-0.00184449619288518,-0.00134604698713048,-4.3170920530855e-05,-0.000382191198715631,-0.00340156512662748,-0.00115302342343337,-0.0115374678387394,-0.000898006858168543,7.35083194447483e-05,-0.00124335138204401,-9.55468552010785e-05,3.10527382989534e-05,-4.02692289380724e-06,-0.000213923233827629,-0.000194034253516051,-0.00260755680761982,-1.22381986162878e-05,-0.000665632099236646,-0.00128873909729599,-0.00165100495568993,-0.000525431296480861,-5.63782117586342e-05,-0.00127967477713575
"12:124642694:A:G",-0.00242304517839464,-0.00128103421015524,-0.00215507616322341,-0.0050730251736848,-0.000188364122259088,-0.00716120495937567,-0.001575333015019,-0.00371039810712048,-0.000773423851291533,-0.00788547161076458,-0.00633510092758094,-0.000272584939178699,-0.000134112895286087,1.38734631205395e-05,-0.00147378283636268,-0.00236677324362322,-1.58262492089278e-06,-0.00238813260657,-0.0018424940281303,-0.000773423851291533,-0.00311817392849889,-2.00606313187635e-05,-0.0045022643998669,-0.00492847096712179,-0.00108697346735731,-0.00235191850694427,-0.00215507616322341,1.38734631205395e-05,-4.90026818145139e-06,-2.00606313187635e-05,-0.00702871738723587,-0.00230631309708507,-0.00105064525094445,-1.58262492089278e-06,-0.000961135465066931,-0.00315445297053918,-0.00304629284132485,-0.0101574838026148,-0.00414498722967416,-0.00693839860646417,-0.0104141452336228,-2.07433223975428e-05,-0.0018424940281303,-0.000265738480702105,-0.00149852392593885,-0.00238363986256296,-0.00221130482128507,5.00074788130078e-05,1.38734631205395e-05,-0.000281956387661708,-0.00144816605960774,-0.00022304775961457,-0.00290198808455866,-0.00225375619812418,-0.0054961298316627,-6.41817004805034e-05,-0.00116600781139464,-0.00015109247403533,-3.95497205882833e-05,-1.58262492089278e-06,-1.58262492089278e-06,-0.00116600781139464,-0.000170731791870438,5.81121351652669e-05,-5.78280486944749e-05,-0.00594541634269907,-0.0022942267141719,-4.41580011640852e-05,-0.00299334534218598,-0.00935639010385048,-0.0041580836309798,2.70986620964919e-05,-0.00182893245935745,0.324350666002498,-9.02927408654719e-05,-0.000615593487707677,-0.00166499013855059,-3.57634496994663e-05,-0.00306745343845538,-4.4031891697216e-05,5.71883143258844e-05,-0.00170276748025255,-0.00261225619436711,-6.56918501498183e-05,-0.00144816605960685,-2.00606313187635e-05,-0.00135267329290523,-0.000613420905255957,-0.000138976765629018,-2.00606313187635e-05,-5.62001470489903e-05,-0.00784232191436729,-0.00156574985468971,-9.32615906217293e-05,-0.0034775552134052,-0.012554643534429,2.53605812412516e-05,-0.000987295443674263,-0.00143558952937184,-0.00337793002992282,-0.00109466055081509,2.34865887556168e-05,-0.00378437189920255,-0.00900288839486141,-0.000266672590678141,-0.00143126178796305,1.50719469766969e-05,-0.000629947190915914,-0.00156666194152155,-0.00249443911047997,-0.000826454481024363,-0.00571759575487629,-0.000344101826941667,-0.00253880121555472,6.93217569667226e-05,-0.000987295443674263,-0.000121629115813704,2.70986620973801e-05,-0.00111247971065165,-0.000524791676630443,-0.00815900974610573,-0.00430438255793142,-0.00149237237904654,-0.00323274911962823,-0.00348119854060869,5.30878610982555e-05,-0.00177288157168309,-0.00130694625124406,-2.00606313187635e-05,-0.00580898414979458,-0.00402822409243964,-0.00603982906164457,-0.00351468096332175,-0.00354951872373732,-0.000914474569210455,-0.00157790168230143,-0.00682698325048392,-0.00313026082993773,-1.58262492089278e-06,-0.00105923086297377,-0.00114574035423853,-0.00301601049576483,-0.00167213406195366,-0.0054527433838194,-0.000694624584419934,-0.00215082940494149,-0.000197491481416456,-0.0017675743735408,-0.00567987794154057
"12:124643273:G:C",-2.94637584996593e-06,-5.71441367256398e-05,-5.96171788025401e-06,0.000262398720414225,3.81783641936195e-05,1.14040826559858e-05,-3.19046946630763e-05,-5.96171788025401e-06,7.5256310442029e-05,0.000200992340603001,4.70759150941191e-05,0.000218656494969771,2.5914021897222e-06,1.42063080241783e-05,2.55815123892944e-05,-0.000156555795001623,-1.46471590767305e-06,8.53578565429558e-06,-2.51265429946912e-05,7.5256310442029e-05,0.000300930146481804,-1.7091781562506e-05,0.000156114715196054,2.72946154895592e-05,0.00019657725058142,-1.06194351445765e-05,-5.96171788025401e-06,1.42063080241783e-05,-4.44527560539143e-06,-1.7091781562506e-05,-8.53256549149251e-06,-2.84750610690665e-05,-9.30676251540419e-05,-1.46471590767305e-06,-0.000197150473427499,0.000254702056639466,6.40867617605068e-05,7.06132910544e-06,0.000402031131295111,-0.00018768292291238,3.69658934991079e-05,8.53578565429558e-06,-2.51265429946912e-05,-5.01576745213228e-05,2.59641338899996e-05,-9.5148763030295e-05,-6.21625208570009e-05,5.69098626526099e-05,1.42063080241783e-05,-0.000143383229779914,1.42063080241783e-05,0.000254652552572843,0.000122069044254047,-0.00063673995806468,-5.77612039203146e-05,3.68752086457036e-05,4.32387167110804e-05,4.07384542366884e-05,8.93941904092088e-05,-1.46471590767305e-06,-1.46471590767305e-06,4.32387167110804e-05,0.00411628874259584,0.00010570766198903,-4.29154458370107e-05,-0.000115311850505506,-0.000122216098943362,-3.64717653500435e-06,4.07384542366884e-05,-0.000170340523771628,4.44670642600897e-05,3.12104189488238e-05,-8.71726892031077e-05,-9.02927408654719e-05,-0.0114652649501314,-1.22092203991286e-05,-6.27588675286006e-05,9.97833832716566e-06,6.04596282123282e-05,-3.43326299985236e-05,5.92197162161412e-05,2.72986605045489e-05,5.57318617593339e-05,-1.05207628120496e-06,1.42063080241783e-05,-1.7091781562506e-05,0.0001558531923882,-1.22092203991286e-05,9.42578757667789e-05,-1.7091781562506e-05,-2.81442837675172e-05,-1.70949840523349e-05,-0.000160710250942664,0.00203664908438395,6.03616421077646e-05,-0.000152853808937259,2.86177059987125e-05,-2.6790843560498e-05,-9.03098422382342e-05,-0.000111273365306808,0.000365978330633787,2.59641338899996e-05,3.28699000817778e-05,5.33332615253457e-05,1.14040826559858e-05,-0.000115063963219697,1.5583353294879e-05,-1.06194351445765e-05,2.46138519592876e-05,0.00109798287698215,-0.000224356996014308,-3.54184280633163e-05,8.53578565429558e-06,5.69098626526099e-05,6.25966730982697e-05,-2.6790843560498e-05,2.59641338899996e-05,3.12104189488238e-05,7.41986006396189e-05,0.000124498628718328,0.000266835527132692,5.69098626526099e-05,-7.05674693435299e-05,0.000297394288924835,-2.6790843560498e-05,4.68814428815634e-05,9.97833832716566e-06,1.17036978259932e-05,-1.7091781562506e-05,0.000491716776610751,0.00029114634627625,-4.64930268586627e-05,0.000267572999000265,-0.000109099423322156,2.99215382408846e-05,-2.74235326296335e-05,1.52588448516511e-05,1.28133107599737e-05,-1.46471590767305e-06,-3.47567054346243e-05,-7.50253103110055e-05,3.18405633841223e-05,-4.44527560450325e-06,0.000904550024669604,0.000784381328551298,3.15018647434329e-05,-4.43481248408872e-05,-2.18562957279289e-05,-2.84750610690665e-05
"12:124646551:C:T",-9.46414100866377e-07,-0.00368999163520733,-1.92619806149708e-06,3.95133761399435e-05,-0.00186020296023592,3.79572225472913e-06,-1.10906602914795e-05,-1.92619806149708e-06,2.14595992078515e-05,-0.00105692598519713,-0.00179747149772247,-0.000272777133158542,-0.00214105710457257,4.64162350954922e-06,-0.00214176079651729,-0.00381145672186278,-4.69131523850308e-07,-0.00201287914830051,-0.00260136101901853,2.14595992078515e-05,-0.000149125294522712,-5.88686617675194e-06,3.57880095958052e-05,-0.00191848810641471,-0.000187720372794686,-3.46194278311174e-06,-1.92619806149708e-06,4.64162350954922e-06,-0.00218323816086219,-5.88686617675194e-06,-0.0020240552347941,-0.00180599579285712,-3.65288059782642e-05,-4.69131523850308e-07,-5.97073805952419e-06,-8.09854476830907e-05,-0.00178476268715144,-0.000637656968172529,-6.97328232757144e-06,-0.000119245899669274,-0.004200852435992,2.91973441335358e-06,-0.00260136101901853,-0.00169031908641237,-0.00172008939264146,-3.74482487410788e-05,-0.0017123681156912,1.69872822652906e-05,4.64162350954922e-06,-6.09097023911431e-05,4.64162350954922e-06,-0.001869052245695,3.09007089853708e-05,-0.00102219675520754,-2.10970347165329e-05,-0.00188919935249565,1.32885510426561e-05,1.26338173807028e-05,2.46566778567825e-05,-4.69131523850308e-07,-4.69131523850308e-07,1.32885510426561e-05,-1.89746398921997e-05,2.79600781381006e-05,-1.53858464484458e-05,7.89401977474569e-06,-0.00156681861478258,-9.15331500372929e-07,-0.00637144215583785,-1.07239258180236e-05,1.36073731766828e-05,9.79837140135942e-06,-0.00295402777506215,-0.000615593487707677,-1.22092203991286e-05,0.141386128350799,-2.33259947481912e-05,3.36157746172461e-06,1.81279365207843e-05,-1.22092203982405e-05,1.78365674710079e-05,-0.00192522502088632,-0.00287485702289736,-0.000708848605585288,4.64162350954922e-06,-5.88686617675194e-06,-0.00321806841000338,-0.00199445789715735,2.59000904172524e-05,-5.88686617675194e-06,-0.000593315583380161,-0.00222683452662675,-0.00354362798560715,-1.89746398921997e-05,-0.00119628782022296,-0.00428188545014763,9.07545925521447e-06,-9.26322777683453e-06,-0.00422228480447728,-0.0043281233946324,-2.73261978138706e-05,8.3269150197296e-06,1.05226968551975e-05,-0.00264824092077287,3.79572225472913e-06,-0.00280171218241065,5.05372057624243e-06,-3.46194278311174e-06,7.94265033565722e-06,-1.28225886291133e-05,-0.00229131862769716,-1.23651909937905e-05,2.91973441335358e-06,-0.00305103615340041,1.83388708281385e-05,-0.00559595286198444,8.3269150197296e-06,9.79837140135942e-06,2.1230340112588e-05,3.15907925871883e-05,-0.00138538297252877,1.69872822652906e-05,-2.64967180516607e-05,-0.00322374190525831,-0.00179191050220329,1.42285809161535e-05,3.36157746172461e-06,4.15405530151958e-06,-5.88686617675194e-06,-2.4097301603021e-05,-0.000108351653429928,-1.67370553070256e-05,-0.00139399222683556,-4.39653055126499e-05,9.44004542713373e-06,-0.00239981022041835,-0.00253694688304762,4.22234668118193e-06,-4.69131523850308e-07,-6.71623663883736e-06,-2.85724891133654e-05,-0.00452202487878139,-1.43203774705114e-06,-0.000103297066551988,-0.00159700524102657,-0.00968117108752597,-0.00465828708819505,-7.53078802873119e-06,-9.861480688933e-06
"12:124648832:C:T",-5.60999588561373e-06,-0.00070273263389975,-1.1363899724337e-05,-0.00084614015637996,6.71190306693603e-05,2.00578410955998e-05,-5.96325846435874e-05,-1.1363899724337e-05,0.000132488416923593,-0.00141810141183907,-0.00174628566769019,-0.000601017354690647,-0.00798492892546676,2.5365393867105e-05,-0.00870471984485111,-0.00151166243503109,-2.78734667258362e-06,-0.00270462932643145,-4.6537859406115e-05,0.000132488416923593,-0.000676765549774139,-3.10970718473413e-05,-0.0011744518967598,-0.00162724290573024,-0.000206788131108304,-2.0276842701783e-05,-1.1363899724337e-05,2.5365393867105e-05,-8.46861784342678e-06,-3.10970718473413e-05,-0.00158595072423395,-5.29989952866572e-05,-0.00499133149800812,-2.78734667258362e-06,-0.00267439450859008,-0.00073483272665964,-0.00172535878176738,-0.000307178752396275,-3.71551840201434e-05,-0.00544484755530128,-0.00798285611266358,1.46134750584892e-05,-4.6537859406115e-05,-0.00991353155880326,-0.00216957297896503,-0.000177429800030993,-0.00393829729151118,0.00010032548553518,2.5365393867105e-05,-0.000269882246434427,2.53653938679932e-05,-0.00528092894688736,0.000212083310652034,-0.000131081253736731,-0.00116924714916866,6.46671205783989e-05,7.66157576919113e-05,7.19283852088637e-05,0.000156578867208879,-2.78734667258362e-06,-2.78734667258362e-06,7.66157576919113e-05,-9.49944139954084e-05,0.000184426840339924,-7.93805560386218e-05,-3.80023913484351e-05,-0.000231670334982503,-8.64287003210507e-06,-0.00511298192568521,-0.00239119584747582,7.89151344342542e-05,5.57799783411639e-05,-0.000163126816301151,-0.00166499013855059,-6.27588675286006e-05,-2.33259947481912e-05,0.17992574937032,1.73530861209414e-05,0.000104906701770879,-6.27588675277124e-05,0.000102579283110416,4.84205423543216e-05,9.8126632131823e-05,-0.00157420494740368,2.5365393867105e-05,-3.10970718473413e-05,-0.00942860765513487,-0.00650427470873804,0.000163257236391878,-3.10970718473413e-05,-0.00151477571472292,-0.00295801133993301,-0.000791705375250196,-9.49944139954084e-05,0.000106756065184399,-0.0021593601739669,5.09046629622034e-05,-0.00286253264298253,-0.00735383890506691,-0.000208100823628321,-0.0034510886255168,-0.0051804832132607,5.71149311072716e-05,9.36426957682812e-05,2.00578410955998e-05,-0.00111544770623695,2.79694569185196e-05,-0.00488437443677991,4.33564030632994e-05,-6.59982828938865e-05,-0.00249533469488927,-0.00312704666252817,1.46134750584892e-05,0.00010032548553518,0.000110909933872527,-4.97472904168461e-05,4.59046588829892e-05,5.57799783411639e-05,-0.00194529887659645,0.000213751955209673,-0.00179881976707774,-0.00602727947056536,-0.000131892264544575,0.000487257404786945,-4.97472904168461e-05,8.34280127257614e-05,1.73530861209414e-05,-0.0030512507496443,-3.10970718473413e-05,-0.000120304743056465,-0.00139141283557187,-8.6338199071001e-05,-0.0102684499274144,-0.000203755994458987,5.33576150623105e-05,-0.00269274759414007,-0.000106374532977682,2.27283968330383e-05,-2.78734667258362e-06,-0.00304123247850097,-0.000570582653944385,-0.00150429736115587,-8.46861784342678e-06,-0.000422160924679282,-0.00199243520649262,-0.00169929058816276,-0.00179507754503128,-4.02425884491464e-05,-5.29989952866572e-05
"12:124650708:G:A",8.20164051340555e-07,1.60028430382653e-05,1.65363661164264e-06,-0.0013363298855511,-0.0016265737386405,-3.67455191074839e-06,8.98907432222984e-06,1.65363661164264e-06,-2.55490999716557e-05,3.84173909706576e-05,-0.00156946302264682,-8.85216800643462e-05,-0.00261043487722645,-0.00141308640571136,-0.00263083610638049,-0.00221126978451824,-0.00429983285817048,-2.85644279873765e-06,7.22006821263221e-06,-2.55490999716557e-05,-0.00107021011150987,-0.000425631749942923,-0.000539809570763161,-0.00167802917784154,-0.000233536255826117,2.92938334567339e-06,1.65363661164264e-06,-0.00141308640571136,1.23522016881594e-06,-0.000425631749942923,-0.000300728282444318,-0.00225543464739708,2.48327098990586e-05,-0.00429983285817048,4.69433795569074e-06,-0.00293479235767435,-0.00156731043733949,-0.00134428941751441,5.92856881009851e-06,-0.00210063910635672,-0.00379776952446242,-2.85644279873765e-06,7.22006821263221e-06,-0.00212606953246741,-8.41039028998125e-06,2.52857307287968e-05,-0.0018056375337725,-1.90152092685025e-05,-4.47897512501072e-06,3.55988605393875e-05,-0.00577024035448126,-0.000262521144415828,-0.000880350834975729,-0.000127933418356818,1.58265892649112e-05,-0.00165475668165183,-1.41574725454063e-05,-1.33980358771879e-05,-3.09615452902534e-05,-0.00429983285817048,-0.00381961275649179,-1.41574725454063e-05,1.46797007145594e-05,-0.000950233492186037,1.21628615339375e-05,-0.00159890490473025,3.09164155991581e-05,5.59001755107147e-07,-1.33980358771879e-05,-0.00213115964702659,-1.45320244060443e-05,-9.96534905794988e-06,-0.00263761924072536,-3.57634496994663e-05,9.97833832716566e-06,3.36157746172461e-06,1.73530861209414e-05,0.119186658968144,-2.08728054769125e-05,-0.000412038941322024,-0.0028526764506358,-0.00168470503222462,-1.86487142643799e-05,-6.82259692297293e-07,-4.47897512501072e-06,-0.000425631749942923,-0.00793711606860636,3.36157746172461e-06,-0.00302475202697483,-0.000425631749942923,-2.07618927898778e-05,4.67947329063634e-06,3.86934002634121e-05,1.46797007145594e-05,-0.000976436954977622,-7.53819495322716e-05,-9.19467847904087e-06,7.65722661366652e-06,-2.54028478021695e-05,2.89314396315632e-05,-0.00204473998858834,-8.41039028998125e-06,-1.10338267047538e-05,-1.79051367368288e-05,-3.67455191074839e-06,2.947565192013e-05,-4.87614766786493e-06,2.92938334567339e-06,-8.01303759523364e-06,1.04089365695614e-05,-1.47823827214566e-05,9.89423145814072e-06,3.37893035107228e-05,-1.90152092685025e-05,5.11210351712421e-05,-0.00225230303962931,-8.41039028998125e-06,-9.9653490570617e-06,-2.52104141740261e-05,-0.000532625435808676,-0.000136514914872876,-1.90152092685025e-05,-7.02829255629922e-05,6.11784766793022e-05,-0.00225230303962931,-1.52710110148391e-05,-3.26722690680015e-06,-4.27293700866471e-06,5.08393166676058e-06,-0.00192825282499598,-0.00230220811202031,1.30590542983811e-05,-0.0113241658689356,2.84817992080022e-05,-0.00089973841349078,7.41428067474459e-06,-5.88395708422951e-06,-4.07845553240804e-06,4.084350075928e-07,9.31383318736323e-06,-0.00143979170580444,-6.29108496381647e-05,1.23522016970412e-06,-0.00341890408669698,3.18887273316193e-05,-1.06267756878609e-05,1.12753361793949e-05,-0.00263914736388227,8.09776159194087e-06
"12:124652123:G:A",4.40083530861557e-06,-0.00145972126588489,-0.0018893541346765,-0.00259458621042885,-0.00413199903040784,-2.30184757104013e-05,-0.00216249981154526,-0.0018893541346765,-0.000815596184493117,-0.000156835954645551,-0.000206648429354139,-0.000412633522320682,-9.81468545546704e-06,-0.00124272148644433,-0.000301917567120391,-0.00057670682498312,2.18983730615463e-06,-0.00158271252746811,-0.00212142728891251,-0.000815596184493117,-6.58426762223385e-05,3.06221553270092e-05,-0.000339032882620494,-0.000138661933864803,-0.00105684530879113,-0.000267425859593828,-0.0018893541346765,-0.00124272148644433,-0.00617107450772814,3.06221553270092e-05,-0.00528896162316173,4.72408426350768e-05,0.000153190744401677,2.18983730615463e-06,-0.00100982621014456,-0.000539667997554005,-0.000242575035882098,-0.00326785847651223,-0.00284804126155791,-0.000904542947212761,-8.93803262869142e-05,-1.87055742149056e-05,-0.00212142728891251,8.30136641933876e-05,-0.00322902112629286,-0.00124088320156091,-0.000993941015063893,-0.000881555593032601,-0.00124272148644433,0.000224938095779059,-2.72463587167593e-05,-0.000988076309979213,-0.00101347753900694,-0.00113663122728891,-0.00193076261375147,-0.00376925554303487,2.51627085967598e-05,7.93169806412308e-05,-0.0019530889923125,2.18983730615463e-06,2.18983730615463e-06,-8.54705378801057e-05,8.94968663125439e-05,-0.00384204170932367,-0.00233196409656777,-0.00151942483668588,-0.0020190751200202,-0.0054469267552868,-8.16652657524841e-05,-0.00381468718407119,-8.73435424715296e-05,-5.96675421489223e-05,-0.00302744450798453,-0.00306745343845538,6.04596282123282e-05,1.81279365207843e-05,0.000104906701770879,-2.08728054769125e-05,0.180650630764673,6.04596282123282e-05,-0.000344807774155242,-5.37139011358434e-05,-0.00121225214853649,1.48468304193017e-05,-0.00124272148644433,3.06221553270092e-05,-0.00122771973976077,-0.00177573316228585,-0.000502384143528545,3.06221553270092e-05,-1.43678908752776e-05,2.53020062572773e-05,-0.0012012466104343,8.94968663125439e-05,-0.000120035310292366,-0.00495539510814336,-5.57186028560253e-05,4.47984881342123e-05,-0.00432057961367205,-0.00107103581997769,0.000118398467080283,-0.00132774999578178,-0.00282457558018123,-0.00270115814885674,-2.30184757104013e-05,5.61366731597346e-05,-2.93291707107457e-05,-0.00179180097320941,-4.96425205014361e-05,6.28742694299689e-05,-0.000183763833068618,5.72491232970762e-05,-1.87055742149056e-05,-0.00113883063255393,0.000143943783111666,4.47984881342123e-05,-0.00129861608867454,-5.96675421489223e-05,-0.00220145474339972,-0.00066182435843487,-0.00237650462447636,-0.00358533747853951,-0.00185873524438662,-0.00916519882537337,-0.00202312498426238,-9.10317800428828e-05,-2.08728054769125e-05,-0.00239558318690491,3.06221553270092e-05,-0.00390191989521682,-0.000460239779084937,-0.00194556359737419,-0.00208514741792598,0.000177140130077191,-5.7703050887703e-05,-0.00448986670301998,-0.000213932297623565,-0.00143394206199243,-0.00362549101585952,-0.000726224807396036,-0.00126528683981686,-0.000197932751307306,-0.00347166246184827,-0.00296831441784207,0.000106472505775557,-6.76912877821678e-05,-0.00359846251195162,-0.00241609542652199,-0.00214917135283432
"12:124655451:A:G",-0.000343050408453394,-5.71441367247516e-05,-5.96171788025401e-06,0.000193597828008762,3.81783641927314e-05,1.14040826559858e-05,-3.19046946639645e-05,-5.96171788025401e-06,7.52563104429171e-05,-0.000162572904497615,-0.000306173785997288,0.000218656494970659,2.59140218883402e-06,1.42063080241783e-05,2.55815123884062e-05,0.000103509592666917,-0.00179985167444485,8.53578565429558e-06,-2.51265429946912e-05,7.52563104429171e-05,0.000300930146480916,0.00205388993281996,0.000156114715196942,-0.000172173643222528,0.00019657725058142,-1.06194351436883e-05,-5.96171788025401e-06,1.42063080241783e-05,-4.44527560539143e-06,0.00205388993281996,-0.00010296810578847,-2.84750610681783e-05,-9.30676251540419e-05,-0.00179985167444485,-1.88794503950263e-05,0.000254702056638578,6.40867617596186e-05,-0.000119850545204692,-2.02496708441302e-05,-0.000187682922911492,3.69658934991079e-05,8.53578565429558e-06,-2.51265429946912e-05,-5.01576745213228e-05,2.59641338899996e-05,-9.51487630311831e-05,0.000590558975247291,5.69098626526099e-05,1.42063080241783e-05,-0.000143383229779914,-0.0032495429037116,-0.000241790811871923,0.000122069044254935,8.54712249900302e-05,-5.77612039203146e-05,3.68752086465918e-05,4.32387167110804e-05,4.07384542358002e-05,8.93941904092088e-05,-0.00179985167444485,-1.46471590767305e-06,4.32387167110804e-05,-5.17245876689998e-05,0.00010570766198903,-4.29154458361225e-05,-6.30235654952571e-06,0.000394864903450198,-3.64717653500435e-06,4.07384542358002e-05,-0.000170340523772516,4.44670642600897e-05,3.12104189488238e-05,-8.71726892039959e-05,-4.4031891697216e-05,-3.43326299985236e-05,-1.22092203982405e-05,-6.27588675277124e-05,-0.000412038941322024,6.04596282123282e-05,-0.00113015322063159,5.92197162170294e-05,2.72986605045489e-05,5.57318617593339e-05,-1.05207628120496e-06,1.42063080241783e-05,0.00205388993281996,0.000443527178176417,-1.22092203982405e-05,9.42578757667789e-05,0.00205388993281996,-1.5066063723701e-05,-1.70949840514467e-05,-0.000160710250942664,-5.17245876689998e-05,6.03616421086528e-05,0.0001824956625045,2.86177059996007e-05,-2.67908435613862e-05,-9.03098422382342e-05,-0.000111273365306808,-7.25800223371209e-05,2.59641338899996e-05,3.2869900082666e-05,5.33332615253457e-05,1.14040826559858e-05,-0.000115063963219697,1.5583353294879e-05,-1.06194351436883e-05,2.46138519601757e-05,-3.60093574531817e-05,4.31313137543299e-05,-3.54184280642045e-05,-0.000298071888867213,5.69098626526099e-05,6.25966730991578e-05,-2.67908435613862e-05,2.59641338899996e-05,3.1210418949712e-05,7.41986006396189e-05,0.00212520771371416,0.000266835527132692,5.69098626526099e-05,-7.05674693435299e-05,-0.000347919661854768,-2.67908435613862e-05,4.68814428815634e-05,9.97833832716566e-06,1.17036978251051e-05,-1.70917815616178e-05,0.000491716776610751,-0.000228354665864572,-4.64930268586627e-05,0.000267572999000265,-0.000109099423322156,2.99215382408846e-05,-2.74235326305217e-05,1.52588448534274e-05,1.28133107599737e-05,-1.46471590767305e-06,-3.47567054355125e-05,-7.50253103110055e-05,-5.20206913297017e-05,-0.00104759360069817,-0.000219329904511234,-0.000127139951645816,3.15018647434329e-05,-4.43481248417754e-05,-2.18562957279289e-05,-2.84750610681783e-05
"12:124659556:C:T",-4.15769562032153e-05,9.49631139093299e-05,8.74739235978694e-06,-0.00109255917400475,-7.65515900784663e-05,-2.26031893406642e-05,-0.00213722752026957,-0.00190598119253327,-0.000150259541212172,-0.000740615794779131,-0.00600748441139132,-0.000515296326721426,-0.0016456881720659,-2.67738171002563e-05,-0.000325612413985432,-2.33747105324866e-05,-0.00364199092726825,-0.00273537310910221,4.15745331645567e-05,-0.000150259541212172,-0.000740967507007362,3.00333454736901e-05,-0.000707952183796934,-0.0111817187385927,-0.00054386698916975,-3.01941386711135e-05,8.74739235978694e-06,-2.67738171002563e-05,-0.00198841469609157,3.00333454736901e-05,-0.0033147231790096,-0.0014305481012018,0.000149365918190369,-0.00364199092726825,-0.000628004956766404,-0.000718223875957769,-0.00913071052907277,-0.00734928281474545,3.45858153583123e-05,-0.0102197768158288,-0.000402674971209827,-1.83497749688399e-05,4.15745331645567e-05,-0.00203874140153193,-0.00134327526837286,-0.00121829913440408,-0.00287513889720126,-0.00239647146061728,-2.67738171002563e-05,0.000218295947401081,-0.00125866662544372,-0.00364458217842856,-0.00446047972500985,-0.00332914650677729,-0.00439255471279942,-7.45968543371944e-05,-0.00388119650694296,-0.00268249372660989,-0.000182210224533463,-0.00364199092726825,2.15579986218017e-06,-8.4168402127105e-05,8.75423760309246e-05,-0.000218557709463774,-0.00230634072696123,-0.000866401711303588,-0.00170504043054631,-0.000130362272903639,-8.03998052649746e-05,-0.00145528595215394,-0.00196205421294771,0.000342414293109883,0.000138512563253812,5.71883143258844e-05,5.92197162161412e-05,1.78365674710079e-05,0.000102579283110416,-0.0028526764506358,-0.000344807774155242,5.92197162170294e-05,0.179877940720792,-5.28295553996472e-05,-0.000111380391047078,-0.000210919991005198,-2.67738171002563e-05,3.00333454736901e-05,-0.000745095178363187,1.78365674710079e-05,-0.00262669134241822,3.00333454736901e-05,-0.00228810674657698,2.48891199925438e-05,-0.00118201854854583,8.75423760309246e-05,-0.000118354436541956,-0.000249404764596228,-5.48112079021834e-05,4.39478761657952e-05,0.000117797325980273,-0.00367743620500782,-0.00206198523609746,-5.08277929345269e-05,-8.56568162372895e-05,-0.000107779579953338,-0.00191088430734787,-0.00165740094050637,0.00019730068781687,1.55312137470887e-05,-0.00302842220977606,-0.00600413742296624,-0.000700302988863477,-0.000644602448384823,-0.00273537310910221,-0.000113151901184771,-0.000121732333576041,4.39478761657952e-05,-0.00134327526837286,0.000342414293110771,-0.000148679368534133,0.000406770217024288,-0.00423106320474576,-0.000439676767783226,-0.00183491758698207,-0.00307260059524594,-0.00204053563891193,0.000328035009982131,-0.00157212349163416,-0.000361328536602201,3.00333454736901e-05,0.000105162557688665,-0.000207071413930393,-0.00192085750155879,-0.000224728734853574,0.000172462256899486,-5.67730417895262e-05,-0.000513638709656483,-0.00338832775434028,-0.0014499218851407,2.15579986218017e-06,-4.95712861026121e-05,0.000122632045846061,-5.61438828654559e-05,-0.0036829267595424,0.000302851939052218,-0.000357776927755182,-6.65661975203236e-05,-0.00138628159418186,3.68937807273539e-05,-0.00212382042764236
"12:124659867:G:A",2.10868806060915e-06,4.45399260993184e-05,4.26139990672425e-06,-0.000400179773893505,0.000238387368490578,-9.82775557556437e-06,-0.00246467483035406,4.26139990672425e-06,-6.4329526570539e-05,0.000116983540267235,-4.15760807985777e-05,-0.00020253023858352,-3.52039672613103e-06,-1.18428504709556e-05,-0.00673152892814866,-0.000408752587254035,1.0489250472645e-06,-7.76990024942137e-06,1.93957690077795e-05,-6.4329526570539e-05,-0.00378138558842522,1.37058518827615e-05,-0.000138313324095307,-2.51134752282667e-05,-0.000183201395703492,7.57604324874706e-06,4.26139990672425e-06,-1.18428504709556e-05,3.17945616767901e-06,1.37058518827615e-05,-0.00280159445053751,2.17556337274161e-05,7.15045075461163e-05,1.0489250472645e-06,-0.00287943151955794,-0.0014425660527273,-5.63055098750098e-05,-1.33221056408672e-05,1.59467735638685e-05,-0.00196307884540481,-0.000217364129996511,-7.76990024942137e-06,1.93957690077795e-05,3.83594233310802e-05,-2.21160985756086e-05,-0.00160122271329044,0.00036354147892137,-4.86523558240748e-05,-1.18428504709556e-05,0.000107872946214727,-1.18428504700674e-05,-0.013079614716883,-0.000106830923135348,-0.000910321758114563,-0.00225554527105665,0.000198755218574931,-3.65765168783838e-05,-3.47695462066255e-05,-7.72039117071799e-05,1.0489250472645e-06,1.0489250472645e-06,-3.65765168783838e-05,4.07759717724332e-05,-9.18808792897963e-05,3.33163392713942e-05,-0.00285783900968806,9.09347734054933e-05,-9.39872170144795e-05,-3.47695462066255e-05,-0.0075329340169672,-3.74655423360792e-05,-2.59054052644814e-05,-0.0103244514054914,-0.00170276748025255,2.72986605045489e-05,-0.00192522502088632,4.84205423543216e-05,-0.00168470503222462,-5.37139011358434e-05,2.72986605045489e-05,-5.28295553996472e-05,0.119464620460225,-0.0012903777020874,-2.85199324157048e-06,-1.18428504709556e-05,1.37058518827615e-05,0.000430059973493435,8.7044661425395e-06,-8.38286947875133e-05,1.37058518827615e-05,-0.00175111088269464,1.21630058123046e-05,0.00011902952391285,4.07759717724332e-05,-0.00112299776313929,-0.000301613945901558,-0.00435365244813291,2.05695227419866e-05,0.000134623796254729,8.47959501069084e-05,5.51623088949071e-05,-0.00143968809685457,-0.00305473721890248,-0.00139663852124894,-9.82775557556437e-06,8.6215306431825e-05,-1.2834773697179e-05,7.57604324874706e-06,-0.00329893402661341,2.84777748449372e-05,-0.00159080413749813,2.66275818319173e-05,-0.00171252822847201,-0.00121594156269911,-5.27684603941481e-05,2.05695227419866e-05,-0.00347165155939066,-2.59054052644814e-05,-6.35668792678956e-05,-0.00137805024288706,-0.000307327385751677,-4.86523558240748e-05,-7.28048337279574e-05,-0.00609159392750769,2.05695227419866e-05,-3.92154326060989e-05,-8.80425685689801e-06,-1.18956810553073e-05,1.37058518827615e-05,4.97409306046137e-05,-0.00356986878749765,3.58115270771009e-05,-0.0130136013997371,8.33463007845481e-05,-2.49730039527662e-05,1.94280160412674e-05,-1.65542793446605e-05,-1.08405650456334e-05,1.0489250472645e-06,-5.30828583169551e-05,5.80849096589731e-05,-3.07166601745124e-05,3.17945616856719e-06,-0.00296670200561078,9.41657570132648e-05,-2.81244860396157e-05,-4.63907620886772e-05,1.7084578429305e-05,2.17556337274161e-05
"12:124660644:G:C",4.0438296879941e-06,9.05727295652525e-05,8.17364136818099e-06,-0.00119837068151529,-0.00124850487272177,-2.0600535166615e-05,-0.00165837345409869,8.17364136818099e-06,-0.000132502810146207,0.000235078541477307,-8.74737137213089e-05,-0.00175550799577007,-8.56637482016254e-06,-2.44422457136295e-05,-0.00273607871418413,-0.0013864139166655,2.01133441724011e-06,-1.66758066191264e-05,3.89538802263445e-05,-0.000132502810146207,-0.000298011520688313,2.79801029705595e-05,-0.000330345694788292,-5.39696350330132e-05,-0.00228546760106418,1.45356174581224e-05,8.17364136818099e-06,-2.44422457136295e-05,6.09781872373816e-06,2.79801029705595e-05,-0.00302710635411962,4.35082968222034e-05,0.000145658102499446,2.01133441724011e-06,2.04513336772294e-05,-0.00125228014459822,-0.000117771158987701,-0.00452555062587479,3.2300767919935e-05,-0.00383556601298185,-2.77599662164008e-05,-0.00325942873472584,3.89538802263445e-05,7.71735643780858e-05,-4.59796587488626e-05,0.000148410791338094,-0.000421068196833296,-0.000886617032764825,-2.44422457136295e-05,0.000220183980520261,-2.44422457127413e-05,-0.00270716530929604,-0.000621245509508483,-0.000576701757461606,-0.00243868692053084,-0.0012751920293157,-7.55141195778464e-05,-7.21214623853328e-05,-0.000724784064470185,2.01133441724011e-06,2.01133441724011e-06,-7.55141195778464e-05,8.32502487257969e-05,-0.000667308509490816,6.7392599713223e-05,-0.000362949866907769,-0.00223741352908036,-0.00282882019790254,-0.00100076370080426,-0.0012339936805521,-0.0051081867280498,-5.31524669691308e-05,-0.00209377904548003,-0.00261225619436711,5.57318617593339e-05,-0.00287485702289736,9.8126632131823e-05,-1.86487142643799e-05,-0.00121225214853649,5.57318617593339e-05,-0.000111380391047078,-0.0012903777020874,0.121922272880125,-9.43014569543266e-06,-2.44422457136295e-05,2.79801029705595e-05,-0.00261355019859355,-0.00153679591167766,-0.000175203129272106,2.79801029705595e-05,3.28407326701807e-05,2.33458327025815e-05,0.000242232104070261,8.32502487257969e-05,-0.000627834439039354,0.0002075125885872,-4.96046046256637e-05,4.12189363405702e-05,-0.00374539381574612,0.000172814749855199,-0.00238729836920637,-4.59796587488626e-05,-0.00262762292525487,-0.00252612348156855,-2.0600535166615e-05,0.000174516600934815,-2.63327826308668e-05,1.45356174581224e-05,-4.41374945747697e-05,5.80157967826622e-05,-8.22155510808997e-05,5.29166852913932e-05,-1.66758066191264e-05,0.0010230456934055,-0.000108282275211202,4.12189363405702e-05,-0.00108285610814729,-5.31524669682426e-05,-0.000810867999096132,-0.000236146963023209,-0.00207184050836906,-0.000100635911591596,0.00010857753961524,-0.00613704193450548,4.12189363405702e-05,-8.04664512310538e-05,-1.86487142643799e-05,-0.00117525713967304,2.79801029705595e-05,-0.00205120788047175,0.000327939598347982,-0.00552486361125837,-0.00500494380053595,0.000169965796743554,-5.13880175718739e-05,-0.000357535138827636,-0.00293729239110352,-2.25316033066747e-05,2.01133441724011e-06,-0.00270952819748516,-0.00177511318973256,-0.00309406226494868,6.09781872462634e-06,0.000322078584017227,-0.00172910901278289,-0.00124716978738615,-0.00275703479887923,3.44951652930803e-05,-0.00593519983402579
"12:124661430:C:G",1.01020950715736e-07,-0.00802072461754211,-0.00907605584364291,-0.00358970517983703,-0.00162443020129288,-8.02006044686721e-07,-7.40269690879813e-07,-0.0020985947704899,-0.000879200188615314,-0.00107439869281123,-0.00156577985895634,-0.00348165225375663,-1.81612113792085e-07,-1.05905642655557e-06,-0.00646864978173944,-6.22881849254853e-05,5.42672564662894e-08,-0.00176523710638055,-0.00517756630568034,-0.000879200188615314,-0.000115068236172355,1.02985899808061e-07,-0.00113497930032747,-3.71810397785666e-05,-0.00127854497009405,-0.002008507817294,-0.00907605584364291,-1.05905642655557e-06,-0.00563031200149311,1.02985899808061e-07,-0.00128342579491836,-2.16644698651791e-05,-0.00101494649033729,5.42672564662894e-08,-6.25787005015255e-05,-2.02640755730954e-06,-7.67074952454649e-05,-0.000129668978041231,-0.00308369198326464,-0.00199972634159096,-0.00846492264213961,-0.00176523710638055,-0.00517756630568034,-0.00181544829719726,-2.6559306531837e-06,-1.49957034132342e-05,-0.00554168567038049,-0.00123423288774305,-0.00141641115949209,-3.70286286210941e-05,-1.05905642566739e-06,-0.0071019720932064,-0.00297028578235992,-0.00200744759459681,-0.000937843625532508,-4.75804341171226e-06,-0.000446231840558475,-0.00137183320605683,-2.17990595441364e-05,5.42672564662894e-08,5.42672564662894e-08,-0.0011631829576535,-3.48877019273885e-06,-0.00094404159246686,-0.00602049686338368,-0.00453185237166576,-0.00105887189592302,-0.0023330879654111,-0.00297445131591623,-0.000938733141711001,-6.2916197416385e-06,-3.46329437128645e-06,-0.00268582054049915,-6.56918501498183e-05,-1.05207628120496e-06,-0.000708848605585288,-0.00157420494740368,-6.82259692297293e-07,1.48468304193017e-05,-1.05207628120496e-06,-0.000210919991005198,-2.85199324157048e-06,-9.43014569543266e-06,0.21207109253228,-1.05905642655557e-06,1.02985899808061e-07,-0.000563674598646369,-0.000551726520372497,-0.000354313861914868,1.02985899808061e-07,0.00176729843611501,-0.000510179633997687,-4.70499329896512e-05,-3.48877019273885e-06,-1.06664621988273e-05,7.24388743282844e-05,-0.00121791971345342,-0.00192424218303611,-0.000135104957463383,-2.13022030184362e-05,-0.00174300081694589,-2.6559306531837e-06,-0.00250017734959673,-8.81779436667784e-06,-9.03201259996322e-05,-0.00253255358456439,-1.19588847979912e-06,-7.53894849125913e-06,-0.00554294265157562,-1.22234927957265e-06,-0.00336211763534422,-0.00178462310881855,-5.68695871727698e-07,-9.73793496772402e-06,-1.12887952283813e-05,-0.00192424218303611,-2.6559306531837e-06,-3.46329437039827e-06,-0.00246264200764301,-0.000499531948708665,-0.00269909323976547,-9.73793496772402e-06,-0.00506635266088296,-0.00108134535394377,-0.00416827156570765,-6.82115379735393e-06,-6.82259692297293e-07,-0.00067400106059079,1.02985899808061e-07,-0.00260194966030447,-0.00216673391735789,-2.53377599257476e-06,-0.0120509349007865,-0.00523546115084805,-0.000899289080821042,-0.000299876892016826,-0.000154312688942504,-9.27685112728227e-07,5.42672564662894e-08,-1.9164324553067e-05,-8.68089079375522e-06,-0.000326960602063053,1.39973328039389e-07,-0.000570531426403953,-0.00762907247934042,-3.79413596185429e-06,-0.000289215918018115,-0.00183412206293987,-4.7029051586378e-07
"12:124666991:G:A",1.12371728366867e-06,2.32822276018396e-05,2.27137522479381e-06,-0.00168571237943116,-0.00131094043857427,-5.02408655478348e-06,1.27064996986448e-05,-0.00145075829664787,-3.29150468694195e-05,-0.00178170705514091,-2.11232897360247e-05,-0.000101677159261904,-1.66318725103309e-06,-6.0970229984747e-06,-0.0054761346305563,5.8956665013099e-05,5.58912898185326e-07,-3.92797764359187e-06,1.0156538506223e-05,-3.29150468694195e-05,-0.00452279995793781,7.11818869802983e-06,-7.01819918882407e-05,-1.26566734772737e-05,-9.17977086247745e-05,4.03944277937995e-06,2.27137522479381e-06,-6.0970229984747e-06,1.69450634412982e-06,7.11818869802983e-06,2.55031839913045e-06,1.14177683450123e-05,3.75109184886924e-05,5.58912898185326e-07,6.44071958255665e-06,-0.00105587833896603,-2.86308857520012e-05,-6.02537663496605e-06,-0.00163695589052892,7.02635136056173e-05,-0.00561113147098702,-3.92797764359187e-06,1.0156538506223e-05,2.01287401644379e-05,-1.13305771956007e-05,3.82692600524592e-05,-0.00183782381672071,-2.48953956196729e-05,-0.00291736937902609,5.68952018840108e-05,-6.09702299758652e-06,-0.00130898410917268,-0.00221156850174964,-0.000192480123475391,2.29509249436433e-05,-0.00133899630578682,-1.87632592947296e-05,-1.78013482550199e-05,-3.94061252233513e-05,5.58912898185326e-07,5.58912898185326e-07,-1.87632592947296e-05,2.12635944105699e-05,-4.68260636061757e-05,1.74265591850187e-05,-0.00142967913194791,4.80290510553871e-05,7.03799841517139e-07,-1.78013482550199e-05,-0.00502479779359177,-1.92364231388353e-05,-1.33470886165554e-05,3.48679866224444e-05,-0.00144816605960685,1.42063080241783e-05,4.64162350954922e-06,2.5365393867105e-05,-4.47897512501072e-06,-0.00124272148644433,1.42063080241783e-05,-2.67738171002563e-05,-1.18428504709556e-05,-2.44422457136295e-05,-1.05905642655557e-06,0.0919080753672405,7.11818869802983e-06,-0.00625523672609685,4.64162350954922e-06,-4.24915112562374e-05,7.11818869802983e-06,-0.00532464841085023,6.48812155379375e-06,6.29911669678407e-05,2.12635944105699e-05,-2.62252455289769e-05,-0.00125476667317947,-1.23496354875741e-05,1.07837707066238e-05,-0.00564135022468104,4.45737953045366e-05,2.89893015175124e-05,-1.13305771956007e-05,-1.47846001974372e-05,-2.35206475718286e-05,-5.02408655478348e-06,4.54687435320622e-05,-6.62502903825413e-06,4.03944277937995e-06,-1.08127263507285e-05,1.48369395649439e-05,-0.00563281412913597,1.40236360053336e-05,-3.92797764359187e-06,-2.48953956196729e-05,-2.70879407393565e-05,1.07837707066238e-05,-1.13305771956007e-05,-1.33470886165554e-05,-3.25080193217531e-05,-5.68958166082822e-05,-0.00597408628339391,-2.48953956196729e-05,2.82487500067319e-05,-0.0010765773044108,1.07837707066238e-05,-2.01675825648451e-05,-4.47897512501072e-06,-5.88533714740436e-06,7.11818869802983e-06,2.60746564020309e-05,8.64875787538466e-05,-0.00206277721168568,-0.00487314653661919,4.37887024906658e-05,-1.28510196741871e-05,1.03711404149109e-05,-8.08999811141575e-06,-5.56340535684541e-06,-0.00145262123686507,-0.00144063933678407,3.04134415651802e-05,-1.53275379890516e-05,1.694506345018e-06,-0.00413770887254472,4.97839689606039e-05,-1.42617242602228e-05,-0.00143585485993913,8.92194438861793e-06,-0.00187611507131358
"12:124667034:A:G",-1.42075762887828e-06,-2.83762147370581e-05,-2.87469436344168e-06,9.7720848486027e-05,1.92428818328594e-05,5.7699000644007e-06,-1.56644971252007e-05,-2.87469436344168e-06,3.76502734749096e-05,-8.00101911879736e-05,2.38522808642117e-05,0.000109624979037548,1.53015108850241e-06,7.11818869802983e-06,1.40664710190919e-05,-7.65166306333498e-05,-0.0018076542485721,4.38989509099486e-06,-1.23904191751123e-05,3.76502734749096e-05,0.000151917985972361,0.00205388993281996,7.80207956205814e-05,1.4035449183325e-05,9.89545899781064e-05,-5.12039849809298e-06,-2.87469436344168e-06,7.11818869802983e-06,-2.14350637772753e-06,0.00205388993281996,-0.000107656442200899,-1.40079136015103e-05,-4.62573883242001e-05,-0.0018076542485721,-8.79643920992379e-06,0.000128537146304453,3.23447187771109e-05,-4.35752917988808e-05,-1.00344951761144e-05,-9.19012568543209e-05,6.41994736874096e-05,4.38989509099486e-06,-1.23904191751123e-05,-2.47490744946788e-05,1.30653618430898e-05,-4.7268480264151e-05,0.000297973170278354,2.85419301508938e-05,7.11818869802983e-06,-7.13509119538713e-05,-0.00326516996936554,-6.92141303391125e-05,6.10738888182638e-05,-0.000112558887595426,-2.84275297923742e-05,1.86193093334452e-05,2.16644779129638e-05,2.0467961396875e-05,4.47604172366667e-05,-0.0018076542485721,-7.06302828668015e-07,2.16644779129638e-05,-2.57497253919325e-05,5.29052104818462e-05,-2.12450007737175e-05,-4.73774122937698e-05,-6.04161840307427e-05,-1.47077946444085e-06,2.0467961396875e-05,-8.03081590294852e-05,2.22523354205251e-05,1.5583353294879e-05,-4.3170920530855e-05,-2.00606313187635e-05,-1.7091781562506e-05,-5.88686617675194e-06,-3.10970718473413e-05,-0.000425631749942923,3.06221553270092e-05,0.00205388993281996,3.00333454736901e-05,1.37058518827615e-05,2.79801029705595e-05,1.02985899808061e-07,7.11818869802983e-06,-0.00132654760633688,0.000224980155723031,-5.88686617675194e-06,4.75248792977112e-05,0.00205388993281996,-1.03237979729442e-05,-8.24225665763123e-06,-7.97939076653265e-05,-2.57497253919325e-05,3.01882872397741e-05,9.31269625414899e-05,1.43389289801732e-05,-1.31943672529999e-05,-0.000161271340481051,-5.53191137857567e-05,-3.58557834863049e-05,1.30653618430898e-05,1.67028418891491e-05,2.68361806030626e-05,5.7699000644007e-06,-5.69425684089353e-05,7.78077916763209e-06,-5.12039849809298e-06,1.24173278743811e-05,-1.7903192986779e-05,2.19714727256459e-05,-1.73616043488423e-05,-0.000310970660914123,2.85419301508938e-05,3.12543772285068e-05,-1.31943672529999e-05,1.30653618430898e-05,1.55833532957672e-05,3.71477935345865e-05,0.00205388993281996,-2.75421167783563e-05,2.85419301508938e-05,-3.48806841241611e-05,0.000149717773668456,-1.31943672529999e-05,2.34078448215769e-05,5.08393166676058e-06,6.2223193610933e-06,-8.50887695591496e-06,-3.20258793911066e-05,-0.00011296634664415,-2.29760244234711e-05,0.000339372281074724,-5.42617537089285e-05,1.49647211040715e-05,-1.32209019030327e-05,8.27826607352478e-06,6.44794018178629e-06,-7.06302828668015e-07,-1.67551396526022e-05,-3.72767989436085e-05,-7.71185227597115e-05,-2.14350637772753e-06,-0.000108964178760829,-6.28073825392761e-05,1.6048300310878e-05,-2.10403674332227e-05,-1.08106461826907e-05,-1.40079136015103e-05
"12:124667587:C:A",-0.00214138112656936,-0.00344460105712674,-0.00282133201945101,-0.00879588672059572,-0.00397482807466343,-0.00518018592075364,-0.00392879543994029,-0.00223126163726395,-0.000704229080436214,-0.00740394855086235,-0.00210928368603636,-0.00133712840563582,-0.00108952576897048,-0.0017775787182055,-0.0151882122682503,-0.00237858805794167,-0.00359560583952145,-0.000732927886242685,-0.0020332472797584,-0.000704229080436214,-0.0114642739052515,0.000224980155723031,-0.00458247484353524,-0.00263759189258117,-0.000432503623648994,-0.000910688045223207,-0.00282133201945101,-0.0017775787182055,-0.001942101443551,0.000224980155723031,-0.000648308066418579,-0.000331986920397043,0.000180698284996339,-0.00359560583952145,-0.000511676161575547,-0.00956594916489539,-0.00448871634460346,-0.00485853889293875,-0.00181274049948854,-0.00765879978324913,-0.0133927824868176,-0.000732927886242685,-0.0020332472797584,-0.00351430512183182,-0.000305617918489709,-0.0045308646238027,-0.00641479817259194,-0.00357910073016665,-0.0017775787182055,-0.00121508396645353,-0.00503188883066752,-0.00213068037280495,-0.00116851567899268,-0.00285028273427113,-0.00131956987980564,-0.00268940618312508,-0.000466578711773025,-0.00268183938843158,-0.00126841073370798,-0.00359560583952145,-8.66299146142779e-05,-0.00341929637056815,0.000382983119448177,-0.000557322609710198,-0.000976969914545656,-0.005501959539437,-0.0032245046717132,-0.00385715163942857,0.000314948036479024,-0.00700410874961799,-0.00022633851375975,7.77742690898364e-05,-0.00438902264700447,-0.00135267329290523,0.0001558531923882,-0.00321806841000338,-0.00942860765513487,-0.00793711606860636,-0.00122771973976077,0.000443527178176417,-0.000745095178363187,0.000430059973493435,-0.00261355019859355,-0.000563674598646369,-0.00625523672609685,0.000224980155723031,0.370013871511687,-0.00123278822892203,-0.00148309356228848,0.000224980155723031,-0.00164648361762332,-0.000837403943370063,0.000310171840056217,1.603412891793e-05,-0.000407444499720633,-0.000856773217009721,2.81770651309188e-05,-0.0073642334799322,-0.00134549492868308,4.52212762276361e-05,0.000182464972455776,-0.000638909190382897,-3.8138114079711e-05,0.000109872783979892,-0.000324295799013719,5.30573102093257e-05,4.87389653152093e-05,-0.00503194019326614,-0.00335536992376362,-0.00115460201502149,-0.00683691697832556,-0.00021067748566006,-0.00688043258422066,-0.00125654963283939,0.000206806557220496,-0.00185748102791905,-0.000190687004804957,7.77742690907246e-05,-0.00128771482346268,-0.00119252720357244,-0.00899589712549442,-0.00529156659741759,-0.00190873178222617,-0.0052530563413411,-0.000379475045741096,8.63060805080806e-05,-0.0019060291823525,-0.00282551357214444,-0.000444584830820993,-0.000275320714758553,-0.00162219466752234,-0.00255858302061807,-0.00504139799157599,-0.00434623829447034,0.000584422507396987,-0.00606866840998244,-0.000588310191771413,-0.000148208525450499,-0.00454673548184736,-0.00230749795347851,-0.00124244693224096,0.000322415677763921,-0.00205313395972873,-0.00490399110314543,-0.000490910922570809,7.94084090154357e-05,-0.00654284754866907,-0.00227703258770173,-0.00270440331581812
"12:124667858:G:C",-9.46414100866377e-07,-2.10929203650068e-05,9.12232324523643e-06,-9.74847108778931e-05,-0.00411694803706553,3.79572225472913e-06,-1.10906602914795e-05,-1.92619806149708e-06,2.14595992078515e-05,-6.68174176405856e-05,-0.00179747149772247,-0.00121705797054172,-0.00451974929479526,4.64162350954922e-06,-0.00149560808986582,-0.0062210823704687,-4.69131523850308e-07,2.91973441335358e-06,-8.67552465599886e-06,2.14595992078515e-05,-0.000147510014731012,-5.88686617675194e-06,-0.000702975441172704,-0.00191848810641471,-0.000965621132325012,-3.46194278311174e-06,9.12232324523643e-06,4.64162350954922e-06,-1.43203774705114e-06,-5.88686617675194e-06,2.84005103425855e-05,-9.861480688933e-06,-3.65288059782642e-05,-4.69131523850308e-07,-5.97073805952419e-06,-0.00563244130905982,-0.00178476268715144,-0.00152308548048818,-6.97328232757144e-06,-0.00815753547702514,-0.00229581765226428,2.91973441335358e-06,-8.67552465599886e-06,-0.00554954980618394,8.3269150197296e-06,-3.74482487410788e-05,-0.00859543900714232,1.69872822652906e-05,4.64162350954922e-06,-6.09097023911431e-05,4.64162350954922e-06,-0.00272847110319052,-0.00106308238548003,-0.0045582358284495,-0.00164442992069347,-0.00188919935249565,1.32885510426561e-05,-0.00160792713211411,2.46566778567825e-05,-4.69131523850308e-07,-4.69131523850308e-07,1.32885510426561e-05,-1.89746398921997e-05,-0.00114260553186529,-1.53858464484458e-05,-0.00034973682498407,-0.00156681861478258,-0.00219130197043782,-0.00119027850073916,-0.0111005241077704,1.36073731766828e-05,9.79837140135942e-06,-0.000150665630403779,-0.000613420905255957,-1.22092203991286e-05,-0.00199445789715735,-0.00650427470873804,3.36157746172461e-06,-0.00177573316228585,-1.22092203982405e-05,1.78365674710079e-05,8.7044661425395e-06,-0.00153679591167766,-0.000551726520372497,4.64162350954922e-06,-5.88686617675194e-06,-0.00123278822892203,0.143450899427211,2.59000904172524e-05,-5.88686617675194e-06,-0.000642933830546255,-5.64204253539202e-06,-0.00111882567244237,3.50809918892026e-05,1.78124264422763e-05,-0.000164463163747186,9.07545925521447e-06,-0.00559595286198444,-0.00166269263064489,-4.49704041152188e-05,-2.73261978138706e-05,8.3269150197296e-06,1.05226968551975e-05,-0.00164561432124799,3.79572225472913e-06,-0.00150763624094541,5.05372057624243e-06,-0.00499447186620205,7.94265033565722e-06,-0.000913472400584148,1.35470113891145e-05,-1.23651909937905e-05,2.91973441335358e-06,-0.00146110532921817,1.83388708281385e-05,-9.26322777683453e-06,8.3269150197296e-06,9.79837140135942e-06,-0.00135064526281425,3.15907925871883e-05,-0.000353664254816533,-0.00329512289333422,-2.64967180516607e-05,-0.000127927807159089,-9.26322777683453e-06,1.42285809161535e-05,3.36157746172461e-06,4.15405530151958e-06,-5.88686617675194e-06,-2.4097301603021e-05,-0.00162115493677195,-1.67370553070256e-05,-0.00168410285216636,-4.39653055126499e-05,9.44004542713373e-06,-9.22758923849187e-06,-0.00422226314227725,4.22234668118193e-06,-4.69131523850308e-07,-0.00186427623117957,-2.85724891133654e-05,-0.000543217945510044,-1.43203774705114e-06,-0.00101111354491135,-0.00159700524102657,-0.00187070579569149,-0.0019180109796757,-7.53078802873119e-06,-9.861480688933e-06
"12:124669548:A:G",-0.00212207217666904,0.000151545876340364,1.26769168451446e-05,-0.00112047524452397,-0.000121957614227952,-3.65582701951084e-05,-0.0022691731029143,-0.00177849616147885,-0.000233377276909863,-0.00048305442519414,-0.00234941045290071,-0.00077405739388503,-0.00152982823858583,-4.24915112562374e-05,-0.000183497374424135,1.00807610969866e-05,-0.0035177703142697,-0.00290665534421297,6.45763015061362e-05,-0.000233377276909863,-4.77523374700084e-05,4.75248792977112e-05,-0.000790223415272351,-0.00613807362824215,-0.000869889771137444,-6.22378757002551e-05,1.26769168451446e-05,-4.24915112562374e-05,-0.00186203145030372,4.75248792977112e-05,-0.00305823440255004,-0.00150092441769534,0.000242007383140397,-0.0035177703142697,-0.000507883859984126,0.000119208605052101,-0.00455404126351056,-0.00713548471798209,5.42399819725148e-05,-0.00932886341568029,-7.67491826056954e-05,-3.04970479048094e-05,6.45763015061362e-05,-0.00186851499806195,-0.00124960312337574,-0.00128332788648944,-0.0031291118209098,-0.00220453568406587,-4.24915112562374e-05,0.000361658790439812,-0.00472336606896562,-0.00397856129205731,-0.00475656133721003,-0.00284944690410782,-0.0040843678528768,-0.000119279792258453,-0.00408842112456043,-0.00247330298544135,-0.000282326963805701,-0.0035177703142697,3.11984640255503e-06,-0.000132374377582956,0.00014018260134474,-0.000336789737655607,-0.00271422850121628,-0.00149023428480533,-0.00175091306810682,-4.52107395227941e-05,-0.000127223925015407,-0.00240837529930049,-0.00175555812908001,0.000563752307215282,0.000222173645028967,-0.000138976765629018,9.42578757667789e-05,2.59000904172524e-05,0.000163257236391878,-0.00302475202697483,-0.000502384143528545,9.42578757667789e-05,-0.00262669134241822,-8.38286947875133e-05,-0.000175203129272106,-0.000354313861914868,-4.24915112562374e-05,4.75248792977112e-05,-0.00148309356228848,2.59000904172524e-05,0.174309103437513,4.75248792977112e-05,-0.00271913591480644,3.61971205311562e-05,-0.00118481732292608,0.00014018260134474,-0.000184502617209148,-0.000222251912759042,-8.65936628713371e-05,6.80942191761957e-05,-0.000159166767432772,-0.00344356956403136,-0.0041467707590197,-8.1033591093238e-05,-3.81476682029813e-05,-0.000170393330491514,9.28269601816467e-05,-0.001708354433684,0.00030402976699051,2.25412004137837e-05,-0.00321701813693487,-0.00584476811847967,-0.000528979097111026,-0.000217895626926534,-0.00290665534421297,-0.000177567340991835,-0.000188999300076986,-0.00189268753874394,-0.00124960312337574,0.00056375230721617,-0.000231330669265617,0.000418394907485187,-0.00552837385802585,-0.000542690967574977,-0.00192839202234829,-0.00354287027551781,-0.00189268753874394,0.000775502515597992,-0.00146146488797516,-0.00029302283485233,4.75248792977112e-05,0.000167241040204047,-0.000202306772592031,-0.0020366282024975,-0.000605651280999098,0.00028154129347957,-8.93289755561355e-05,-0.000405754796810598,-0.00316050874057527,-0.0013412526428791,3.11984640255503e-06,-0.000133316642990877,0.000197214985574234,-0.000285199092476596,-0.00342536477589039,0.000516927398445333,-0.000484783854207471,-0.000108258759998314,-0.00122297394187232,5.76497326072456e-05,-0.00225788687792683
"12:124670641:T:G",-1.42075762887828e-06,-2.83762147370581e-05,-2.87469436344168e-06,9.7720848486027e-05,1.92428818328594e-05,5.7699000644007e-06,-1.56644971252007e-05,-2.87469436344168e-06,3.76502734749096e-05,-8.00101911879736e-05,2.38522808642117e-05,0.000109624979037548,1.53015108850241e-06,7.11818869802983e-06,1.40664710190919e-05,-7.65166306333498e-05,-0.0018076542485721,4.38989509099486e-06,-1.23904191751123e-05,3.76502734749096e-05,0.000151917985972361,0.00205388993281996,7.80207956205814e-05,1.4035449183325e-05,9.89545899781064e-05,-5.12039849809298e-06,-2.87469436344168e-06,7.11818869802983e-06,-2.14350637772753e-06,0.00205388993281996,-0.000107656442200899,-1.40079136015103e-05,-4.62573883242001e-05,-0.0018076542485721,-8.79643920992379e-06,0.000128537146304453,3.23447187771109e-05,-4.35752917988808e-05,-1.00344951761144e-05,-9.19012568543209e-05,6.41994736874096e-05,4.38989509099486e-06,-1.23904191751123e-05,-2.47490744946788e-05,1.30653618430898e-05,-4.7268480264151e-05,0.000297973170278354,2.85419301508938e-05,7.11818869802983e-06,-7.13509119538713e-05,-0.00326516996936554,-6.92141303391125e-05,6.10738888182638e-05,-0.000112558887595426,-2.84275297923742e-05,1.86193093334452e-05,2.16644779129638e-05,2.0467961396875e-05,4.47604172366667e-05,-0.0018076542485721,-7.06302828668015e-07,2.16644779129638e-05,-2.57497253919325e-05,5.29052104818462e-05,-2.12450007737175e-05,-4.73774122937698e-05,-6.04161840307427e-05,-1.47077946444085e-06,2.0467961396875e-05,-8.03081590294852e-05,2.22523354205251e-05,1.5583353294879e-05,-4.3170920530855e-05,-2.00606313187635e-05,-1.7091781562506e-05,-5.88686617675194e-06,-3.10970718473413e-05,-0.000425631749942923,3.06221553270092e-05,0.00205388993281996,3.00333454736901e-05,1.37058518827615e-05,2.79801029705595e-05,1.02985899808061e-07,7.11818869802983e-06,0.00205388993281996,0.000224980155723031,-5.88686617675194e-06,4.75248792977112e-05,-0.00132654760633688,-1.03237979729442e-05,-8.24225665763123e-06,-7.97939076653265e-05,-2.57497253919325e-05,3.01882872397741e-05,9.31269625414899e-05,1.43389289801732e-05,-1.31943672529999e-05,-0.000161271340481051,-5.53191137857567e-05,-3.58557834863049e-05,1.30653618430898e-05,1.67028418891491e-05,2.68361806030626e-05,5.7699000644007e-06,-5.69425684089353e-05,7.78077916763209e-06,-5.12039849809298e-06,1.24173278743811e-05,-1.7903192986779e-05,2.19714727256459e-05,-1.73616043488423e-05,-0.000310970660914123,2.85419301508938e-05,3.12543772285068e-05,-1.31943672529999e-05,1.30653618430898e-05,1.55833532957672e-05,3.71477935345865e-05,0.00205388993281996,-2.75421167783563e-05,2.85419301508938e-05,-3.48806841241611e-05,0.000149717773668456,-1.31943672529999e-05,2.34078448215769e-05,5.08393166676058e-06,6.2223193610933e-06,-8.50887695591496e-06,-3.20258793911066e-05,-0.00011296634664415,-2.29760244234711e-05,0.000339372281074724,-5.42617537089285e-05,1.49647211040715e-05,-1.32209019030327e-05,8.27826607352478e-06,6.44794018178629e-06,-7.06302828668015e-07,-1.67551396526022e-05,-3.72767989436085e-05,-7.71185227597115e-05,-2.14350637772753e-06,-0.000108964178760829,-6.28073825392761e-05,1.6048300310878e-05,-2.10403674332227e-05,-1.08106461826907e-05,-1.40079136015103e-05
"12:124672811:C:T",-2.14154777200548e-06,-0.00823633693437653,-0.00870297385642171,-0.00362042091923165,-0.0036123042420515,8.07962135773721e-06,-2.58743031062991e-05,-0.000765693448673943,-0.000909768631180974,-0.000387080605988466,-0.00340189982452532,-0.00356607746879778,-0.00217423473250378,-0.0014927135069005,-0.0105265412734541,-0.000152030239549461,-0.00386886861565827,-0.0018461623933641,-0.00536647365627196,-0.000909768631180974,-5.0483626186093e-05,-1.03237979729442e-05,-0.00197794318931699,-0.000294569269445155,-0.000620848092921733,-0.00210472020265584,-0.00870297385642171,-0.0014927135069005,-0.00540040574163569,-1.03237979729442e-05,-0.00207844230622545,-0.000396319775683551,-0.000980658254626121,-0.00386886861565827,-0.00126700855279971,-0.00116677320934411,-0.000172486353362977,-2.27171369502344e-05,-0.000205654906517694,-0.00563844147679404,-0.010446833329675,-0.0018461623933641,-0.00536647365627196,-0.00365019721361914,1.73568565520199e-05,-9.28652481704262e-05,-0.00188124751229513,-0.00127827756559462,-0.00144641928708289,-0.000157240131480663,-0.00532464841085023,-0.00786781812601678,-0.000391333537455019,-0.00102163374683428,-0.00106689152304007,-0.00171202451263941,-0.0004034721295616,-0.00149321333617447,4.45256246122128e-05,-0.00386886861565827,-0.00391610785460372,-0.00121739605009186,-4.47102295844104e-05,-0.00209293590138682,-0.00567418144999099,-0.000708034061626783,-0.00124473452484253,-0.00222638550717669,-0.00311088648239988,-0.00286324263591764,2.74527621328957e-05,2.03186426039892e-05,-0.00592152707152938,-5.62001470489903e-05,-2.81442837675172e-05,-0.000593315583380161,-0.00151477571472292,-2.07618927898778e-05,-1.43678908752776e-05,-1.5066063723701e-05,-0.00228810674657698,-0.00175111088269464,3.28407326701807e-05,0.00176729843611501,-0.00532464841085023,-1.03237979729442e-05,-0.00164648361762332,-0.000642933830546255,-0.00271913591480644,-1.03237979729442e-05,0.257557312573385,-7.80090814966883e-06,-0.000183795930959185,-4.47102295844104e-05,-0.00101261219217896,-1.0956352915592e-05,-0.00128318058850052,-0.00183622118087357,-0.000290182198599442,-0.000113125790021762,-0.00348417560771441,1.73568565520199e-05,-0.00236625506455201,3.18256845277531e-05,-0.00268342635654673,-0.00271874750509138,1.0780142874367e-05,-5.45998989220919e-06,-0.00576420857948712,-2.96669967090324e-05,-0.000232516784626213,-0.00393842359711183,-5.05105099231073e-05,3.33281739806068e-05,1.68248252965242e-05,-3.75358064719222e-05,1.73568565520199e-05,2.03186426039892e-05,-0.00257379239399569,-1.60562463262792e-05,-0.00194471772783356,3.33281739806068e-05,-0.00305879486122507,-0.000342552064888757,-3.75358064719222e-05,2.85928028507243e-05,7.13650088801643e-06,-0.00416579039403242,-1.32511427057835e-05,-0.000152439788478453,-0.00429006704801882,-3.95463946594177e-05,-0.00424356152254068,-0.00541450381223019,-0.00251676379087584,-0.00136878323197553,-0.000217899260291254,9.00087755351109e-06,-0.00386886861565827,-0.00104848931349633,-0.00109068113096544,-0.000681320147608133,-3.24937888152022e-06,-0.00131793879723574,-0.00118917827889575,2.07979682071979e-05,-0.000248822752297428,-0.00275937356991474,-2.28419931964652e-05
"12:124673173:C:T",-1.33680935121561e-06,-2.95620014849618e-05,-2.72120485877991e-06,-0.00389341031868007,1.6694325661426e-05,5.29300079765704e-06,-0.00180040740008014,-2.72120485877991e-06,3.00170962503898e-05,-1.42782352270387e-05,-8.810099740586e-05,-0.00119883587145431,-0.00204634852143659,6.48812155379375e-06,-1.01735020647808e-05,-0.00160837941073044,-6.62594183964416e-07,4.05496186051124e-06,-1.21825660377439e-05,3.00170962503898e-05,-0.00316419801595735,-8.24225665763123e-06,5.0079516491941e-05,-3.15832908732716e-05,-0.00148772413217912,-4.89206331000247e-06,-2.72120485877991e-06,6.48812155379375e-06,-2.02291903139695e-06,-8.24225665763123e-06,-0.00210519317184321,-1.38592722747077e-05,-5.11878269326971e-05,-6.62594183964416e-07,-0.000998045108526746,-0.00308868141902607,-8.31042532354331e-05,-0.00375346910830743,-9.77695026094239e-06,-0.00010193868172248,-0.00676909736191345,4.05496186051124e-06,-1.21825660377439e-05,-0.0025555205256671,1.16294134420158e-05,-0.00102133545975036,-0.000967921927285342,2.37487749306098e-05,6.48812155379375e-06,-8.53232988822228e-05,6.48812155468192e-06,-0.00070107526522456,-0.00102535612057153,-0.000830153836641312,-5.86645584306211e-05,1.62014593545479e-05,1.85791340800989e-05,1.76536467915156e-05,-0.00119840285708062,-6.62594183964416e-07,-6.62594183964416e-07,1.85791340800989e-05,-2.65689031602179e-05,-0.00110620197282074,-2.15838786603584e-05,-0.000360905137095635,-7.01027468181792e-05,-0.00216278468498743,1.76536467915156e-05,-0.000838519957196748,1.90296853217475e-05,1.37085116476143e-05,-0.00141687606351049,-0.00784232191436729,-1.70949840523349e-05,-0.00222683452662675,-0.00295801133993301,4.67947329063634e-06,2.53020062572773e-05,-1.70949840514467e-05,2.48891199925438e-05,1.21630058123046e-05,2.33458327025815e-05,-0.000510179633997687,6.48812155379375e-06,-8.24225665763123e-06,-0.000837403943370063,-5.64204253539202e-06,3.61971205311562e-05,-8.24225665763123e-06,-7.80090814966883e-06,0.123460928367352,-9.79383637860209e-05,-2.65689031602179e-05,2.49151404565495e-05,-0.00125286544684311,-0.00361531681579574,-0.0025074675122827,-0.000198573944638181,-6.30161714534339e-05,-0.00262594892245005,1.16294134420158e-05,-0.00182149087194627,2.25176733579247e-05,5.29300079765704e-06,-6.53200896243433e-05,7.070205234605e-06,-0.00223961410005913,-7.89323685763677e-05,-1.79614441995213e-05,-0.00479620655908608,-6.33712843187695e-05,-1.91160174756178e-05,2.37487749306098e-05,2.56589727989365e-05,-1.30133892843887e-05,1.16294134420158e-05,1.37085116485025e-05,2.96930062297918e-05,-0.001508527679845,-0.00185373071300399,-0.00142951296943927,-0.00101543648995861,-0.00135561027079323,-0.0017665525054662,1.99073434163921e-05,-0.00195768223672665,-0.00216266759523798,-8.24225665763123e-06,-0.0028536658838485,4.19583183326466e-05,-2.34943956467504e-05,-0.00400165116715145,-0.000607125408609299,1.32023404839643e-05,-0.00237968685360723,-0.00183132508124917,5.89580061660655e-06,-6.62594183964416e-07,-0.00183976427509691,-0.00100295383928906,1.86739853624829e-06,-2.02291903050877e-06,-0.000611967485478537,-0.000104683793636262,-0.000236960162897759,-0.0131374580711956,-0.00167423282354662,-1.38592722747077e-05
"12:124673329:G:T",-1.67971994446958e-05,-0.000273366013875176,-3.40232034599097e-05,-0.0012727964717687,-0.00131433921917701,4.68953771237679e-05,-0.00103545207785949,-0.00119489861311095,-0.000829637346254408,-0.00238032569862412,-0.000881415883566383,-0.00329377822057353,-3.93831981426729e-06,6.29911669678407e-05,-0.000771170070282601,-0.00656549858561206,-8.34600309307376e-06,-0.00327411121909282,-0.00394549483767648,-0.000829637346254408,-0.00836567643128117,-7.97939076653265e-05,-0.00127580091452639,-0.000576064403536414,-0.00783627173644952,-6.0702719892447e-05,-3.40232034599097e-05,6.29911669678407e-05,-2.53555842748554e-05,-7.97939076653265e-05,0.000851615182317467,-0.000144585987302825,-0.000365007628381875,-8.34600309307376e-06,-0.00139444330325844,-0.00670682737550354,-0.000823922865248683,-0.00154824232564188,-0.000771313905885584,0.000504242447165737,-0.00191542902483288,3.03860705770376e-05,-0.00394549483767648,-0.000250593560836343,-0.00284425178342484,-0.000512022596973694,-0.00182457728821372,0.000249219876054418,6.29911669678407e-05,0.0036017144620768,6.29911669678407e-05,-0.0100285050250961,-0.00178367861357209,-0.00141122673372029,0.000186848752163016,-0.00125971061647601,0.000191042437013955,0.000176401704758966,0.000394453009906925,-8.34600309307376e-06,-8.34600309307376e-06,0.000191042437013955,0.000750777249854728,-0.00193230341340112,-0.000209346322212589,-0.00189351947245253,-0.0087897822353753,-0.00128650731069069,-0.00267190845056753,-0.00286992749346471,-0.00299518556822509,0.000141663625798039,-0.000881466463395597,-0.00156574985468971,-0.000160710250942664,-0.00354362798560715,-0.000791705375250196,3.86934002634121e-05,-0.0012012466104343,-0.000160710250942664,-0.00118201854854583,0.00011902952391285,0.000242232104070261,-4.70499329896512e-05,6.29911669678407e-05,-7.97939076653265e-05,0.000310171840056217,-0.00111882567244237,-0.00118481732292608,-7.97939076653265e-05,-0.000183795930959185,-9.79383637860209e-05,0.158776780358552,0.000750777249854728,0.000269654883910952,-0.00224203363491515,0.000126669312424887,-0.000976466864914372,-0.00261286734074861,-0.000442303403799471,-0.000361079362739325,0.000111292226256055,-0.00127893605980045,0.000227982049566755,4.68953771237679e-05,-0.00548149089541106,7.08888050535705e-05,-0.00112533377914747,0.000103455545468201,-0.000131549727590219,-8.42788168862185e-05,-0.000184348041911697,3.03860705770376e-05,0.000249219876054418,0.000282854370424523,-0.00388129669978987,0.000111292226256055,0.000141663625798039,0.000328336597447354,-0.00119352735723055,-0.00264894336284183,-0.0018797326075557,-0.00034959599739004,-0.00236551531314433,-0.002126633056732,0.000212320250341236,3.86934002634121e-05,-0.000989482791331042,-7.97939076653265e-05,-0.000316059460070406,-0.00500609195453183,-0.000229698182738325,-0.0013640796773795,-0.000519971177951106,0.000134213419057616,-0.00097185354704088,6.34140755790824e-05,5.49939871810068e-05,-8.34600309307376e-06,-8.55958730889839e-05,-0.000358418918732895,-0.00238578667625067,-2.53555842748554e-05,-0.0060298138741901,-0.00123181290754815,-0.000263626362652758,-0.00224889937318906,-0.000106853196329304,-0.000144585987302825
"12:124674097:G:A",-4.57864691050247e-06,-8.63097434855575e-05,-6.53998129021005e-05,0.00037721135046187,5.68002968437398e-05,1.68999637466527e-05,-4.87303900849057e-05,-6.53998129021005e-05,-0.00186895575221513,0.00012701253189995,6.96586069173222e-05,0.000327079431820643,3.17529086490964e-06,2.12635944105699e-05,0.000639047505978318,-0.000240186883496918,-2.27612733194604e-06,1.24331999629135e-05,-3.82140834513933e-05,-0.00186895575221513,0.000446967225079753,-2.57497253919325e-05,0.000234280385576824,3.97627783055299e-05,0.00029283829620752,-1.65036780046535e-05,-6.53998129021005e-05,2.12635944105699e-05,-6.90802054403861e-06,-2.57497253919325e-05,-1.41522916115022e-05,-4.34091588976671e-05,-0.00014043897206939,-2.27612733194604e-06,-0.000198650580005122,0.000378440070922359,9.52139925054496e-05,6.78976256551778e-06,0.000400398860234574,-0.000287422082101862,-0.000182009485005352,1.24331999629135e-05,-3.82140834513933e-05,-7.623681349056e-05,3.86929290598914e-05,-0.000143650150167929,-0.000446216432064439,8.5099732803684e-05,2.12635944105699e-05,-0.000216106658855963,2.12635944114581e-05,0.000202530203796236,0.000182981961186712,-0.00099218821379754,-8.80165397427746e-05,5.47605459617628e-05,6.47203933645812e-05,6.08072769630041e-05,0.000133897532140104,-2.27612733194604e-06,-2.27612733194604e-06,6.47203933645812e-05,0.00410763079876642,0.000158403707650301,-6.50181757837487e-05,-6.56538901537829e-05,-0.000185423233745041,-0.000151558415299569,6.08072769630041e-05,3.44722818921284e-05,6.664277748758e-05,4.68814428815634e-05,-0.000132018825580005,-9.32615906217293e-05,0.00203664908438395,-1.89746398921997e-05,-9.49944139954084e-05,1.46797007145594e-05,8.94968663125439e-05,-5.17245876689998e-05,8.75423760309246e-05,4.07759717724332e-05,8.32502487257969e-05,-3.48877019273885e-06,2.12635944105699e-05,-2.57497253919325e-05,1.603412891793e-05,3.50809918892026e-05,0.00014018260134474,-2.57497253919325e-05,-4.47102295844104e-05,-2.65689031602179e-05,0.000750777249854728,-0.00567451133527452,9.05187855142486e-05,-0.000841805834810749,4.2834793198665e-05,-4.07961338462215e-05,-2.88314204484053e-05,-0.000167872192106344,0.000337836996386898,3.86929290598914e-05,4.84909021789548e-05,7.94842350666514e-05,1.68999637466527e-05,0.000408237818017021,2.34078448224651e-05,-1.65036780046535e-05,3.65852350245888e-05,-7.83021850141452e-05,6.34638023102596e-05,-5.41824299880034e-05,1.24331999629135e-05,8.5099732803684e-05,9.40273836409489e-05,-4.07961338462215e-05,3.86929290598914e-05,4.68814428824516e-05,0.000111149437748814,0.000185045605658907,0.000840159339507096,8.5099732803684e-05,-0.000107073727031448,0.00044298136867571,0.000220659891642327,7.04211646258557e-05,1.46797007145594e-05,1.64303999232729e-05,-2.57497253919325e-05,-9.7959400428671e-05,-0.00034620742138447,-7.05598949899411e-05,9.70915149869356e-05,-0.000164521403758222,4.48698134265513e-05,-4.26254706420437e-05,-2.14221832095518e-06,1.90944461397891e-05,-2.27612733194604e-06,-5.40273200169139e-05,-0.000113252642534256,4.57289091446711e-05,-6.90802054315043e-06,-0.000331119013389447,0.000738665727575416,4.63493407147908e-05,-6.99670292503285e-05,-3.31407289033692e-05,-4.34091588976671e-05
"12:124676319:G:A",4.30683924790287e-06,9.85035737901541e-05,8.70903365601805e-06,-0.00162397233030553,0.00189547081952846,-2.21604360923777e-05,-0.00391188247649854,-0.00130996882092926,-0.000140152656142867,0.000260323908984894,-0.000872766270141767,-0.000429840745854726,-9.40726983067464e-06,-2.62252455289769e-05,-0.0121371765072613,-6.71297665180148e-05,2.14169470691417e-06,-1.80045872815171e-05,4.19729134923941e-05,-0.000140152656142867,-0.0023918169735504,3.01882872397741e-05,-0.000295590305925408,-0.000952442597197845,-0.000393494349338219,1.54981522015873e-05,8.70903365601805e-06,-2.62252455289769e-05,6.49582044420782e-06,3.01882872397741e-05,6.62539795204253e-06,4.68723908930713e-05,0.000159751961695598,2.14169470691417e-06,2.14729504302014e-05,-0.000996138902974231,-0.000896173331074834,-3.81286208783749e-05,3.48247568888738e-05,-0.0010792973644147,-0.00384783342666495,-1.80045872815171e-05,4.19729134923941e-05,8.35961618514958e-05,-4.92327999905839e-05,-0.00298614002472597,-0.000589126571215459,-0.000106914491039056,-2.62252455289769e-05,0.000244458632769451,-2.62252455289769e-05,-0.0116831502636652,-0.000230445576317351,2.71635244111224e-05,9.47036674174839e-05,0.00185701051083154,-8.04735325585781e-05,-7.69303471308547e-05,-0.000167950650798332,2.14169470691417e-06,2.14169470691417e-06,-8.04735325585781e-05,9.05187855142486e-05,-0.000199013097114786,7.29826420018398e-05,-0.000157722683939099,0.000202309961397695,-0.000850168312251931,-7.69303471308547e-05,-0.00179934214209432,-8.2215513403483e-05,-5.67702356804034e-05,-0.00854928970031921,-0.0034775552134052,6.03616421077646e-05,-0.00119628782022296,0.000106756065184399,-0.000976436954977622,-0.000120035310292366,6.03616421086528e-05,-0.000118354436541956,-0.00112299776313929,-0.000627834439039354,-1.06664621988273e-05,-2.62252455289769e-05,3.01882872397741e-05,-0.000407444499720633,1.78124264422763e-05,-0.000184502617209148,3.01882872397741e-05,-0.00101261219217896,2.49151404565495e-05,0.000269654883910952,9.05187855142486e-05,0.098476860248728,-0.0020638594159843,-5.30432693999217e-05,4.44089487219301e-05,-0.000756088788631537,0.000190344852894597,0.000121142650534978,-0.000747157478020455,-0.00456646834516317,-0.000732296055617532,-2.21604360923777e-05,0.000191918817169068,-2.82244393954301e-05,1.54981522015873e-05,-4.72953703747336e-05,6.28309228885016e-05,-0.000918809006304144,5.70096779801688e-05,-0.00100311559525501,-0.000554281920125632,-0.000114843954651889,4.44089487219301e-05,-4.92327999905839e-05,-5.67702356804034e-05,-0.000138711028865757,-0.000789731623229706,-0.000696644961622361,-0.000106914491039056,-0.00150144045413114,-0.00321763780173079,4.44089487219301e-05,-8.56418820722737e-05,-2.00940815213713e-05,-2.88239461552209e-05,3.01882872397741e-05,0.000109568720506381,-0.00533684804967471,7.82297328800752e-05,-0.00616813307986508,0.000187155373983394,-5.49170180610403e-05,3.98829288581481e-05,-4.10177638281439e-05,-2.42040329068161e-05,2.14169470691417e-06,-0.000782248597267277,0.000129137715594752,-7.21602036142244e-05,6.495820445096e-06,-0.00579351734248501,0.000209444398495684,-6.38706823661295e-05,-0.000773202463268952,3.71812569710528e-05,4.68723908930713e-05
"12:124676823:C:T",-0.00211553120994612,-0.000954884815320689,-0.000492228546825402,-0.00363403351521674,-0.000472516262446376,-0.00782817106935507,-0.00213180825051218,-2.29325136862357e-05,-0.00521418440195287,-0.00745298556612273,-0.00255138993135251,-0.00511780843544152,-0.00221489347741155,-8.83766470778369e-05,-0.00879856324406392,-0.0119441448029334,4.68923651020248e-06,-0.00158444984563832,-0.0017352536882056,-0.00521418440195287,-0.00380735922994369,9.31269625414899e-05,-0.00150346694419401,-0.00310039030385045,-0.000992229206588924,-0.00458897658340884,-0.000492228546825402,-8.83766470778369e-05,1.42234403845976e-05,9.31269625414899e-05,-0.0025760052938848,1.1328703078739e-05,0.000446326772357786,4.68923651020248e-06,-0.00407489527585359,-0.00418151230820474,-0.000342173569903181,-0.0034312028595993,-0.00189397197260366,-0.00730779881277277,-0.00741933892203672,-0.00282906336937394,-0.0017352536882056,-0.00445788379971823,-5.1260861505753e-05,-0.00245094295663684,-0.00412378174830508,-0.00114963170130178,-8.83766470778369e-05,7.39961362370423e-05,-0.00125476667317947,-0.0127106578335314,-0.00754895588467264,-0.00189469636130646,-0.00144005052091334,-0.00304632873731858,-0.00118192533270189,-0.000349453660041021,-0.000118473663039076,4.68923651020248e-06,4.68923651020248e-06,-0.00580616189157279,-0.000424532290947965,-0.00401480499740092,-0.00033410833493619,-0.00521465037008984,-0.000483777273925234,-0.00022965774866357,-0.00269391562182442,-0.00615387422916402,-8.77761003250654e-05,-0.000189881863134289,-0.00305593382505265,-0.012554643534429,-0.000152853808937259,-0.00428188545014763,-0.0021593601739669,-7.53819495322716e-05,-0.00495539510814336,0.0001824956625045,-0.000249404764596228,-0.000301613945901558,0.0002075125885872,7.24388743282844e-05,-0.00125476667317947,9.31269625414899e-05,-0.000856773217009721,-0.000164463163747186,-0.000222251912759042,9.31269625414899e-05,-1.0956352915592e-05,-0.00125286544684311,-0.00224203363491515,-0.000841805834810749,-0.0020638594159843,0.349640127499811,-0.00131847341401858,-0.00189972874355249,-0.00487607151479441,-0.00553559910700141,0.000156454193736444,-0.00139680372577633,-0.00284537031703369,-0.00234611377502336,-0.00152007617340288,-0.0009607024873306,-9.26119849431473e-05,-0.00172636149773187,-0.00631299665354579,-0.00722339830656793,-0.000165084160633988,-0.00233821733383266,-0.000141396312169029,-0.00302024708265236,-7.14732171527288e-05,-0.00189972874355249,-0.00237083115892567,-0.000189881863133401,-0.00135458226999496,-0.00169889838018511,-0.00204147386160924,7.69957090085427e-06,-0.00831051674652716,-0.00676790206008482,-0.000495872005954467,2.32348608646404e-05,-0.00518842418723509,-0.0042175800126163,9.31269625414899e-05,-0.00565238988690364,-0.00366451253722522,-0.00389511446892143,-0.00279607914375024,-0.00420733942185159,-0.000829597154412554,-0.00365919204912402,-0.00538147740688633,-8.40937337835967e-05,4.68923651020248e-06,0.000306683752809178,-0.00256945113429019,-6.5481159048808e-05,-0.00135730406858148,-6.77711074059673e-05,-0.00681882681826984,-0.000342287063071822,-0.00207406765122764,-0.00196924707366097,-0.00374179459956725
"12:124677728:G:A",2.19665372735989e-06,4.68058097844448e-05,4.44042057878846e-06,-0.00456818944628612,-3.42417091570013e-05,-1.02576407519095e-05,2.52916442500251e-05,4.44042057878846e-06,-6.65979225180635e-05,-0.00151952508896258,-4.32010628337309e-05,-0.000206302050433038,-3.70270795357897e-06,-1.23496354875741e-05,-0.00120008794080917,-0.00140008842199002,1.09253053892644e-06,-8.12016132645255e-06,2.02930042840777e-05,-6.65979225180635e-05,-0.00224850800933929,1.43389289801732e-05,-0.000104010430982626,-2.61767445515204e-05,-0.000187003349092052,7.89776159049183e-06,4.44042057878846e-06,-1.23496354875741e-05,3.31255421670562e-06,1.43389289801732e-05,-0.00546829996450438,2.27651824475927e-05,7.54748854392417e-05,1.09253053892644e-06,-0.00387076782144025,-0.00212603091414909,-0.0010835263736908,-0.000529507305037313,1.6682773199328e-05,-0.00148675664866538,-0.00309083054518933,-0.00124587636267215,2.02930042840777e-05,4.0249399167358e-05,-2.30349024539223e-05,7.6971547708915e-05,-0.00499056163357547,-5.04786366013477e-05,-1.23496354875741e-05,0.000114593413910846,-1.23496354875741e-05,-0.00489609279596248,-0.000426838352033165,-0.00465048062182216,-0.00490839920957598,-3.3273226429209e-05,-3.80097943519786e-05,-0.000878904671544056,-7.97966009091766e-05,1.09253053892644e-06,1.09253053892644e-06,-0.000670388154143886,4.2834793198665e-05,-9.47891322296002e-05,3.49413505285057e-05,-0.00277026427075455,9.62433547142538e-05,9.15485690811124e-07,-3.61465709701747e-05,-0.00130105251337564,-3.89262148576819e-05,-2.69545694333573e-05,6.99543111384315e-05,2.53605812412516e-05,2.86177059987125e-05,9.07545925521447e-06,5.09046629622034e-05,-9.19467847904087e-06,-5.57186028560253e-05,2.86177059996007e-05,-5.48112079021834e-05,-0.00435365244813291,-4.96046046256637e-05,-0.00121791971345342,-1.23496354875741e-05,1.43389289801732e-05,2.81770651309188e-05,9.07545925521447e-06,-8.65936628713371e-05,1.43389289801732e-05,-0.00128318058850052,-0.00361531681579574,0.000126669312424887,4.2834793198665e-05,-5.30432693999217e-05,-0.00131847341401858,0.0969501816184515,2.15224172119832e-05,5.19155795029036e-05,8.97063943714471e-05,5.80372494587422e-05,-2.30349024539223e-05,-3.0301375988806e-05,-4.7826834710385e-05,-1.02576407519095e-05,9.11859548455851e-05,-1.33790257148547e-05,7.89776159049183e-06,0.000260212161845352,2.98559069520365e-05,-4.0293888174503e-05,2.78741864354615e-05,-0.0040157976440911,-5.04786366013477e-05,-5.47066925635775e-05,2.15224172119832e-05,-0.00446417444395042,-2.69545694324691e-05,-6.58171215501824e-05,-0.000116052594459681,-0.000301407434775136,-5.04786366013477e-05,-0.00173844033978643,-0.00102247113580933,-0.00171852156965002,-4.07294882629472e-05,-9.19467847904087e-06,-1.24449876279797e-05,1.43389289801732e-05,5.23004195658316e-05,-0.00549603646597951,3.75666518017681e-05,-0.00683224469817389,8.81549855398234e-05,-2.59904198145477e-05,2.02851995574349e-05,-1.73205131019927e-05,-1.13092328284381e-05,1.09253053892644e-06,2.56489582328712e-05,6.11741109191044e-05,-0.00124864762215626,3.3125542175938e-06,0.000169496776555533,-0.00311516039863236,-2.92879909977728e-05,3.05984732067444e-05,1.78733884697024e-05,2.27651824475927e-05
"12:124681967:G:A",-2.2212841690461e-06,-0.000995724130140374,-4.50388659878342e-06,-0.000423443708947424,2.86244892837573e-05,8.71363932031244e-06,-2.47164137068268e-05,-4.50388659878342e-06,5.48214426769889e-05,-0.00159842773424845,-0.00214689062197593,-0.000561770627877323,-0.00621727444598807,1.07837707066238e-05,-0.00635574643187464,-0.000130791673121244,-1.10312916312694e-06,-0.00228238460439112,-1.94160957667222e-05,5.48214426769889e-05,-0.000360176242624632,-1.31943672529999e-05,-0.000905623599511962,-0.00200719958587037,-0.000143179747170485,-8.04829245826255e-06,-4.50388659878342e-06,1.07837707066238e-05,-3.35476674084845e-06,-1.31943672529999e-05,-0.00192864229063883,-2.2028634928617e-05,-0.00209552349823916,-1.10312916312694e-06,-0.00221839939034307,-0.000372770982732362,-0.00214362159329706,-4.56482312864992e-05,-1.56317577175713e-05,-0.0069857128426829,-0.00644404554266043,6.58619741944477e-06,-1.94160957667222e-05,-0.00809084725353237,1.96035795143601e-05,-7.69702372993564e-05,-0.00266504989703176,4.2032777231249e-05,1.07837707066238e-05,-0.000119307976909511,1.07837707066238e-05,-0.00419659923309545,8.60566640508154e-05,-4.16640527909351e-05,-0.00146091276904503,2.76970303429991e-05,3.22088654485242e-05,3.0441262921066e-05,6.45221301400767e-05,-1.10312916401512e-06,-1.10312916312694e-06,3.22088654485242e-05,-4.07961338462215e-05,7.54110404077579e-05,-3.35913772611107e-05,2.21251954570789e-05,-0.000100312337381503,-2.54581253500419e-06,-0.00426051415230599,-0.00130069537686595,3.30748358070565e-05,2.33900828376932e-05,-7.01161595069166e-05,-0.000987295443674263,-2.6790843560498e-05,-9.26322777683453e-06,-0.00286253264298253,7.65722661366652e-06,4.47984881342123e-05,-2.67908435613862e-05,4.39478761657952e-05,2.05695227419866e-05,4.12189363405702e-05,-0.00192424218303611,1.07837707066238e-05,-1.31943672529999e-05,-0.0073642334799322,-0.00559595286198444,6.80942191761957e-05,-1.31943672529999e-05,-0.00183622118087357,-0.0025074675122827,-0.000976466864914372,-4.07961338462215e-05,4.44089487219301e-05,-0.00189972874355249,2.15224172119832e-05,0.153845206477298,-0.00506245175294895,-9.08862183770509e-05,-0.00294204623259731,-0.00599645414060568,2.48351591700668e-05,3.95572367191122e-05,8.71363932031244e-06,-0.00134736827175885,1.17980485025981e-05,-0.00177307727445974,1.8624323292471e-05,-2.81134743254086e-05,-0.00210576706847121,-0.00265719201525449,6.58619741944477e-06,4.2032777231249e-05,4.59407261192979e-05,-2.07131541580807e-05,1.96035795143601e-05,2.33900828394695e-05,-0.00159134248270387,8.80954006277079e-05,-0.00272474616960494,-0.00431714764633284,-5.6156190569645e-05,0.000183257923293212,-2.07131541580807e-05,3.4772276553241e-05,7.65722661366652e-06,-0.00385309727581262,-1.31943672529999e-05,-5.13147777789769e-05,-0.000198903567762088,-3.64482511185926e-05,-0.00860528658898474,-8.90089059151222e-05,2.24625203202322e-05,-0.00345428279818805,-0.00231132659823441,9.75572628458821e-06,-1.10312916312694e-06,-0.00256908256958166,-0.0008449809815394,-0.00188841710893772,-3.35476673907209e-06,-0.000190176893023697,-0.00436967170500946,2.38537701857666e-05,-0.00112565195342107,-1.68757574883216e-05,-2.2028634928617e-05
"12:124682428:A:G",7.90922038884645e-06,-0.00116482812719099,-0.00441439857118198,-0.00585386950215128,-0.00215078564066973,-0.00302831726646335,-0.00462548913107508,-0.00352304035079332,-0.00164003370580978,-0.00636074278914833,-0.000221515116821447,-0.00646884368136424,-0.00335906113109674,-0.00154546985796156,-0.0108862808345207,-0.00614491682428175,-0.00409852375986652,-5.02027914963676e-05,-7.87012796799047e-06,-0.00164003370580978,-0.00751301659359038,-0.000161271340481051,-0.000376818501657716,-0.000283954180924084,-0.00232762341034087,-0.00191801312039797,-0.00441439857118198,-0.00154546985796156,1.19105870064473e-05,-0.000161271340481051,-0.00557146227373817,-0.000309567375650133,-0.00127576243814786,-0.00409852375986652,-0.00138656504740275,-0.00524278916424858,0.000124454128671125,-0.00905349579643566,-0.000373238655645203,-0.0060272114772939,-0.0137900946945169,-0.00297197572465535,-7.87012796799047e-06,-0.00481898062132124,-0.00381546970379265,-0.00577399012915336,-0.00928077350514922,-0.0015424499047918,-0.00154546985796156,-0.000754680895657778,-0.00154546985796156,-0.00220432472121734,-0.00188494754585733,-0.00223837924288839,-0.00205145050931499,-1.91696731715041e-05,-0.00473271146028509,-0.00055169960939061,-0.00226401191933734,-1.94192860130116e-05,-1.94192860130116e-05,-0.00624819602441296,-2.88314204484053e-05,-0.00246336225266042,-0.000659245085393501,-0.0071447617430862,-0.000948277845115086,-0.00117953267045179,-0.000134991293359032,-0.00586894293050255,-0.00106134128138624,6.52942120051847e-05,-0.00170095890164834,-0.00143558952937184,-9.03098422382342e-05,-0.00422228480447728,-0.00735383890506691,-2.54028478021695e-05,-0.00432057961367205,-9.03098422382342e-05,0.000117797325980273,0.000134623796254729,-0.00374539381574612,-0.000135104957463383,-0.00564135022468104,-0.000161271340481051,-0.00134549492868308,-0.00166269263064489,-0.000159166767432772,-0.000161271340481051,-0.000290182198599442,-0.000198573944638181,-0.00261286734074861,-2.88314204484053e-05,-0.000756088788631537,-0.00487607151479441,5.19155795029036e-05,-0.00506245175294895,0.37173278988627,0.00033883987769201,8.46237239979786e-05,-0.000274071974168955,-0.000172546184375566,-0.0025458883007996,-0.0001569343277108,-0.00249004093329885,-6.79274588248902e-05,-0.00368189237368055,-0.00248077049373574,-0.00230663489223559,-1.46268188485621e-05,-0.00243652866155308,9.69057912580951e-06,-0.00201494473460961,0.000122911540261228,-0.000998543218288628,-0.000251312084492028,-0.000145435628717827,-0.00151865870310086,-0.0029650218575954,-0.0093193428365792,-0.000978234465945693,-0.00356805390783554,-0.00206071249056849,-0.00218271270942649,-4.95961912072573e-06,-0.00044463558579011,-0.00438632853364052,-0.000161271340481051,-0.0087291554943234,-0.00285321777733172,-0.00310156471437617,-0.00880539705278505,-0.000995780024339865,0.000226226322945777,-0.00922928364745879,-0.00127588627677122,-0.00151712186615427,-0.00409852375986652,-0.000125069088900087,-0.00144999595376749,-0.000905952718896152,-0.00388585255623042,-0.00243151917135886,-0.00580881878456019,-0.00235542280397727,-0.00871874740903156,-0.00296668508664677,-0.00327595856061347
"12:124683271:A:G",-1.08361134545376e-05,-0.000187614579229667,-2.19366142273358e-05,-0.00274508248270777,-0.00116252358763447,-0.00148664094141182,-0.000786053898833572,-2.19366142273358e-05,0.0002366988385889,-0.000719793024046567,0.000139954246187735,0.000674189026717009,-0.00100305309490967,4.45737953045366e-05,-0.00212897698209602,-0.00490730026750619,-5.38560156293499e-06,-0.00402954137562528,-8.47754605315387e-05,0.0002366988385889,-0.000897508193423491,-5.53191137857567e-05,0.000490263931523849,7.54198345935819e-05,-0.00302268074735679,-0.000907891085901724,-2.19366142273358e-05,4.45737953045366e-05,-1.63527149936726e-05,-5.53191137857567e-05,-3.98179871572424e-05,-0.00460103027944481,-0.000305169467104349,-5.38560156293499e-06,-0.00115106024607492,-0.00171908502477436,0.000193870558280018,-0.000822433682955648,-6.68874771001526e-05,-0.00273084875263585,-0.00108544627885454,2.35892538897886e-05,-8.47754605315387e-05,-0.000703480586188299,-0.0015602916673858,-0.000312730230203506,-0.000252245767600634,0.000177278139131154,4.45737953045366e-05,0.000458717871188341,4.45737953045366e-05,-0.00471136653613247,0.000382507516447639,-0.000723672776799411,-0.000197080902250235,-0.00110533527903023,0.000135407491159256,0.000126024100081779,0.000279852923100954,-5.38560156293499e-06,-5.38560156293499e-06,0.000135407491159256,-0.000167872192106344,0.000331170947540649,-0.00014263794275049,-0.00514997130073613,-0.000411456967415624,-2.16318789716397e-05,0.000126024100081779,-1.74139016824171e-05,0.00014001423129173,9.93516601095479e-05,-0.00104945069676354,-0.00337793002992282,-0.000111273365306808,-0.0043281233946324,-0.000208100823628321,2.89314396315632e-05,-0.00107103581997769,-0.000111273365306808,-0.00367743620500782,8.47959501069084e-05,0.000172814749855199,-2.13022030184362e-05,4.45737953045366e-05,-5.53191137857567e-05,4.52212762276361e-05,-4.49704041152188e-05,-0.00344356956403136,-5.53191137857567e-05,-0.000113125790021762,-6.30161714534339e-05,-0.000442303403799471,-0.000167872192106344,0.000190344852894597,-0.00553559910700141,8.97063943714471e-05,-9.08862183770509e-05,0.00033883987769201,0.106579444679883,-0.00108543187272492,7.98255362646216e-05,9.64366241866799e-05,0.000163720168194104,3.42088156983777e-05,-0.000385299278217843,4.96636578679599e-05,-3.91046279322182e-05,-0.00139313577960731,-0.000117394337122434,0.000124942243099113,-0.000122614708629953,2.35892538897886e-05,0.000177278139131154,0.000198796094330156,-0.000736850574623915,7.98255362646216e-05,9.93516601095479e-05,0.000232651754647151,-0.00324808548564626,-0.00123071583861023,-0.0017541844645983,-0.0013443110210245,-0.000643806439560635,-9.08862183770509e-05,0.00014906286362848,2.89314396315632e-05,2.65659204776725e-05,-5.53191137857567e-05,-0.000215102174366599,-0.00168338563625259,-0.000642026345108349,-0.00127872146022501,-0.000357108897317104,9.45579469586733e-05,-0.000101259182501146,2.99006084558684e-05,-0.00191262697325012,-5.38560156293499e-06,-0.000128488983043518,-0.000102148673136959,-0.00395913671436876,-1.63527149927845e-05,-0.000727544512038492,-0.000832467917876833,9.12836645463599e-05,-0.0126118553374832,-7.27774424076344e-05,-0.000756208203738673
"12:124683380:C:A",-6.55641697200338e-06,-0.000886169466253861,-1.3291338524013e-05,-0.00297958821194122,7.61857129196741e-05,2.28148322607424e-05,-6.95010978226662e-05,-1.3291338524013e-05,-0.00348529789792096,-0.000646485350073611,-0.00722535659933854,0.000405119944763221,-0.00243480337802016,2.89893015175124e-05,-0.000915097914159446,-0.000425559367911887,-3.25633542619386e-06,-4.80757676681876e-05,-0.00142377106878477,-0.00348529789792096,-0.0014206417060425,-3.58557834863049e-05,0.000299744211277542,-0.00760888123988668,-0.00187877189944707,-0.00163514111111951,-1.3291338524013e-05,2.89893015175124e-05,-9.90111886700618e-06,-3.58557834863049e-05,-0.00175632593062058,-0.00146315148570864,-0.00484341184815928,-3.25633542619386e-06,4.67670198549541e-05,-0.000392962836235355,-0.00716694097658266,-0.00349688946411053,-4.29782104269805e-05,-0.00396984307532744,-0.00126080445438959,1.64715734101151e-05,-0.00142377106878477,-0.00302941249622624,5.22484429348324e-05,-0.000810436902263234,-0.000489392709560388,0.000113781480400199,2.89893015175124e-05,-0.000317827069458154,2.89893015175124e-05,-0.00434230099969435,0.000237887371849155,-0.000690895524068758,-0.00135349033711485,7.33538127590805e-05,-0.00294175482211223,8.17341375869418e-05,0.000176667894655758,-3.25633542619386e-06,-3.25633542619386e-06,8.71338227508289e-05,0.000337836996386898,0.000207490284168443,-9.22603380750786e-05,-0.00105454634465829,2.35780521995466e-05,-6.40929693860315e-05,8.17341375869418e-05,-0.000764089298473269,8.97797237815467e-05,6.3673395781727e-05,-0.00119380286724802,-0.00109466055081509,0.000365978330633787,-2.73261978138706e-05,-0.0034510886255168,-0.00204473998858834,0.000118398467080283,-7.25800223371209e-05,-0.00206198523609746,5.51623088949071e-05,-0.00238729836920637,-0.00174300081694589,2.89893015175124e-05,-3.58557834863049e-05,0.000182464972455776,-2.73261978138706e-05,-0.0041467707590197,-3.58557834863049e-05,-0.00348417560771441,-0.00262594892245005,-0.000361079362739325,0.000337836996386898,0.000121142650534978,0.000156454193736444,5.80372494587422e-05,-0.00294204623259731,8.46237239979786e-05,-0.00108543187272492,0.144872322235244,5.22484429348324e-05,-1.67428489268318e-05,-0.00216481504906874,-0.00228355965704541,-0.00131872921926846,3.20153037831616e-05,-0.00264832095439704,4.92948659083225e-05,-0.000583313241941497,-0.000444959315057503,-0.0058470167496667,-0.00193235227547905,-0.0025614511201324,0.000125889287597936,-5.78179827241954e-05,-0.00233086880362343,6.36733957826152e-05,0.000147688566940474,-0.000441176340846283,-0.00200491564696392,0.000113781480400199,-0.00317317755942348,0.000202709323089856,-5.78179827241954e-05,9.49671487546766e-05,1.96647252144189e-05,-1.54837331383106e-05,-3.58557834863049e-05,-0.00335030805668346,-0.00058698105499122,-0.000100521937676845,-0.00452492663811066,-0.000418386034769291,6.08740299066213e-05,-0.000107558250243223,-0.00239246097209023,2.59227474472823e-05,-3.25633542619386e-06,-0.00011404341818988,0.000547933124752653,-0.000931836393966989,-9.90111886700618e-06,-0.0010114554763696,-0.000356284180183408,-1.30982086767872e-05,1.66348002617056e-05,-0.00134555674731462,-6.16578462029338e-05
"12:124684829:G:A",2.01919550146812e-06,4.22461828621934e-05,4.07925330581094e-06,0.000113762339329249,-3.15905477474843e-05,-9.39372846175957e-06,-0.000478676660119248,4.07925330581094e-06,-6.20356787965903e-05,0.000109537301357321,-3.99348015234224e-05,-3.41533323577892e-05,-3.33838332267078e-06,-1.13305771956007e-05,-0.00679199181932066,-3.01994605873546e-05,1.00456487217571e-06,-7.41690773242709e-06,1.8486480030333e-05,-6.20356787965903e-05,-0.00262740347089174,1.30653618430898e-05,-0.00013469250322995,-2.40412845640137e-05,9.59172661545438e-05,7.24865562684585e-06,4.07925330581094e-06,-1.13305771956007e-05,3.04404098727673e-06,1.30653618430898e-05,4.22763056384667e-06,2.07320173277736e-05,-0.00117055273947564,1.00456487217571e-06,1.11877326309795e-05,-0.00250410676087753,-5.42123985702858e-05,1.18846384227211e-05,1.52015690160212e-05,-0.00234137131081624,-0.00300149999830435,-0.00150659868976,1.8486480030333e-05,3.64437785833616e-05,-2.11877264923999e-05,-0.000602037157972468,-0.000414541537263169,-4.68060681440008e-05,-1.13305771956007e-05,0.000101071688061616,-1.13305771947125e-05,-0.000134597985850249,-0.000103617226768549,-0.000461598938103158,4.14142588720523e-05,-3.06824729410238e-05,-0.000928740365036873,-3.33777968668514e-05,-7.45821458991713e-05,1.00456487217571e-06,1.00456487217571e-06,-0.000928740365036873,3.86929290598914e-05,-8.89397900829536e-05,3.16704549589986e-05,-0.00151847915226799,-0.00221992529210624,-0.00781649387154815,-3.33777968668514e-05,-0.00229391183126815,-3.59886593708225e-05,-2.48443839119261e-05,-0.0023398396883989,2.34865887556168e-05,2.59641338899996e-05,8.3269150197296e-06,-0.0051804832132607,-8.41039028998125e-06,-0.00132774999578178,2.59641338899996e-05,-5.08277929345269e-05,-0.00143968809685457,-4.59796587488626e-05,-2.6559306531837e-06,-1.13305771956007e-05,1.30653618430898e-05,-0.000638909190382897,8.3269150197296e-06,-8.1033591093238e-05,1.30653618430898e-05,1.73568565520199e-05,1.16294134420158e-05,0.000111292226256055,3.86929290598914e-05,-0.000747157478020455,-0.00139680372577633,-2.30349024539223e-05,-0.00599645414060568,-0.000274071974168955,7.98255362646216e-05,5.22484429348324e-05,0.0822562195030239,2.35712011011913e-05,-4.42997381844279e-05,-9.39372846175957e-06,8.11777401761304e-05,-1.22843831880104e-05,-0.00647224285060766,-2.02496379486661e-05,2.70831327391363e-05,-0.000214501777659137,2.53625803630086e-05,-7.41690773242709e-06,-4.68060681440008e-05,-5.08082384103048e-05,1.96035795143601e-05,-2.11877264923999e-05,-2.48443839110379e-05,-6.12915094553301e-05,-0.000109422575581775,-0.00208550290319032,-4.68060681440008e-05,5.09542224014226e-05,-0.00127647236801653,1.96035795143601e-05,-3.76842321339055e-05,-8.41039028998125e-06,-0.00356507257956196,1.30653618430898e-05,4.71483146062823e-05,0.000149889628715094,3.40331887223044e-05,-0.00216078603368075,7.84794620107832e-05,-2.39442834226722e-05,-0.00403589312961472,-1.57849387161235e-05,-1.03670743758499e-05,1.00456487217571e-06,-0.000116291667843882,5.49579004740508e-05,-2.94130166098583e-05,3.04404098816491e-06,0.000146490872867666,-0.00528223372325609,-2.69501670677741e-05,-0.000109781248298191,1.62856359535724e-05,2.07320173277736e-05
"12:124687142:C:T",2.56097835737989e-06,5.2752351343166e-05,-0.00245561659546478,-0.00103126450780877,-0.0028195772143933,-1.2295586190092e-05,-0.003124133704552,5.16767977121191e-06,-0.000815474399217031,-0.00190600327578316,-0.00147871419128176,-6.42643188220049e-05,-0.00169149672041691,-1.47846001974372e-05,-0.00603232845493373,8.7145836636715e-05,1.27484176726256e-06,-9.76036892996746e-06,2.34505635079429e-05,-0.000815474399217031,-0.00483169888439683,1.67028418891491e-05,-0.000188555332032436,-0.0015728752880193,-1.812520705613e-05,9.16588607946522e-06,-0.00245561659546478,-1.47846001974372e-05,-0.00204116899135709,1.67028418891491e-05,-0.00163049488227873,-2.7433929972176e-05,-0.00380926085879985,1.27484176726256e-06,-0.00722834415992502,-0.00249647709810041,0.00012909565102337,-0.000512780580467442,1.93673918982284e-05,-0.00192587300473956,-0.0064405222409345,-9.76036892996746e-06,2.34505635079429e-05,-0.00212396500152323,-2.7898569321394e-05,-0.0060676386632128,-0.000783309357915929,-0.0011548936513055,-1.47846001974372e-05,0.000119515848590268,-1.47846001974372e-05,-0.00362589350724596,-0.000142927664797732,-0.000415625608686021,-0.0021329889473547,-0.00275676141821357,-0.00382915601508049,-4.42813111440898e-05,-0.000972787704468736,1.27484176726256e-06,1.27484176726256e-06,-4.6582626252345e-05,4.84909021789548e-05,-0.00012173949738159,-9.33173965300682e-05,-7.66182029945384e-05,0.000102711796908572,-0.00220590537615895,-0.0012794228661841,-0.00178021845044407,-4.77164718803991e-05,-3.26591313086766e-05,-0.00372281860222401,-0.00378437189920255,3.28699000817778e-05,1.05226968551975e-05,5.71149311072716e-05,-1.10338267047538e-05,-0.00282457558018123,3.2869900082666e-05,-8.56568162372895e-05,-0.00305473721890248,-0.00262762292525487,-0.00250017734959673,-1.47846001974372e-05,1.67028418891491e-05,-3.8138114079711e-05,1.05226968551975e-05,-3.81476682029813e-05,1.67028418891491e-05,-0.00236625506455201,-0.00182149087194627,-0.00127893605980045,4.84909021789548e-05,-0.00456646834516317,-0.00284537031703369,-3.0301375988806e-05,2.48351591700668e-05,-0.000172546184375566,9.64366241866799e-05,-1.67428489268318e-05,2.35712011011913e-05,0.161979573126807,-0.0028240661641048,-1.2295586190092e-05,-0.00172433348853218,-1.60121444006123e-05,9.16588607946522e-06,-2.66798901726872e-05,3.42414224165921e-05,-0.00140558967587978,-0.00193980359818013,-9.76036892996746e-06,-0.0011548936513055,-6.78992602693995e-05,2.48351591700668e-05,-2.7898569321394e-05,-3.26591313086766e-05,-0.00377819547383851,-1.23329468193489e-05,0.000158136549102572,-6.25761291166427e-05,6.30935099303898e-05,-0.00020820308833791,2.48351591700668e-05,-4.99513165035381e-05,-0.00161323907602817,-7.16972023528939e-06,1.67028418891491e-05,5.85920481839253e-05,-0.000347334334287019,4.2711036393861e-05,-0.00493532835301558,9.49387066713214e-05,-3.14858099752513e-05,-0.000654069200028751,-0.00891955843574621,-1.35457953911455e-05,1.27484176726256e-06,-0.00464415760919579,6.79076641763032e-05,-0.00252592926714179,-0.000327125035379794,-0.00110340881020043,-0.00212276558270474,-0.00322386033960775,-0.000765836177465395,2.07168089421117e-05,2.62317411170443e-05
"12:124687345:T:C",3.90524033111461e-06,8.64574964047904e-05,7.89143462487374e-06,-0.00236489619223246,-0.0013540433642838,-0.00334926552446557,-0.00176866996295733,7.89143462487374e-06,-0.000128544509021111,-0.00699567003938295,-8.44965592632363e-05,-1.08812278263315e-05,-8.14192504350331e-06,-2.35206475718286e-05,-0.00210757913293236,-0.0029696563463748,1.94265341590949e-06,-1.5993739387099e-05,3.73824184443095e-05,-0.000128544509021111,-0.000269179611951387,2.68361806030626e-05,-0.000431819856538063,-5.1929221758229e-05,-7.14270278701079e-05,-0.00166143723281298,7.89143462487374e-06,-2.35206475718286e-05,5.88806422108235e-06,2.68361806030626e-05,-0.00279997385809416,4.17546918614065e-05,0.000138346268088618,1.94265341590949e-06,-0.00132382545726717,-0.00104933977976884,-0.000114058263172012,-0.00478849089135736,3.09904098001468e-05,-0.0078451976827143,-0.00493583004618792,-0.00303168834274015,3.73824184443095e-05,7.38288636066287e-05,-4.42997381844279e-05,0.000140938367687582,-0.00809438852619015,-0.00099119672754,-2.35206475718286e-05,0.000207596966261825,-2.35206475718286e-05,-0.0080298492451103,-0.000723359187928097,-0.00453556152796786,-0.00221496891210116,-0.00022840614935582,-7.294958005577e-05,-6.96363525509724e-05,-0.00082793605801168,1.94265341590949e-06,1.94265341590949e-06,-7.294958005577e-05,7.94842350666514e-05,-0.00090552213605477,6.44875948943024e-05,-0.000278364459790126,-0.000815829170178084,-0.00302779135823883,-0.00110619885402752,-0.00456346559917709,-0.00487875897758183,-5.1280292713507e-05,-0.00220898907526745,-0.00900288839486141,5.33332615253457e-05,-0.00264824092077287,9.36426957682812e-05,-1.79051367368288e-05,-0.00270115814885674,5.33332615253457e-05,-0.000107779579953338,-0.00139663852124894,-0.00252612348156855,-8.81779436667784e-06,-2.35206475718286e-05,2.68361806030626e-05,0.000109872783979892,-0.00164561432124799,-0.000170393330491514,2.68361806030626e-05,3.18256845277531e-05,2.25176733579247e-05,0.000227982049566755,7.94842350666514e-05,-0.000732296055617532,-0.00234611377502336,-4.7826834710385e-05,3.95572367191122e-05,-0.0025458883007996,0.000163720168194104,-0.00216481504906874,-4.42997381844279e-05,-0.0028240661641048,0.149250341249211,-1.97965497177321e-05,0.000165455891941058,-2.53539296277694e-05,1.40280142844063e-05,-4.25078431893766e-05,5.5519514858382e-05,-7.93505995666521e-05,5.07779374192552e-05,-1.5993739387099e-05,0.000737160435974715,-0.000104886195607889,3.95572367191122e-05,-0.00118917733522927,-5.12802927126188e-05,-0.000914655101189155,-0.0035681700710759,0.000101641450118706,-9.73891696025575e-05,0.000103569117394287,7.3626316060782e-05,-0.000102884481314902,-7.77880150977239e-05,-1.79051367368288e-05,-0.00137307355435556,2.68361806030626e-05,-0.000125421686647087,0.000306041217221775,-0.00222828967225119,-0.0020068859576936,0.000161050914084804,-4.95626250742731e-05,-0.000414229666851895,-0.000117877861886662,-2.16682861244877e-05,1.94265341590949e-06,-0.00248386114089616,-0.00155316795147442,-0.00286458682686508,5.88806422197052e-06,0.000300462706468885,-0.0018481732033333,-0.000219668615148549,-0.00253132215279361,-0.00233255545036926,-0.00242816691549397
"12:124689415:G:T",-0.00303991791482705,1.84589672036495e-05,1.86310748429008e-06,-0.00267648645948704,-1.40365615370897e-05,-4.12860833698403e-06,1.02459730619842e-05,1.86310748429008e-06,-2.80316410155024e-05,-0.000620632102974028,-0.000149402564977308,-9.295671054943e-05,-1.3387950446031e-06,-5.02408655478348e-06,-0.00165808265907508,-0.00588613327311371,4.59453442402946e-07,-3.21620847199e-06,8.21200237233199e-06,-2.80316410155024e-05,-0.00313774842537828,5.7699000644007e-06,-0.000499050828044467,-0.00770789271798744,-8.31458513488315e-05,3.3058549675502e-06,1.86310748429008e-06,-5.02408655478348e-06,1.39095311180171e-06,5.7699000644007e-06,2.12573003288696e-06,9.21980922008458e-06,2.9110077067962e-05,4.59453442402946e-07,5.29137275329106e-06,-0.00303905094417267,-0.0022310563694985,-8.93645950581501e-05,6.73373931014964e-06,-0.00205208757505648,-0.000240824840432197,-3.21620847199e-06,8.21200237233199e-06,1.6049571649468e-05,-9.39372846175957e-06,2.96666729662221e-05,-0.0019471579911432,-2.09964302131382e-05,-5.02408655478348e-06,4.27823636561797e-05,-5.02408655478348e-06,-0.000231036134048956,-4.74143153992301e-05,-0.00223761961917912,1.82350548625365e-05,-1.36078648811377e-05,-1.57093535193553e-05,-1.48812358506945e-05,-3.38075766865842e-05,4.59453442402946e-07,4.59453442402946e-07,-1.57093535193553e-05,1.68999637466527e-05,-4.05098715994257e-05,1.39398687064585e-05,-0.000245565925268032,-0.00214896047553648,6.12005893074752e-07,-1.48812358506945e-05,-0.000211642232057052,-1.61173503041567e-05,-1.110521117198e-05,2.71878523667723e-05,-0.000266672590678141,1.14040826559858e-05,3.79572225472913e-06,2.00578410955998e-05,-3.67455191074839e-06,-2.30184757104013e-05,1.14040826559858e-05,-0.00191088430734787,-9.82775557556437e-06,-2.0600535166615e-05,-9.03201259996322e-05,-5.02408655478348e-06,5.7699000644007e-06,-0.000324295799013719,3.79572225472913e-06,9.28269601816467e-05,5.7699000644007e-06,-0.00268342635654673,5.29300079765704e-06,4.68953771237679e-05,1.68999637466527e-05,-2.21604360923777e-05,-0.00152007617340288,-1.02576407519095e-05,8.71363932031244e-06,-0.0001569343277108,3.42088156983777e-05,-0.00228355965704541,-9.39372846175957e-06,-1.2295586190092e-05,-1.97965497177321e-05,0.0831341960873972,3.48780980061747e-05,-5.46561927272649e-06,3.3058549675502e-06,-8.95550171886583e-06,-0.00618287538338791,-0.00157673466128827,-0.00172415685043159,-3.21620847199e-06,-2.09964302131382e-05,-2.29172780956688e-05,8.71363932031244e-06,-9.39372846175957e-06,-1.110521117198e-05,-2.76697720478225e-05,-0.00132409622444474,-0.0116834965357882,-2.09964302131382e-05,2.22539797540833e-05,-0.00134222472701051,8.71363932031244e-06,-1.69215039722559e-05,-3.67455191074839e-06,-0.00189345510474492,5.7699000644007e-06,2.0599886235928e-05,-0.00212284589458633,1.49854661630755e-05,-0.00341673393779729,3.36453839233641e-05,-1.06834407045397e-05,-0.00207748914529127,-6.62096078229979e-06,-4.5784345807931e-06,4.59453442402946e-07,1.06027464523706e-05,2.38591575163483e-05,-0.00010048398327811,1.39095311268989e-06,6.02989676732335e-05,-0.000307681905746371,-1.18492150287253e-05,-6.20138376721258e-05,7.22210661852074e-06,9.21980922008458e-06
"12:124693142:G:A",-1.11643481135459e-05,-0.000195374105993018,-2.26303542314454e-05,-0.0102025901491443,-0.00177024044187313,-0.00549170925089904,-0.00018820221158844,-0.00159510161178922,-0.0056718682792356,-0.000668834758151604,-0.00156104074115593,-0.000600302259706531,1.33299568005896e-06,4.54687435320622e-05,-0.00254933530431245,-0.00387603001222825,-5.54520817264148e-06,-0.0041107705915584,-8.76731970667066e-05,-0.0056718682792356,-0.00188674325789595,-5.69425684089353e-05,-0.000764598498644631,-0.00122769136588374,-0.00696403144372493,-4.04219728933342e-05,-2.26303542314454e-05,4.54687435320622e-05,-1.68588927920155e-05,-5.69425684089353e-05,-0.00513275825358228,-0.000100563310282631,-0.000652160392254686,-5.54520817264148e-06,-0.00361039085284531,-0.00117103070287161,-0.00152666972154503,-0.00205072036333132,-0.001153866774116,-0.00308495129463981,-0.00470140777084005,-0.00250053142411488,-8.76731970667066e-05,-0.000176263130324372,8.11777401761304e-05,-0.000925827751850683,-0.005861733766229,0.000178955248163248,4.54687435320622e-05,0.000739699706201691,4.54687435338386e-05,-0.00949230145836299,-0.00122265687240919,-0.00532563676544173,-0.00401561808902695,-0.00171303252796484,0.000137143983470089,0.000127726781987469,0.000280094958709398,-5.54520817264148e-06,-5.54520817264148e-06,-0.00178073642218646,0.000408237818017021,-0.00325458293786873,-0.000148124223952273,-0.000139139817512124,-0.00233724002050995,-0.000108060514191877,0.000127726781987469,-0.00185551216567781,-0.00346354085808365,0.000100931717561537,-0.00117144586375506,-0.00143126178796305,-0.000115063963219697,-0.00280171218241065,-0.00111544770623695,2.947565192013e-05,5.61366731597346e-05,-0.000115063963219697,-0.00165740094050637,8.6215306431825e-05,0.000174516600934815,-0.00253255358456439,4.54687435320622e-05,-5.69425684089353e-05,5.30573102093257e-05,-0.00150763624094541,-0.001708354433684,-5.69425684089353e-05,-0.00271874750509138,-6.53200896243433e-05,-0.00548149089541106,0.000408237818017021,0.000191918817169068,-0.0009607024873306,9.11859548455851e-05,-0.00134736827175885,-0.00249004093329885,-0.000385299278217843,-0.00131872921926846,8.11777401761304e-05,-0.00172433348853218,0.000165455891941058,3.48780980061747e-05,0.187381099734668,5.06597306513257e-05,-0.0015170415866157,7.60719077073091e-05,-0.000493960088287615,-0.000297143277520284,-0.000127448023767407,2.399986983459e-05,0.000178955248163248,0.000200278978247148,-0.00312218147535059,8.11777401761304e-05,0.000100931717562425,0.000233770563801805,-0.00404903412125801,-0.00148675660259379,-0.00236248436076369,-0.00024788407154297,-3.36045174060828e-05,-0.00291578017639615,0.000150807634410555,2.947565192013e-05,-0.00140417710845409,-5.69425684089353e-05,-0.00357905126961811,-0.00397848451128446,-0.000161996728696323,-0.000952257679466939,-0.000376659372215649,9.60909987499647e-05,-0.0013329990866362,-0.00083917568256453,-0.00232768211261991,-5.54520817264148e-06,-0.000540029874870562,-0.000257385963044143,-0.000110895183917492,-1.68588927911273e-05,-0.00503144486113172,-0.00055880306397782,-0.000354158743612665,1.59810081896694e-05,-7.51315704441424e-05,-0.000100563310282631
"12:124694188:A:G",-0.000583698948931399,2.56504295226279e-05,2.47033254652251e-06,-9.5322093216943e-05,-1.81879893856873e-05,-5.46561927272649e-06,1.39108512930974e-05,2.47033254652251e-06,-3.53168015703176e-05,6.99241997201838e-05,-2.28041241623345e-05,-0.000105964250859181,-1.82660711889326e-06,-6.62502903825413e-06,-1.53346353490846e-05,-0.000193156402259476,-0.00204121466972396,-4.28001780239384e-06,1.1109647894969e-05,-3.53168015703176e-05,-0.000151284348628877,7.78077916763209e-06,-7.40857732735023e-05,-1.37311739312196e-05,-9.60512165315563e-05,4.39685253894595e-06,2.47033254652251e-06,-6.62502903825413e-06,1.84244523282473e-06,7.78077916763209e-06,1.88301873427221e-05,1.24942922008486e-05,4.16362250845737e-05,-0.00204121466972396,6.99384465630004e-06,-0.000126785334665591,-3.07941216064478e-05,-6.62665597062073e-06,9.09020117845216e-06,7.92568115972614e-05,-7.57191577687166e-05,-4.28001780239384e-06,1.1109647894969e-05,2.21277225627148e-05,-1.22843831880104e-05,4.24928204427744e-05,-0.000313868580183119,-2.68138113037608e-05,-6.62502903825413e-06,6.38275173381331e-05,-6.62502903825413e-06,1.90282603043102e-05,-5.77723016919052e-05,5.98083051901455e-05,-0.000505725075753638,-1.76534838720599e-05,-2.02658133652278e-05,-1.92387352653256e-05,-4.21596593813689e-05,6.07392329321499e-07,6.07392329321499e-07,-2.02658133652278e-05,2.34078448224651e-05,-4.99321831632926e-05,1.91370806783553e-05,-3.42887245849965e-05,5.35794360292385e-05,7.42898118133439e-07,-1.92387352653256e-05,9.05141139675436e-05,0.000793025583177176,0.00182032951166811,3.86345403988742e-05,1.50719469766969e-05,1.5583353294879e-05,5.05372057624243e-06,2.79694569185196e-05,-4.87614766786493e-06,-2.93291707107457e-05,1.5583353294879e-05,0.00019730068781687,-1.2834773697179e-05,-2.63327826308668e-05,-1.19588847979912e-06,-6.62502903825413e-06,7.78077916763209e-06,4.87389653152093e-05,5.05372057624243e-06,0.00030402976699051,7.78077916763209e-06,1.0780142874367e-05,7.070205234605e-06,7.08888050535705e-05,2.34078448224651e-05,-2.82244393954301e-05,-9.26119849431473e-05,-1.33790257148547e-05,1.17980485025981e-05,-6.79274588248902e-05,4.96636578679599e-05,3.20153037831616e-05,-1.22843831880104e-05,-1.60121444006123e-05,-2.53539296277694e-05,-5.46561927272649e-06,5.06597306513257e-05,-0.00137959351508243,4.39685253894595e-06,-1.17277497375667e-05,1.62784162611729e-05,-2.11995390460018e-05,1.53604416412989e-05,-4.28001780239384e-06,-2.68138113037608e-05,-2.91387123239062e-05,1.17980485025981e-05,-1.22843831880104e-05,0.00182032951166899,-3.48877800577796e-05,0.000397342042373516,0.000444609589663969,-2.68138113037608e-05,3.1187318391801e-05,-0.000148126940256788,-0.000469627581218823,0.00182032951166811,-4.87614766786493e-06,-6.41864542849646e-06,7.78077916763209e-06,2.87601328707865e-05,9.86216176750432e-05,2.06153396238307e-05,6.44127491273849e-05,4.87706044438596e-05,-1.39172413762267e-05,1.13220913195988e-05,-2.02477497639464e-05,-6.04854356645035e-06,6.07392329321499e-07,1.43318736665066e-05,3.36318596998453e-05,-1.66186139161084e-05,0.000169996328363453,9.59837262586305e-05,5.55854371651066e-05,-1.54520496327137e-05,1.7373769256146e-05,9.75585167406479e-06,1.24942922008486e-05
"12:124694526:T:A",-8.20818850222338e-07,-0.00119163549750656,-1.67048934418546e-06,-0.000182361104447359,1.04077953517745e-05,3.3058549675502e-06,-9.63260484621031e-06,-1.67048934418546e-06,1.86713710874642e-05,-5.77678256474812e-05,-0.00239270598899655,-0.000622361369696733,-0.00480819824485934,4.03944277937995e-06,-0.00788849693759897,-5.75744560276092e-05,-4.06885465764617e-07,-0.00202687832057968,-7.53871917336113e-06,1.86713710874642e-05,-0.00113878797669642,-5.12039849809298e-06,-0.000721671910248745,-0.00224357517099705,-0.000192878597950141,-3.00210855197491e-06,-1.67048934418546e-06,4.03944277937995e-06,-1.24196394946097e-06,-5.12039849809298e-06,-0.00214792871751968,-8.56698407858403e-06,-0.00356384159454759,-4.06885465764617e-07,-0.00194905669122036,-0.00108907237014844,-0.00239771118194998,-2.81494995402198e-06,-6.06261406321806e-06,-0.00548395692578563,-0.00793806783211348,2.54625698659083e-06,-7.53871917336113e-06,-0.00665743826843457,7.24865562684585e-06,-3.25611818219329e-05,-0.00189136091585596,1.47826790950489e-05,4.03944277937995e-06,-5.29705847647222e-05,4.03944278026813e-06,-0.00610207395515872,2.68839476964544e-05,-0.0001422317306492,-0.00165694764623758,1.01057043453423e-05,-0.00141209629808259,-0.00162327601788803,2.14533325237909e-05,-4.06885465764617e-07,-4.06885465764617e-07,1.15637051534279e-05,-1.65036780046535e-05,2.43264323858128e-05,-1.3374121979659e-05,-0.000541650451185482,-4.33473787149197e-05,-7.78298831605184e-07,-0.00368412807773044,-0.000767974321914444,1.18401747037922e-05,8.52470748657908e-06,-2.93196986742572e-05,-0.000629947190915914,-1.06194351445765e-05,-3.46194278311174e-06,-0.00488437443677991,2.92938334567339e-06,-0.00179180097320941,-1.06194351436883e-05,1.55312137470887e-05,7.57604324874706e-06,1.45356174581224e-05,-7.53894849125913e-06,4.03944277937995e-06,-5.12039849809298e-06,-0.00503194019326614,-0.00499447186620205,2.25412004137837e-05,-5.12039849809298e-06,-5.45998989220919e-06,-0.00223961410005913,-0.00112533377914747,-1.65036780046535e-05,1.54981522015873e-05,-0.00172636149773187,7.89776159049183e-06,-0.00177307727445974,-0.00368189237368055,-3.91046279322182e-05,-0.00264832095439704,-0.00647224285060766,9.16588607946522e-06,1.40280142844063e-05,3.3058549675502e-06,-0.0015170415866157,4.39685253894595e-06,0.148701354683589,6.9154646809011e-06,-1.11513899581084e-05,-0.00186612715765389,-0.00238074131987442,2.54625698659083e-06,1.47826790950489e-05,1.59546882310124e-05,-8.04829245826255e-06,7.24865562684585e-06,8.52470748746725e-06,-0.00136720878493257,2.74903351877853e-05,-0.000878972171765025,-0.00293385426924431,-2.30254856443679e-05,3.2731869870517e-05,-8.04829245826255e-06,1.23789038344313e-05,2.92938334567339e-06,-0.00432311050766288,-5.12039849809298e-06,-2.09455335431485e-05,-9.41054655543283e-05,-1.45456318341175e-05,-0.0110805922743413,-3.82331328196983e-05,8.21394084482563e-06,-0.00390596491551509,-0.0020580093105913,3.6758251447111e-06,-4.06885465764617e-07,-0.00229239081653088,-0.00103262671267945,3.05962190871867e-06,-1.24196394946097e-06,-8.9796482969362e-05,-0.00251892267849207,8.84096962305847e-06,-0.000769651664326076,-6.54608342820495e-06,-8.56698407858403e-06
"12:124695048:A:G",1.92814049881918e-06,3.99240642607879e-05,3.89390755106689e-06,-0.00288114467672784,-3.02442461954655e-05,-8.95550171886583e-06,2.18649481142918e-05,3.89390755106689e-06,-5.97159488071597e-05,-0.000306867616843398,-3.82769874738287e-05,-0.00395706648497196,-3.15671688078112e-06,-1.08127263507285e-05,-0.00152456063947692,-0.00175079486654806,9.59432490788004e-07,-7.06115959747677e-06,1.75648969786835e-05,-5.97159488071597e-05,-3.75833529071556e-05,1.24173278743811e-05,-0.00187795129269919,-2.29600810728314e-05,-0.00343109753015725,6.9154646809011e-06,3.89390755106689e-06,-1.08127263507285e-05,2.90625456322857e-06,1.24173278743811e-05,1.38365469650736e-05,1.96940444165961e-05,6.34173442985997e-05,9.59432490788004e-07,-0.00166815544491428,2.30242796908087e-05,-0.00140503932878211,-0.00152415323821486,1.44469867153774e-05,-0.00184340429382246,-0.00358451223744805,-0.00157300260382165,1.75648969786835e-05,3.45019467484775e-05,-2.02496379486661e-05,6.46326924762519e-05,-0.00101921835018715,-4.49394442805229e-05,-1.08127263507285e-05,9.41881736684635e-05,-1.08127263507285e-05,-0.00346735213338079,-0.000744451556026426,-0.000950829873590742,0.000106436434733403,-2.93672054541005e-05,-3.36625222461251e-05,-0.00276088326689905,-0.00415472494590752,9.59432490788004e-07,9.59432490788004e-07,-0.00099393779416701,3.65852350245888e-05,-8.59653057707632e-05,3.00032959028584e-05,-0.00322880052664054,8.00959262363676e-05,9.09837958751325e-07,-3.1971087394389e-05,-0.00217431441656935,-0.000806758812748498,-2.37713032058551e-05,-0.00195525859612555,-0.00156666194152155,2.46138519592876e-05,7.94265033565722e-06,4.33564030632994e-05,-8.01303759523364e-06,-4.96425205014361e-05,2.46138519601757e-05,-0.00302842220977606,-0.00329893402661341,-4.41374945747697e-05,-0.00554294265157562,-1.08127263507285e-05,1.24173278743811e-05,-0.00335536992376362,7.94265033565722e-06,-0.00321701813693487,1.24173278743811e-05,-0.00576420857948712,-7.89323685763677e-05,0.000103455545468201,3.65852350245888e-05,-4.72953703747336e-05,-0.00631299665354579,0.000260212161845352,1.8624323292471e-05,-0.00248077049373574,-0.00139313577960731,4.92948659083225e-05,-2.02496379486661e-05,-2.66798901726872e-05,-4.25078431893766e-05,-8.95550171886583e-06,7.60719077073091e-05,-1.17277497375667e-05,6.9154646809011e-06,0.11788615519363,2.56716824020842e-05,-3.56250954594017e-05,2.40787871002013e-05,-0.0029627248779267,-4.49394442805229e-05,-4.88256502162443e-05,1.8624323292471e-05,-0.0034095396701872,-2.37713032049669e-05,-5.89905894887721e-05,-0.00337988289487257,-0.000519456313423206,-4.49394442805229e-05,-0.00299065930386355,-1.07322067588456e-05,-0.00204989665472777,-3.61355939437757e-05,-8.01303759523364e-06,-1.07886987708028e-05,1.24173278743811e-05,4.452192894977e-05,-0.00141361006240448,3.22311785536655e-05,-0.00339608731621954,7.35534083435851e-05,-2.29040689534443e-05,1.76664424422768e-05,-1.50125525451017e-05,-9.88868708695634e-06,9.59432490788004e-07,2.22845287334295e-05,5.17923861114156e-05,-0.00555385266984576,2.90625456322857e-06,0.000134765902826572,-0.00475724477596273,-2.57648946337952e-05,-0.00249423004889238,1.54763663440249e-05,1.96940444165961e-05
"12:124698042:T:C",-3.0918953148884e-06,-6.00539304391745e-05,-0.00101691000877846,-0.0021354178792361,3.97827161693343e-05,1.19025076772417e-05,-3.35036945084966e-05,-0.00101691000877846,-0.00285811507211076,-0.00257149679559898,4.90020235206501e-05,0.000224751410235591,2.66452802843986e-06,1.48369395649439e-05,-0.000325763450145011,-0.000166108414238586,-1.53685808168547e-06,8.89737239795352e-06,-2.63602453181022e-05,-0.00285811507211076,-0.00550632280765484,-1.7903192986779e-05,0.000161292942991054,2.84157728209777e-05,0.000202395310964221,-1.11513899581084e-05,-0.00101691000877846,1.48369395649439e-05,-4.6654358438758e-06,-1.7903192986779e-05,-9.01686173726546e-06,-2.98881925138161e-05,-9.80585567464942e-05,-1.53685808168547e-06,-0.00114374994586441,-0.00551314762109989,6.6645803646459e-05,7.14303648763348e-06,-0.000544627127977648,-0.000199555306171106,-0.00256896276104968,8.89737239795352e-06,-2.63602453181022e-05,-5.27198815083452e-05,2.70831327391363e-05,-0.000100272718706051,-0.00108213582558125,5.92413570075223e-05,1.48369395649439e-05,-0.000151604554650575,1.48369395658321e-05,-0.00594211375436604,0.000126452571479696,-0.000701978243099255,-6.07646539139139e-05,3.84229063739028e-05,4.50599635222204e-05,4.24531527150052e-05,9.28362034464669e-05,-1.53685808168547e-06,-1.53685808168547e-06,4.50599635222204e-05,0.00171144887057118,0.000109641933199178,-4.50668979885549e-05,-0.00251547497230309,-0.000129137223887632,-0.00110387966643355,4.24531527150052e-05,-0.000839471218447407,4.63402151753556e-05,3.25637992375505e-05,-9.18470314559272e-05,-0.00249443911047997,0.00109798287698215,-1.28225886291133e-05,-6.59982828938865e-05,1.04089365695614e-05,6.28742694299689e-05,-3.60093574531817e-05,-0.00600413742296624,2.84777748449372e-05,5.80157967826622e-05,-1.22234927957265e-06,1.48369395649439e-05,-1.7903192986779e-05,-0.00115460201502149,-0.000913472400584148,-0.00584476811847967,-1.7903192986779e-05,-2.96669967090324e-05,-1.79614441995213e-05,-0.000131549727590219,-7.83021850141452e-05,6.28309228885016e-05,-0.00722339830656793,2.98559069520365e-05,-2.81134743254086e-05,-0.00230663489223559,-0.000117394337122434,-0.000583313241941497,2.70831327391363e-05,3.42414224165921e-05,5.5519514858382e-05,-0.00618287538338791,-0.000493960088287615,1.62784162611729e-05,-1.11513899581084e-05,2.56716824020842e-05,0.0877917101768473,-0.00607425337164713,-3.72100475827253e-05,8.89737239795352e-06,5.92413570075223e-05,6.51539195457573e-05,-2.81134743254086e-05,2.70831327391363e-05,3.25637992384387e-05,7.71462687083613e-05,0.000128889440284219,-0.00544755160461996,5.92413570075223e-05,-7.42744678765561e-05,0.000303711640643911,-0.000721291236067678,4.88557650362154e-05,1.04089365695614e-05,1.21592952577743e-05,-1.7903192986779e-05,-6.80288588466027e-05,-0.000243138237403961,-4.88462246766019e-05,-0.00225019458289566,-0.000115076212447107,3.1217820278151e-05,-2.88393581673319e-05,-0.000962826108847459,1.33784048106378e-05,-1.53685808168547e-06,-3.65743510357674e-05,-7.89461959671556e-05,3.31012071983494e-05,-4.66543584298762e-06,-0.000233220071625517,-0.000607486170674854,3.28125065882645e-05,-4.67821149614522e-05,-2.29167140259889e-05,-2.98881925138161e-05
"12:124699701:C:T",3.29806270471522e-06,6.89053002558282e-05,6.65434630864326e-06,-0.000672101580006412,-5.60906328628263e-05,-0.00157673466128827,-0.000108016046417525,-2.66205514654061e-05,-0.000111746285083925,8.46963759437713e-05,-0.0057403432123424,-0.000138190909466651,-0.0016965812985692,-0.00563281412913597,-0.00144522454835183,-0.00284052856477768,1.64183711337529e-06,-0.00204346534357835,3.06424381566472e-05,-0.000111746285083925,-0.000245979605064228,2.19714727256459e-05,-0.000254326520567005,-0.00124572204766249,-0.000831179223261813,-0.00186612715765389,6.65434630864326e-06,-0.00563281412913597,4.96884307388257e-06,2.19714727256459e-05,5.95820533000335e-06,-0.0020757687259092,-0.00378963870212878,1.64183711337529e-06,4.97967395478582e-05,-0.00144273448102883,-0.00150886569468334,-5.62420038745515e-05,-0.000500597945823245,-0.00162685645900762,-0.00383395483661264,-0.00266995949813076,3.06424381566472e-05,-0.00211429673124464,-3.71961968577139e-05,-0.000197356546610017,-0.00115438260223488,-0.000397764328607053,-0.00151108048058024,-0.000364688224816057,-1.9617094070945e-05,-0.00114127718853618,-0.000929210558808791,-0.00228104814291541,-0.00187047853871647,-5.45560193163652e-05,-6.20786664855544e-05,-5.91143098098712e-05,-0.00205094802597561,1.64183711337529e-06,-0.00414536184530157,-6.20786664855544e-05,-0.000194614250379033,-0.000163475604812113,-0.00242284417265282,-0.00108098791621458,5.03439495300739e-05,-0.000629894590471025,-0.0012968695746256,-0.000867104704853183,-6.35391161880605e-05,-4.33335279597102e-05,-0.00244138521384762,-0.000826454481024363,-0.000224356996014308,-0.00229131862769716,-0.00249533469488927,-1.47823827214566e-05,-0.000183763833068618,4.31313137543299e-05,-0.000700302988863477,-0.00159080413749813,-8.22155510808997e-05,-0.00336211763534422,-0.00563281412913597,2.19714727256459e-05,-0.00683691697832556,1.35470113891145e-05,-0.000528979097111026,2.19714727256459e-05,-0.000232516784626213,-0.00479620655908608,-8.42788168862185e-05,6.34638023102596e-05,-0.000918809006304144,-0.000165084160633988,-4.0293888174503e-05,-0.00210576706847121,-1.46268188485621e-05,0.000124942243099113,-0.000444959315057503,-0.000214501777659137,-0.00140558967587978,-7.93505995666521e-05,-0.00157673466128827,-0.000297143277520284,-2.11995390460018e-05,-0.00186612715765389,-3.56250954594017e-05,-0.00607425337164713,0.181805967427098,-0.00448048814032376,-1.31410769350637e-05,-8.36260695340485e-05,-9.04675453075043e-05,-0.00206393513590974,-0.000214501777659137,-4.33335279588221e-05,-0.000110468911980632,-0.00108581411442987,-0.000702732428964126,-8.36260695340485e-05,-0.00391541336918877,-0.000604350325466463,3.24207802044896e-05,-6.64175606308604e-05,-0.00162025391264464,-5.48212568709516e-05,-0.000254837345695869,-0.00171477976924006,-0.00463092772046103,-0.00222522261495239,-0.000524551117548011,0.000123062366497173,-0.00248029736205968,-1.42869950634505e-05,-0.00722347933385858,-0.000244751297892698,-0.00414536184530157,-0.00519459477977691,-0.000244238580664025,-0.000231128647153689,-0.00167868161339335,-0.00396854198563101,-0.000614593987529943,-4.82605889304821e-05,-0.00736446450775752,2.7130356853533e-05,-0.00205186340758168
"12:124700113:A:C",-0.00221343139750196,-6.01744242985092e-05,-5.99888460328657e-06,-0.00487541805092473,3.68820388585434e-05,1.12909518650284e-05,-0.00168109899793389,-5.99888460328657e-06,7.00370578572418e-05,-0.000447556939498384,-7.46342907227415e-05,-0.00121829699360987,-0.00218061874277886,1.40236360053336e-05,-0.000613812286803572,-0.0104941123409859,-1.46695842140332e-06,8.47667797554408e-06,-2.57320411769513e-05,7.00370578572418e-05,-1.92079150176383e-05,-1.73616043488423e-05,-0.000715165075352964,-0.00162636626403323,-0.00151957599475772,-1.07374141160577e-05,-5.99888460328657e-06,1.40236360053336e-05,-4.46593639846782e-06,-1.73616043488423e-05,-8.63007976548147e-06,-2.92600525897413e-05,-0.000101031303119115,-1.46695842140332e-06,-0.00140598526854241,-6.17203928197085e-05,-0.000713308774116683,-0.000528169201765571,-2.06354345699822e-05,-0.00114422798078273,-7.56593726780608e-05,-0.00216887175942393,-2.57320411769513e-05,-0.00271804874629922,2.53625803630086e-05,-0.000935687451344869,-0.00190903291718358,5.39625043147751e-05,1.40236360053336e-05,-0.000162037204874288,1.40236360053336e-05,-0.00591751493027992,-0.00109576729597727,-0.00231551651132511,-0.00274225793318461,3.56745942653447e-05,4.15361480143872e-05,3.92434759577398e-05,-0.00128619641388639,-1.4669584222915e-06,-1.46695842140332e-06,-0.00321552141604009,-5.41824299880034e-05,-0.00118531789777165,-4.46504128399638e-05,5.43707184075259e-06,-0.00148528659666525,-0.00202832905643113,3.92434759577398e-05,-0.000104201019032413,4.26575978931254e-05,3.03137315080804e-05,-0.00132691846893174,-0.00571759575487629,-3.54184280633163e-05,-1.23651909937905e-05,-0.00312704666252817,9.89423145814072e-06,5.72491232970762e-05,-3.54184280642045e-05,-0.000644602448384823,2.66275818319173e-05,5.29166852913932e-05,-0.00178462310881855,1.40236360053336e-05,-1.73616043488423e-05,-0.00021067748566006,-1.23651909937905e-05,-0.000217895626926534,-1.73616043488423e-05,-0.00393842359711183,-6.33712843187695e-05,-0.000184348041911697,-5.41824299880034e-05,5.70096779801688e-05,-0.00233821733383266,2.78741864354615e-05,-0.00265719201525449,-0.00243652866155308,-0.000122614708629953,-0.0058470167496667,2.53625803630086e-05,-0.00193980359818013,5.07779374192552e-05,-0.00172415685043159,-0.000127448023767407,1.53604416412989e-05,-0.00238074131987442,2.40787871002013e-05,-3.72100475827253e-05,-0.00448048814032376,0.145886318963584,8.47667797554408e-06,5.39625043147751e-05,5.89689947920746e-05,-2.7482640308385e-05,2.53625803630086e-05,3.03137315089685e-05,6.91388251228275e-05,-0.00346600516135354,-0.00438559431059549,-0.00153458110906435,-0.000233657460272596,-0.00096058406901367,-0.00164461049601439,4.48524419640606e-05,-0.00208761788526601,-0.00486852109009739,-1.73616043488423e-05,-0.00302382014815628,0.000248847937889707,-4.85434349917213e-05,-0.00034713657858898,-0.000528905065663388,2.91027783791975e-05,-0.00530302400519655,9.50934724741614e-06,1.26672778106851e-05,-1.46695842140332e-06,-0.00172163895642363,-0.000906645607407164,-0.00171282980863907,-4.46593639757964e-06,5.21961220778522e-05,-7.82630242452953e-05,-7.60340954464311e-06,-0.0101546030596396,-0.00154975518621736,-2.92600525897413e-05
"12:124701059:C:T",7.15449544053115e-07,1.35163238939029e-05,1.44049686667813e-06,-0.00136028167715185,-0.00165398887156787,-3.21620847199e-06,7.71391961684742e-06,1.44049686667813e-06,-2.3038723662161e-05,3.02296168577243e-05,-0.00354701623053355,-8.40356311444523e-05,-0.00249495128475541,-0.00144141984950341,-4.94980606084994e-05,-0.0021027734533865,-0.0041845756392771,-2.4940656082606e-06,6.21467394079644e-06,-2.3038723662161e-05,-0.00090138651709637,-0.000310970660914123,-0.000564229378570147,-0.00377028180823391,-0.000212789907328315,2.54625698659083e-06,1.44049686667813e-06,-0.00144141984950341,1.07676773186682e-06,-0.000310970660914123,-8.6738284127641e-05,-0.00214115668472736,2.05027860973317e-05,-0.0041845756392771,4.08183085287561e-06,-0.00276577038592851,-0.00353615889568193,-0.00338333891306242,5.11324833674109e-06,-0.0019939979349175,-0.00239085299578079,-2.4940656082606e-06,6.21467394079644e-06,-0.00201268359814488,-7.41690773242709e-06,2.08503728265086e-05,-0.000878526729305662,-1.70123699323455e-05,-3.92797764359187e-06,2.83285878515116e-05,-0.00565442650213743,-0.000121910385290747,-0.000905384911142448,-0.00151645744001438,-0.00196266352332497,-0.00168221571789484,-1.25886104234141e-05,-1.18990821107445e-05,-2.80836455557321e-05,-0.0041845756392771,-0.00384858833275281,-1.25886104234141e-05,1.24331999629135e-05,-0.000975637132137663,1.03628364582775e-05,-0.00228329205180522,2.50530785619318e-05,5.01044743472789e-07,-1.18990821107445e-05,-0.00165065423345201,-1.29291249972852e-05,-8.8125857438115e-06,-0.00267077738132038,-0.000344101826941667,8.53578565429558e-06,2.91973441335358e-06,1.46134750584892e-05,3.37893035107228e-05,-1.87055742149056e-05,-0.000298071888867213,-0.00273537310910221,-0.00171252822847201,-1.66758066191264e-05,-5.68695871727698e-07,-3.92797764359187e-06,-0.000310970660914123,-0.00688043258422066,2.91973441335358e-06,-0.00290665534421297,-0.000310970660914123,-5.05105099231073e-05,-1.91160174756178e-05,3.03860705770376e-05,1.24331999629135e-05,-0.00100311559525501,-0.000141396312169029,-0.0040157976440911,6.58619741944477e-06,9.69057912580951e-06,2.35892538897886e-05,-0.00193235227547905,-7.41690773242709e-06,-9.76036892996746e-06,-1.5993739387099e-05,-3.21620847199e-06,2.399986983459e-05,-4.28001780239384e-06,2.54625698659083e-06,-0.0029627248779267,8.89737239795352e-06,-1.31410769350637e-05,8.47667797554408e-06,0.129720752172003,-1.70123699323455e-05,2.45087060548599e-05,-0.00228238460439112,-7.41690773242709e-06,-8.81258574292332e-06,-2.27236364533923e-05,-0.000557513404548793,-8.34397182778446e-05,-1.70123699323455e-05,-0.000615073469028893,-0.000395837334583149,-0.00228238460439112,-1.36018004450733e-05,-2.85644279873765e-06,-3.73144670540171e-06,4.38989509099486e-06,-0.00181554386192495,-1.070774365175e-05,1.11069283414977e-05,-0.00895540444394882,2.3255441576886e-05,-0.000927468955696398,6.39257998269471e-06,-0.00182388390785793,-3.57338067225044e-06,3.56530902578811e-07,8.001037625327e-06,-0.00132761713592,-4.52470060130494e-05,1.07676773364318e-06,-0.00346080723268383,-3.58019975230661e-05,-0.00166053954386136,9.66343907737865e-06,-0.00266901069172132,6.95991327770429e-06
"12:124701207:G:A",4.11131189803626e-06,9.25922002572577e-05,8.31103193466021e-06,-0.00112634777162768,-0.001174424518811,-2.09964302131382e-05,4.91119481056401e-05,8.31103193466021e-06,-0.000134448045061575,0.000241538139848174,-8.89387215279314e-05,-0.00161897903421071,-8.77763097850703e-06,-2.48953956196729e-05,-0.00124543491169238,-0.00171144229955278,2.04477934051539e-06,-1.70123699323455e-05,3.97238177995973e-05,-0.000134448045061575,-0.000358179202407882,2.85419301508938e-05,-0.00025826042455801,-5.49755432039944e-05,-0.00214897000703829,1.47826790950489e-05,8.31103193466021e-06,-2.48953956196729e-05,6.1999446465677e-06,2.85419301508938e-05,-0.00320354131853406,4.43668448459889e-05,0.000149246572789252,2.04477934051539e-06,2.07191619772118e-05,-0.00144647758958971,-0.000119597090701973,-0.00433750111435405,3.29436296953034e-05,-0.00367533288083255,-0.000193073247385378,-0.00343615922160545,3.97238177995973e-05,7.88118944141658e-05,-4.68060681440008e-05,0.000152077391462946,-0.00102047365809455,-0.00081300705531806,-2.48953956196729e-05,0.000226363020668252,-2.48953956187847e-05,-0.00303560921607815,-0.000548846342350195,-0.000697208181963838,-0.00261344617704218,-0.00120108584372325,-7.67748250760647e-05,-7.33435193742693e-05,-0.000651875134184188,2.04477934051539e-06,2.04477934051539e-06,-7.67748250760647e-05,8.5099732803684e-05,-0.000594678809932248,6.8817078865635e-05,-0.00134766176121559,-0.00240955266265974,-0.00122137188578364,-0.000926733616074316,-0.00185500325322696,-0.00528574551760386,-5.40724595605724e-05,-0.00201495321954948,-0.00253880121555472,5.69098626526099e-05,-0.00305103615340041,0.00010032548553518,-1.90152092685025e-05,-0.00113883063255393,5.69098626526099e-05,-0.000113151901184771,-0.00121594156269911,0.0010230456934055,-9.73793496772402e-06,-2.48953956196729e-05,2.85419301508938e-05,-0.00125654963283939,-0.00146110532921817,-0.000177567340991835,2.85419301508938e-05,3.33281739806068e-05,2.37487749306098e-05,0.000249219876054418,8.5099732803684e-05,-0.000554281920125632,-0.00302024708265236,-5.04786366013477e-05,4.2032777231249e-05,-0.00201494473460961,0.000177278139131154,-0.0025614511201324,-4.68060681440008e-05,-0.0011548936513055,0.000737160435974715,-2.09964302131382e-05,0.000178955248163248,-2.68138113037608e-05,1.47826790950489e-05,-4.49394442805229e-05,5.92413570075223e-05,-8.36260695340485e-05,5.39625043147751e-05,-1.70123699323455e-05,0.10164159490593,-0.000109951007758013,4.2032777231249e-05,-0.0010083905687166,-5.40724595605724e-05,-0.000737647083846937,-0.000238863258509525,0.000556714602558905,-0.000102231968600819,0.000111031415436003,-0.00333186165260813,4.2032777231249e-05,-8.17825983769893e-05,-1.90152092685025e-05,-0.00145101119647162,2.85419301508938e-05,-0.00197339379973105,0.000338650019023667,-0.00262764206817145,-0.00236825986347755,0.000174341752138041,-5.22852327184964e-05,-0.000249098136143822,-0.00279763511146491,-2.29563792695231e-05,2.04477934051539e-06,-0.00288524625992803,-0.0019489977965268,-0.00327164770782407,6.1999446465677e-06,0.000332677716063934,-0.00164840217614337,-0.00117295535253259,-0.00293278160729393,3.51796316273578e-05,-0.00282937679958728
"12:124705782:A:G",4.43168471697675e-06,0.000102326357295901,8.96309531484007e-06,0.000149695454877197,-7.55592284304996e-05,-2.29172780956688e-05,5.36670488049396e-05,8.96309531484007e-06,-0.000143850123945022,0.000272375489693388,0.000152522794540033,-0.000434714190769903,-9.82340025057482e-06,-0.00165553467311863,4.00662238213556e-05,0.000252185786657755,2.20358354852124e-06,-1.86518379647893e-05,4.34236562938395e-05,-0.000143850123945022,0.000381569911477087,3.12543772285068e-05,-0.000300953731112052,7.38301009715059e-05,0.000551114779785422,1.59546882310124e-05,8.96309531484007e-06,-0.00165553467311863,6.6847150428373e-06,3.12543772285068e-05,4.66859737517922e-05,4.84866469001588e-05,0.000166546619607466,2.20358354852124e-06,2.19364646421027e-05,0.000553200337941817,0.000128335366385457,7.81316160747281e-06,3.60407295865173e-05,0.000304434662917963,9.46745617280698e-06,-1.86518379647893e-05,4.34236562938395e-05,8.6680974316522e-05,-5.08082384103048e-05,0.000169747776086915,0.000539807300056871,0.000470694795635218,-2.70879407393565e-05,0.000256167441623489,-2.70879407393565e-05,-7.86124670684174e-05,-0.000235411249187578,0.000514145128364341,9.82123121717748e-05,-7.3677725185739e-05,-8.28721002763544e-05,-7.92575598600465e-05,-0.00017213660014459,2.20358354852124e-06,-0.00201774107166308,-8.28721002763544e-05,9.40273836409489e-05,-0.000203635949300285,7.56731310165293e-05,-7.70685701922957e-06,0.000211198799011214,-5.74602970537796e-07,-7.92575598600465e-05,-0.000277118637445284,-8.46488338055451e-05,-5.85186512811475e-05,0.000153003746787839,6.93217569667226e-05,6.25966730982697e-05,1.83388708281385e-05,0.000110909933872527,5.11210351712421e-05,0.000143943783111666,6.25966730991578e-05,-0.000121732333576041,-5.27684603941481e-05,-0.000108282275211202,-1.12887952283813e-05,-2.70879407393565e-05,3.12543772285068e-05,0.000206806557220496,1.83388708281385e-05,-0.000188999300076986,3.12543772285068e-05,1.68248252965242e-05,2.56589727989365e-05,0.000282854370424523,9.40273836409489e-05,-0.000114843954651889,-7.14732171527288e-05,-5.47066925635775e-05,4.59407261192979e-05,0.000122911540261228,0.000198796094330156,0.000125889287597936,-5.08082384103048e-05,-6.78992602693995e-05,-0.000104886195607889,-2.29172780956688e-05,0.000200278978247148,-2.91387123239062e-05,1.59546882310124e-05,-4.88256502162443e-05,6.51539195457573e-05,-9.04675453075043e-05,5.89689947920746e-05,2.45087060548599e-05,-0.000109951007758013,0.00085775889389339,4.59407261192979e-05,-5.08082384103048e-05,-5.85186512802593e-05,-0.000142388256842985,0.000232720713048806,0.000295034339221623,-0.000109951007758013,0.000122823319725462,0.000469174606683609,4.59407261192979e-05,-8.81429283721147e-05,-2.07966060177256e-05,-2.99092885640562e-05,3.12543772285068e-05,0.000113836916614041,-0.000156055214043604,8.1113869833338e-05,-0.000650085606273443,0.000195445206794709,0.00124485178299327,4.1098943233564e-05,-2.8569861294514e-05,-2.50142580453527e-05,2.20358354852124e-06,5.20325938788702e-05,0.000134390219162839,-1.74376070294358e-06,6.6847150428373e-06,-0.00128080728355418,-0.000330594692647956,-6.59271209375589e-05,5.93517629559059e-05,3.84741295098578e-05,4.84866469001588e-05
"12:124706621:T:G",-0.00289649266561121,-0.00240124589117396,-4.50388659878342e-06,-0.00166351607907433,2.86244892837573e-05,-0.00244009466992168,-2.47164137068268e-05,-4.50388659878342e-06,-0.00133650169411847,-0.00334610845646743,-0.000715124832451508,0.000143478270364206,-0.0019320406036254,1.07837707066238e-05,-0.00192071649243619,-0.00565882763687675,-1.10312916312694e-06,6.58619741944477e-06,-0.0013202889749877,-0.00133650169411847,-0.000360176242624632,-1.31943672529999e-05,0.000107265789131006,-0.00082346947165135,-0.000973555005020721,-8.04829245826255e-06,-4.50388659878342e-06,1.07837707066238e-05,-3.35476674084845e-06,-1.31943672529999e-05,-0.00187713165955739,-2.2028634928617e-05,-7.52056887609598e-05,-1.10312916312694e-06,-1.41815244916188e-05,-0.000372770982732362,-0.000695535460350172,6.29573231059055e-06,-1.56317577175713e-05,-0.00336376703269625,-0.00302932836053937,-0.00212796342242161,-0.0013202889749877,-0.00150378431691056,-0.00198205933428142,-7.69702372993564e-05,-0.00713677164896787,4.2032777231249e-05,1.07837707066238e-05,-0.000119307976909511,-0.00192885382350561,-0.00242974460724099,8.60566640508154e-05,-0.00654848185767332,-0.00241210728235686,2.76970303429991e-05,3.22088654485242e-05,-0.00260673753299656,6.45221301400767e-05,-1.10312916401512e-06,-1.10312916312694e-06,-0.00318145480744736,-4.07961338462215e-05,7.54110404077579e-05,-3.35913772611107e-05,-0.00166475668830746,-0.00140928932546469,-2.54581253500419e-06,3.0441262921066e-05,-0.016907767913783,3.30748358070565e-05,2.33900828376932e-05,-7.01161595069166e-05,-0.000987295443674263,-2.6790843560498e-05,-0.00559595286198444,-4.97472904168461e-05,-0.00225230303962931,4.47984881342123e-05,-2.67908435613862e-05,4.39478761657952e-05,2.05695227419866e-05,4.12189363405702e-05,-0.00192424218303611,1.07837707066238e-05,-1.31943672529999e-05,-0.00185748102791905,-9.26322777683453e-06,-0.00189268753874394,-1.31943672529999e-05,-3.75358064719222e-05,-1.30133892843887e-05,-0.00388129669978987,-4.07961338462215e-05,4.44089487219301e-05,-0.00189972874355249,2.15224172119832e-05,-2.07131541580807e-05,-0.000998543218288628,-0.000736850574623915,-5.78179827241954e-05,1.96035795143601e-05,2.48351591700668e-05,3.95572367191122e-05,8.71363932031244e-06,-0.00312218147535059,1.17980485025981e-05,-8.04829245826255e-06,1.8624323292471e-05,-2.81134743254086e-05,-0.00206393513590974,-2.7482640308385e-05,-0.00228238460439112,4.2032777231249e-05,4.59407261192979e-05,0.144078822945657,1.96035795143601e-05,2.33900828394695e-05,5.41128054303286e-05,-0.00176483527055282,-0.000484943113857383,4.2032777231249e-05,-5.6156190569645e-05,5.27007461119666e-05,-2.07131541580807e-05,-0.00043178797781529,7.65722661366652e-06,9.16463936384559e-06,-1.31943672529999e-05,-0.00132176942682793,0.000199461140828916,-3.64482511185926e-05,-0.00195898513621895,-8.90089059151222e-05,2.24625203202322e-05,-2.10226560666271e-05,-0.000400499257755094,-0.00915033435144075,-1.10312916312694e-06,-0.00256908256958166,-5.99718420764006e-05,-0.00188841710893772,-3.35476673907209e-06,-0.000672047767761086,-0.00144135484822439,-9.61664659584471e-05,-0.00112565195342107,-1.68757574883216e-05,-2.2028634928617e-05
"12:124706802:T:C",2.01919550146812e-06,4.22461828621934e-05,4.07925330581094e-06,0.000113762339329249,-3.15905477474843e-05,-9.39372846175957e-06,2.30235870510853e-05,4.07925330581094e-06,-6.20356787965903e-05,-0.00179696099652471,-3.99348015234224e-05,0.000166138992031328,-3.33838332267078e-06,-1.13305771956007e-05,-0.00145904116968776,0.000103635155845438,1.00456487217571e-06,-0.00150659868976,1.8486480030333e-05,-6.20356787965903e-05,-0.000184653804903512,1.30653618430898e-05,-0.000357419416871174,-2.40412845640137e-05,-0.000792637444080313,7.24865562684585e-06,4.07925330581094e-06,-1.13305771956007e-05,3.04404098727673e-06,1.30653618430898e-05,-0.00291311020466267,-0.00256125707797761,6.74856249229805e-05,1.00456487217571e-06,-0.000154095566562873,-0.0005578128940531,-5.42123985702858e-05,-9.93544352922981e-05,1.52015690160212e-05,-0.00176698833510169,-0.00157790961962423,-7.41690773242709e-06,1.8486480030333e-05,3.64437785833616e-05,-2.11877264923999e-05,6.87964187937595e-05,-0.00141715280493315,0.000320364199684953,-1.13305771956007e-05,0.000101071688061616,-1.13305771947125e-05,-0.00015523010777585,-0.000103617226768549,-0.00187883985022008,-0.00236896402850917,-3.06824729410238e-05,-3.51275126790895e-05,-0.00113739304564753,-0.00190958514740203,1.00456487217571e-06,1.00456487217571e-06,-3.51275126790895e-05,3.86929290598914e-05,-8.89397900829536e-05,-0.00230603582369859,-0.000212914904414774,-0.00221992529210624,9.15442512905429e-07,-3.33777968668514e-05,-0.000828500581193659,-3.59886593708225e-05,-2.48443839119261e-05,6.27069054388585e-05,-0.000121629115813704,2.59641338899996e-05,8.3269150197296e-06,4.59046588829892e-05,-8.41039028998125e-06,-0.00129861608867454,2.59641338899996e-05,-0.00134327526837286,-0.00347165155939066,-0.00108285610814729,-2.6559306531837e-06,-1.13305771956007e-05,1.30653618430898e-05,-0.000190687004804957,8.3269150197296e-06,-0.00124960312337574,1.30653618430898e-05,1.73568565520199e-05,1.16294134420158e-05,0.000111292226256055,3.86929290598914e-05,-4.92327999905839e-05,-0.00237083115892567,-0.00446417444395042,1.96035795143601e-05,-0.000251312084492028,7.98255362646216e-05,-0.00233086880362343,-2.11877264923999e-05,-2.7898569321394e-05,-0.00118917733522927,-9.39372846175957e-06,8.11777401761304e-05,-1.22843831880104e-05,7.24865562684585e-06,-0.0034095396701872,2.70831327391363e-05,-0.000214501777659137,2.53625803630086e-05,-7.41690773242709e-06,-0.0010083905687166,-5.08082384103048e-05,1.96035795143601e-05,0.0728153626143149,-2.48443839110379e-05,-6.12915094553301e-05,-0.00116884036968568,-0.000164148503056794,-4.68060681440008e-05,-0.00231025677752061,-0.00376845097901679,1.96035795143601e-05,-3.76842321339055e-05,-8.41039028998125e-06,-1.13435786506244e-05,1.30653618430898e-05,4.71483146062823e-05,-0.00194248979707456,-0.00237562315061002,0.000160027497869031,7.84794620107832e-05,-2.39442834226722e-05,1.85552242362164e-05,-0.00154622068652532,-1.03670743758499e-05,1.00456487217571e-06,-0.000116291667843882,5.49579004740508e-05,-2.94130166098583e-05,3.04404098816491e-06,0.000146490872867666,8.85429274015692e-05,-0.00139042800313671,-0.000109781248298191,-0.00246171027742648,-0.00256125707797761
"12:124707400:A:C",-0.000575282263764798,5.12560000736073e-05,4.78936667658303e-06,0.000334404421933776,-3.68389953866455e-05,-1.110521117198e-05,2.74962972426351e-05,4.78936667658303e-06,-7.10600333526656e-05,0.000138644626419548,-4.64030639690804e-05,-0.000213718962300824,-4.06803792074584e-06,-1.33470886165554e-05,-3.30263066841141e-05,-0.000119890862706917,-0.00203341209559582,-8.81258574292332e-06,2.20522446729987e-05,-7.10600333526656e-05,-0.000307373512643316,1.55833532957672e-05,-0.000148932905793764,-2.82768824160229e-05,-0.000194479373487155,8.52470748746725e-06,4.78936667658303e-06,-1.33470886165554e-05,3.57200775713551e-06,1.55833532957672e-05,-3.94817483586607e-05,2.47431945741283e-05,8.32735938036677e-05,-0.00203341209559582,0.000129125110441386,-0.000257427958787915,-6.24551989067967e-05,-1.54449481257757e-05,1.81278282092023e-05,0.000156443861476063,-4.04210554396656e-05,-8.81258574292332e-06,2.20522446729987e-05,4.39543501196127e-05,-2.48443839110379e-05,8.4949685196456e-05,-0.00063877506123422,-5.40724595605724e-05,-1.33470886165554e-05,0.000127797668965535,-1.33470886156672e-05,-0.000108278600935208,-0.000116258051947149,-0.00012683212068243,-0.00115067195892138,-3.58122317001275e-05,-4.08301794738719e-05,-3.88573647702728e-05,-8.48966607458479e-05,1.17754508988099e-06,1.17754508988099e-06,-4.08301794738719e-05,4.68814428824516e-05,-0.000100509303057272,3.81303109788789e-05,-7.26912158555137e-05,0.000106646206980976,9.01497225314074e-07,-3.88573647702728e-05,0.000162122044892854,0.00135585201836363,0.00181307517290197,7.70170405894888e-05,2.70986620973801e-05,3.12104189488238e-05,9.79837140135942e-06,5.57799783411639e-05,-9.9653490570617e-06,-5.96675421489223e-05,3.1210418949712e-05,0.000342414293110771,-2.59054052644814e-05,-5.31524669682426e-05,-3.46329437039827e-06,-1.33470886165554e-05,1.55833532957672e-05,7.77742690907246e-05,9.79837140135942e-06,0.00056375230721617,1.55833532957672e-05,2.03186426039892e-05,1.37085116485025e-05,0.000141663625798039,4.68814428824516e-05,-5.67702356804034e-05,-0.000189881863133401,-2.69545694324691e-05,2.33900828394695e-05,-0.000145435628717827,9.93516601095479e-05,6.36733957826152e-05,-2.48443839110379e-05,-3.26591313086766e-05,-5.12802927126188e-05,-1.110521117198e-05,0.000100931717562425,0.00182032951166899,8.52470748746725e-06,-2.37713032049669e-05,3.25637992384387e-05,-4.33335279588221e-05,3.03137315089685e-05,-8.81258574292332e-06,-5.40724595605724e-05,-5.85186512802593e-05,2.33900828394695e-05,-2.48443839110379e-05,-0.00188616742300152,-7.02438679764938e-05,0.000765579248044546,0.000151447302391361,-5.40724595605724e-05,6.20579252856857e-05,0.000236090449133641,-0.000450634350917412,0.00180576091968376,-9.9653490570617e-06,-1.35351498782299e-05,1.55833532957672e-05,5.7322506823887e-05,0.000196497989684019,4.1009035243178e-05,0.000122124437787363,9.76020113272469e-05,-2.79920740915429e-05,2.19542122392724e-05,-2.18743990814119e-05,-1.22323874816033e-05,1.17754508988099e-06,2.77918513598152e-05,6.72417956355531e-05,-3.45690000909116e-05,0.000179033955395091,0.000191929056462925,0.000110572639032469,-3.15831066517447e-05,-0.000106661827596888,1.94213660176246e-05,2.47431945741283e-05
"12:124708608:C:T",5.13420921599561e-06,0.000120680801811268,1.03814632561594e-05,-0.00456534712470713,-0.00108981500494121,-2.76697720478225e-05,-0.00326473573580532,1.03814632561594e-05,-0.000174233424593773,-4.92368460216497e-05,-0.000116917873055122,0.00170172494483367,-0.00121064435882978,-3.25080193217531e-05,-0.00101317308686344,-0.00219278147110824,2.55320306141726e-06,-2.27236364533923e-05,5.12071994922536e-05,-0.000174233424593773,-0.00334169653658378,3.71477935345865e-05,-0.000369048697690388,-7.32741223208322e-05,-0.00244838520753277,1.84725882208525e-05,1.03814632561594e-05,-3.25080193217531e-05,7.7434740806126e-06,3.71477935345865e-05,6.58004790299316e-06,-0.00153615553560105,0.000195440987218021,2.55320306141726e-06,-0.00353834120664764,-0.00208983215032887,-0.000156419162862242,1.62338691938047e-05,4.26798630606129e-05,-0.00289622560847214,-0.00721305609048351,-2.27236364533923e-05,5.12071994922536e-05,-0.00157804353182733,-6.12915094553301e-05,-0.00214371057056084,-0.00116667139636739,-0.00163061303090917,-3.25080193217531e-05,0.000298391498327,-3.25080193217531e-05,-0.000147386047606446,-0.000287403806448872,-0.00182967512640708,0.000115170573813828,-0.00111602580861891,-9.99549847460202e-05,-0.000843008721160388,-0.00109606285645913,2.55320306141726e-06,2.55320306141726e-06,-9.99549847460202e-05,0.000111149437748814,-0.000544565392912588,8.92620305092962e-05,-0.00405036803149006,-0.00358272834201845,-0.00353705203975618,-0.000843008721160388,-0.00116059190441131,-0.000102017693598633,-7.0243867977382e-05,0.000179376528776309,-0.00111247971065165,7.41986006396189e-05,2.1230340112588e-05,-0.00194529887659645,-2.52104141740261e-05,-0.00220145474339972,7.41986006396189e-05,-0.000148679368534133,-6.35668792678956e-05,-0.000810867999096132,-0.00246264200764301,-3.25080193217531e-05,3.71477935345865e-05,-0.00128771482346268,-0.00135064526281425,-0.000231330669265617,3.71477935345865e-05,-0.00257379239399569,2.96930062297918e-05,0.000328336597447354,0.000111149437748814,-0.000138711028865757,-0.00135458226999496,-6.58171215501824e-05,-0.00159134248270387,-0.00151865870310086,0.000232651754647151,0.000147688566940474,-6.12915094553301e-05,-0.00377819547383851,-0.000914655101189155,-2.76697720478225e-05,0.000233770563801805,-3.48877800577796e-05,-0.00136720878493257,-5.89905894887721e-05,7.71462687083613e-05,-0.000110468911980632,6.91388251228275e-05,-2.27236364533923e-05,-0.000737647083846937,-0.000142388256842985,5.41128054303286e-05,-6.12915094553301e-05,-7.02438679764938e-05,0.101877211438195,-0.000310408822546293,0.001400374425371,-0.000737647083846937,0.000144178927499183,-0.000782021750613815,-0.00159134248270387,-0.000106075054217669,-2.52104141740261e-05,-0.0033441071327589,3.71477935345865e-05,0.000133884232316639,0.000447625677995056,9.55225519820857e-05,-0.00325489153349956,0.000228851150020581,-6.8042649665756e-05,-0.00305946846377747,-0.00347157949755772,-3.01021602888696e-05,2.55320306141726e-06,6.01277543506029e-05,0.000158116208527126,-0.00121023928182584,7.74347408150078e-06,0.000441392388712991,0.000254629208852997,-8.02977149749751e-05,6.73536744448811e-05,-0.00198600272301519,5.70508711286166e-05
"12:124709263:G:A",-0.00194820556795605,0.000199177178023646,1.54543942318952e-05,-0.00144400874349682,-0.00277532507340172,-0.000587605915598921,-0.00238084607986977,-0.00166758259226807,-0.00501205883519962,-4.5290248649188e-05,-0.00238935285089603,-0.00163631930414532,-0.00383263967372294,-0.00105697906479385,-0.00338192661191528,-0.00501032681547287,-0.00141809298536621,-0.000197461392615672,8.37680737530988e-05,-0.00501205883519962,-0.00034591408135487,0.00205388993281996,-0.000893294695081259,-0.000840293303343564,-0.000146754224148893,-9.88976766311822e-05,1.54543942318952e-05,-0.00105697906479385,1.15285504005413e-05,0.00205388993281996,-0.0059886792653554,-0.00133413917318226,0.000318242106366107,-0.00141809298536621,-0.000861761187310961,-0.00172142396141783,-0.00114229366473051,-0.00777426984295992,7.10598827984299e-05,-0.00231467028978294,-0.00291289079677481,-4.2413167648192e-05,8.37680737530988e-05,-0.000882041949813228,-0.00252442209101211,-0.00133831432302234,-0.00166999807927803,-0.00203055273984365,-5.68958166082822e-05,0.000475549968014022,-0.0029366353538629,-0.00442295439599771,-0.00479624247266219,-0.00412337898637771,-0.0038119985827878,-0.00281167326536913,-0.00426886087661948,0.000133114573374726,-0.000379270172436108,-0.00141809298536621,-0.0034091740142479,-0.000177568910041614,0.000185045605658907,-0.00117475136711054,-0.00300360368152752,-0.000259519801335983,-0.00179281405010823,1.43675141375255e-05,-0.000171524554198221,-0.0039203918587063,-0.00156752466716448,0.000765579248044546,3.97978963544432e-05,-0.000524791676630443,0.000124498628718328,3.15907925871883e-05,0.000213751955209673,-0.000532625435808676,-0.00066182435843487,0.00212520771371416,0.000406770217024288,-0.00137805024288706,-0.000236146963023209,-0.000499531948708665,-5.68958166082822e-05,0.00205388993281996,-0.00119252720357244,3.15907925871883e-05,0.000418394907485187,0.00205388993281996,-1.60562463262792e-05,-0.001508527679845,-0.00119352735723055,0.000185045605658907,-0.000789731623229706,-0.00169889838018511,-0.000116052594459681,8.80954006277079e-05,-0.0029650218575954,-0.00324808548564626,-0.000441176340846283,-0.000109422575581775,-1.23329468193489e-05,-0.0035681700710759,-0.00132409622444474,-0.00404903412125801,0.000397342042373516,2.74903351877853e-05,-0.00337988289487257,0.000128889440284219,-0.00108581411442987,-0.00346600516135354,-0.000557513404548793,-0.000238863258509525,0.000232720713048806,-0.00176483527055282,-0.00116884036968568,0.000765579248044546,-0.000310408822546293,0.187048314933085,-0.00363883269482201,0.00018775993684006,-0.000740289672164884,-0.00241141979706594,-0.00399157886959145,0.000719609513234687,-0.000217447838805285,-0.000248749822423733,6.28089039382829e-05,-0.00430117553265319,-0.000214677887681702,-0.00213392229886278,-0.00133944158406285,-0.000866814118404946,-0.00059944148500346,-0.000217403687103435,-0.00191314660939845,-0.00124656800351541,3.80200595451186e-06,0.00017203443233349,-0.0013967957741734,-0.000247051687039423,-0.00815597257763923,7.2785239278339e-05,-0.000365284620865047,-0.000925521550406039,-0.0046332680282255,-0.0021639502961559,-0.00237105209890931
"12:124715313:T:C",-0.00673524719651919,-0.00359677140031334,-0.00340075994670297,-0.00575352878053703,-0.00756553739278054,-0.00299372911897855,-0.0022923852793868,-0.000481740741159697,0.000243088558813831,-0.00315601364604357,-0.00323541270191052,-0.00249851641548204,-0.00254908849492708,-0.00521073806986827,-0.0109371535340594,-0.00435118723817984,-0.00345225748767408,-0.000405208535553037,5.97257342143109e-05,0.000243088558813831,-0.00620622497495393,-2.75421167783563e-05,-0.00270724903421948,-0.00289993243525988,-0.00453791130217951,-5.64900247908007e-05,-0.00340075994670297,-0.00521073806986827,-0.00951542754114421,-2.75421167783563e-05,-0.00261938156392327,-0.00372329445812536,-0.000575615846525324,-0.00345225748767408,-0.00106376516654949,-0.00253120627977133,-0.00332943458135748,-0.0138447538796962,-0.000230138071025898,-0.0150588050235614,-0.00974079992184373,-0.000405208535553037,5.97257342143109e-05,-0.00290577347902676,-0.00467643010626961,-0.00228726511887345,-0.00979402428844622,-0.00444490747233761,-0.00175976241097775,-0.00315810372788317,2.00090854907131e-06,-0.00906915234258587,-0.00192828187914884,-0.00559461144407969,-0.00446498140071094,-0.00204641334597389,-0.00125165712939879,-0.000334009891640008,-0.000800060355927279,-1.28182878356142e-06,-0.00419722454640858,-0.000622370280126461,0.000555526935849926,-0.00361824377367936,-0.00553454006138665,-0.01268178552905,-0.00170964760122283,-0.000123488384194292,-0.000558181173013317,-0.00423297729633632,-0.00517151593800058,0.00045307431414976,-0.00185844590990714,-0.00815900974610573,0.000266835527132692,-0.00138538297252877,-0.00179881976707774,-0.000136514914872876,-0.00237650462447636,0.000266835527132692,-0.00423106320474576,-0.000307327385751677,-0.00207184050836906,-0.00269909323976547,-0.00597408628339391,-2.75421167783563e-05,-0.00899589712549442,-0.000353664254816533,-0.00552837385802585,-2.75421167783563e-05,-0.00194471772783356,-0.00185373071300399,-0.00264894336284183,0.000840159339507096,-0.000696644961622361,-0.00204147386160924,-0.000301407434775136,-0.00272474616960494,-0.0093193428365792,-0.00123071583861023,-0.00200491564696392,-0.00208550290319032,0.000158136549102572,0.000101641450118706,-0.0116834965357882,-0.00148675660259379,0.000444609589663969,-0.000878972171765025,-0.000519456313423206,-0.00544755160461996,-0.000702732428964126,-0.00438559431059549,-8.34397182778446e-05,0.000556714602558905,0.000295034339221623,-0.000484943113857383,-0.000164148503056794,0.000151447302391361,0.001400374425371,-0.00363883269482201,0.430035766030742,-0.000155841937433898,0.000489622754259678,-0.00758626158740983,-0.000396594439202591,0.000438252284382656,-0.00226097894744992,-0.00256433439216641,-2.75421167783563e-05,-0.0037226215939441,-0.000980841489161222,-0.00207139334337425,-0.00168339859982503,-0.00163596274733546,-0.00301838874560811,-0.0051167422273739,-0.00432818721127903,-0.000504163570515637,-0.00419722454640858,-0.00130029723650438,-0.00176726696698459,-0.00037853436337798,-0.00816543108682488,-0.00280885419480459,-0.00950949339297846,-0.000408298623208569,-0.0103473658885149,-0.00464005591047822,-0.00247996666012007
"12:124715803:G:A",4.11131189803626e-06,-0.00214271761409002,8.31103193466021e-06,-0.00203746741163791,-0.00356303015195714,-0.00119605325234406,4.91119481056401e-05,8.31103193466021e-06,-0.000134448045061575,0.000241538139848174,-8.89387215279314e-05,-0.00161897903421071,-0.00184415101371016,-2.48953956196729e-05,-0.000361799677178531,-0.000693748476471079,2.04477934051539e-06,-1.70123699323455e-05,3.97238177995973e-05,-0.000134448045061575,-0.00100052197233236,2.85419301508938e-05,-0.00025826042455801,-5.49755432039944e-05,-0.00332503243895665,1.47826790950489e-05,8.31103193466021e-06,-2.48953956196729e-05,6.1999446465677e-06,2.85419301508938e-05,-0.00320354131853406,-0.00165503106894604,0.000149246572789252,2.04477934051539e-06,-0.0011391835161767,-0.00125228886929918,-0.000119597090701973,-0.00039239730762386,3.29436296953034e-05,-0.0122491909321765,-0.000193073247385378,-1.70123699323455e-05,3.97238177995973e-05,-0.00359031044336788,7.464684972458e-05,0.000152077391462946,-0.00171223098152407,-0.000102231968600819,-2.48953956196729e-05,-0.00288454064690047,-2.48953956187847e-05,-0.00770784236622113,-0.000222782120481213,-0.00287879902897714,-0.00261344617704218,-0.00349970870446192,-7.67748250760647e-05,-7.33435193742693e-05,-0.000161492210865255,2.04477934051539e-06,2.04477934051539e-06,-7.67748250760647e-05,8.5099732803684e-05,-0.000191879489388036,-0.00201899770801806,-0.000407425312646481,-0.0038428087576321,-1.67232791170591e-07,-0.0020895678427495,-0.00575001937287745,-7.84623373810689e-05,-5.40724595605724e-05,-0.00234071119312329,-0.00430438255793142,5.69098626526099e-05,1.69872822652906e-05,-0.00602727947056536,-1.90152092685025e-05,-0.00358533747853951,5.69098626526099e-05,-0.000439676767783226,-4.86523558240748e-05,-0.000100635911591596,-9.73793496772402e-06,-2.48953956196729e-05,2.85419301508938e-05,-0.00529156659741759,-0.00329512289333422,-0.000542690967574977,2.85419301508938e-05,3.33281739806068e-05,-0.00142951296943927,-0.0018797326075557,8.5099732803684e-05,-0.000106914491039056,7.69957090085427e-06,-5.04786366013477e-05,-0.00431714764633284,-0.000978234465945693,-0.0017541844645983,0.000113781480400199,-4.68060681440008e-05,-6.25761291166427e-05,-9.73891696025575e-05,-2.09964302131382e-05,-0.00236248436076369,-2.68138113037608e-05,-0.00293385426924431,-4.49394442805229e-05,5.92413570075223e-05,-8.36260695340485e-05,-0.00153458110906435,-1.70123699323455e-05,-0.000102231968600819,-0.000109951007758013,4.2032777231249e-05,-4.68060681440008e-05,-5.40724595605724e-05,-0.000737647083846937,0.00018775993684006,-0.000155841937433898,0.134512412276998,0.000111031415436003,-0.00223631026628279,4.2032777231249e-05,-8.17825983769893e-05,-1.90152092685025e-05,-2.71666263671477e-05,2.85419301508938e-05,0.000102958758144034,0.000338650019023667,-0.001819917290665,0.000332708140116544,0.000174341752138041,-5.22852327184964e-05,3.79744512777336e-05,-0.00451745848228313,-2.29563792695231e-05,2.04477934051539e-06,4.80184421167706e-05,0.000121016394741602,-6.84812964548698e-05,6.1999446465677e-06,0.000332677716063934,-0.0004301736416501,-0.00117295535253259,-0.00200879119231256,3.51796316273578e-05,-0.00165503106894604
"12:124716503:A:G",-6.36029873213317e-06,-0.000119227800616351,-1.28918464410432e-05,-0.00656312098844936,-2.21245403917436e-05,2.22539797540833e-05,-0.00146470154446909,-1.28918464410432e-05,0.000146352603714206,-8.53575689818697e-05,-0.00212910792224008,-0.00233604996495007,-0.00375832089213546,2.82487500067319e-05,-0.000269684126204872,-0.000388049936494106,-3.15916144622008e-06,1.60971287597178e-05,-5.24891354531931e-05,0.000146352603714206,-0.0033023932810492,-3.48806841241611e-05,-0.00140991839121529,-0.0022841736557373,0.000197628092062807,-2.30254856443679e-05,-1.28918464410432e-05,2.82487500067319e-05,-9.60424280016525e-06,-3.48806841241611e-05,-0.00101749668022855,-5.9874015004624e-05,-0.00019661668243387,-3.15916144622008e-06,-0.00106524639208239,-0.00146262963385091,-0.00456915023210147,-0.000585898539182672,-4.1782537837598e-05,-0.000633624528860288,-0.00300196635081296,-5.69943419179708e-05,-5.24891354531931e-05,-0.00136080573400221,5.09542224014226e-05,-0.000782775805923563,-6.05051328190775e-05,0.000111031415436003,2.82487500067319e-05,-0.00030799595425357,2.82487500076201e-05,-0.00354155067661743,-0.00126737387567655,-0.000728660673132708,-0.00105990981657467,-1.3566765638906e-05,8.49837797796127e-05,-0.00433167982917571,-0.00288297334979326,-3.15916144622008e-06,-3.15916144622008e-06,-0.000391791330155655,-0.000107073727031448,0.000202771677972002,-8.96136192256591e-05,-0.00520937716395053,-0.000264790641086421,-0.00178360163557745,7.97318408327641e-05,-3.25968414860434e-05,-0.00153981051314211,6.20579252847975e-05,-1.46041647930417e-06,-0.00149237237904654,-7.05674693435299e-05,-2.64967180516607e-05,-0.000131892264544575,-7.02829255629922e-05,-0.00185873524438662,-7.05674693435299e-05,-0.00183491758698207,-7.28048337279574e-05,0.00010857753961524,-0.00506635266088296,2.82487500067319e-05,-3.48806841241611e-05,-0.00190873178222617,-2.64967180516607e-05,-0.00192839202234829,-3.48806841241611e-05,-0.00305879486122507,-0.00101543648995861,-0.00034959599739004,-0.000107073727031448,-0.00150144045413114,-0.00831051674652716,-0.00173844033978643,-5.6156190569645e-05,-0.00356805390783554,-0.0013443110210245,-0.00317317755942348,5.09542224014226e-05,6.30935099303898e-05,0.000103569117394287,2.22539797540833e-05,-0.00024788407154297,3.1187318391801e-05,-2.30254856443679e-05,-0.00299065930386355,-7.42744678765561e-05,-0.00391541336918877,-0.000233657460272596,-0.000615073469028893,0.000111031415436003,0.000122823319725462,-5.6156190569645e-05,-0.00231025677752061,6.20579252856857e-05,0.000144178927499183,-0.000740289672164884,0.000489622754259678,0.000111031415436003,0.141272617232931,-0.00140736131233865,-0.00298117287324828,9.26054326066961e-05,1.91962173730076e-05,2.04076236025585e-05,-3.48806841241611e-05,-0.00250969896867037,0.000365959650240555,-9.76046535772213e-05,-0.00358909808312324,-0.000389777660511292,5.93366892474023e-05,-6.00362986036274e-05,-0.0024336171049324,2.52712271739952e-05,-3.15916144622008e-06,-0.00150958948840341,-0.000733303293279697,-0.00499932951864679,-9.60424279927707e-06,-0.00162960641428533,-0.00589529396176935,-2.30724476262267e-05,-0.00322132616240278,-4.53032875054049e-05,-5.9874015004624e-05
"12:124718558:A:G",-0.00306179729405542,-0.00138485318964676,-0.00379162496076901,-0.00071186676604551,-0.00875679036452048,-0.00063693099426132,-0.00504289022435689,-9.24058930014127e-05,-0.000412154174107116,0.000254030283572959,-0.00644696786915588,-0.000988122891813603,-0.000233172843917551,-0.0010765773044108,-0.0031342264011136,-0.00611280271028924,4.52360112035421e-06,-0.00026838978011412,-0.000952496305278494,-0.000412154174107116,-0.00544652164296577,0.000149717773668456,-0.00360365916737404,-0.00531982789448193,-0.00104068342114871,-0.00338852201705109,-0.00379162496076901,-0.0010765773044108,1.37198826157814e-05,0.000149717773668456,8.11648344232196e-05,-0.00281846949955877,0.000754343712421779,4.52360112035421e-06,-0.00151265772804177,-0.00411520201880089,-0.0038493309332619,-0.00426661869551381,0.000160647889717147,-0.00902343860829324,-0.00215801112055081,-5.02487245892524e-05,-0.000952496305278494,-0.000692612954808602,-0.00127647236801653,-0.000924094176058432,-0.00942424413283849,-0.00744811482163588,-0.000144504332279638,0.00114876088990101,-0.00014450433227875,-0.00847493787580111,0.000357890720350085,-0.00989612363789316,-0.000162059798475944,-0.00298345802832234,-2.29523041461732e-06,-0.00306586499107908,-0.000479714815480037,4.52360112035421e-06,-0.00334258497929962,-2.29523041461732e-06,0.00044298136867571,-0.00461136981076304,-0.0044150601285553,-0.000999367165017251,-0.00979206295481561,1.13611928203028e-05,-0.00132197942650869,-0.00789546045721012,-0.001680349722184,-0.000300107211657519,-0.00859366302079589,-0.00323274911962823,0.000297394288924835,-0.00322374190525831,0.000487257404786945,6.11784766793022e-05,-0.00916519882537337,-0.000347919661854768,-0.00307260059524594,-0.00609159392750769,-0.00613704193450548,-0.00108134535394377,-0.0010765773044108,0.000149717773668456,-0.0052530563413411,-0.000127927807159089,-0.00354287027551781,0.000149717773668456,-0.000342552064888757,-0.00135561027079323,-0.00236551531314433,0.00044298136867571,-0.00321763780173079,-0.00676790206008482,-0.00102247113580933,0.000183257923293212,-0.00206071249056849,-0.000643806439560635,0.000202709323089856,-0.00127647236801653,-0.00020820308833791,7.3626316060782e-05,-0.00134222472701051,-3.36045174060828e-05,-0.000148126940256788,3.2731869870517e-05,-1.07322067588456e-05,0.000303711640643911,-0.000604350325466463,-0.00096058406901367,-0.000395837334583149,-0.00333186165260813,0.000469174606683609,5.27007461119666e-05,-0.00376845097901679,0.000236090449133641,-0.000782021750613815,-0.00241141979706594,-0.00758626158740983,-0.00223631026628279,-0.00140736131233865,0.306298609393226,-0.00194858974283729,-0.000456011650310728,-0.00220250144777001,-0.0020474411214817,0.000149717773668456,-0.00511504107424177,-0.00153729851674811,-0.00175248331803424,-0.00289383105536478,-0.000374773971197229,-0.00166041869877809,-0.000732769019077928,-0.00506503974045369,-0.000140843628686049,4.52360112035421e-06,-0.000559239017128732,-0.00296793700563924,-0.00178451979617389,-0.00483413724875437,0.000954970669014621,-0.00426087605974068,-0.000110691665692109,-0.00187194966680515,0.000166205099682237,-0.00130172084211111
"12:124722150:C:A",-0.00289649266561121,-4.51771362808273e-05,-4.50388659878342e-06,-0.00370081403764821,-0.00476211785632685,8.71363932031244e-06,-2.47164137068268e-05,-0.00189711711650631,-0.00376455745732152,-0.00872494312325944,3.51933084221656e-05,0.000143478270364206,-0.0019320406036254,1.07837707066238e-05,-0.000849766902420335,-0.000225732109546684,-0.00435214690903063,6.58619741944477e-06,-1.94160957667222e-05,-0.00376455745732152,-0.00175985527656675,-1.31943672529999e-05,-0.00483936875673407,2.08231631528832e-05,0.000131652480378719,-8.04829245826255e-06,-4.50388659878342e-06,1.07837707066238e-05,-3.35476674084845e-06,-1.31943672529999e-05,-0.00828437946827609,-2.2028634928617e-05,-7.52056887609598e-05,-0.00435214690903063,-0.00202039697434397,-0.000133156991218186,4.72772737127869e-05,-0.00186010172116102,-0.00142077475620361,-0.00544035086986305,-0.000124725861883057,6.58619741944477e-06,-1.94160957667222e-05,-0.00334400747412733,1.96035795143601e-05,-7.69702372993564e-05,1.10609120396177e-05,-0.00170956347446971,1.07837707066238e-05,-0.000119307976909511,1.07837707066238e-05,-0.00567261421499943,-0.00353081289106782,-0.000987102803039264,-0.00621319745874249,-0.00480338753813925,3.22088654485242e-05,-0.00260673753299656,6.45221301400767e-05,-1.10312916401512e-06,-1.10312916312694e-06,3.22088654485242e-05,0.000220659891642327,-0.00322921941137899,-3.35913772611107e-05,-0.000148490885819363,-0.00016134915761512,-2.54581253500419e-06,3.0441262921066e-05,-0.00419361273644103,-0.00146203006678292,-0.0004506343509183,-7.01161595069166e-05,-0.00348119854060869,-2.6790843560498e-05,-0.00179191050220329,-4.97472904168461e-05,-0.00225230303962931,-0.00202312498426238,-2.67908435613862e-05,-0.00204053563891193,2.05695227419866e-05,4.12189363405702e-05,-0.00416827156570765,1.07837707066238e-05,-1.31943672529999e-05,-0.000379475045741096,-9.26322777683453e-06,-0.00189268753874394,-1.31943672529999e-05,-3.75358064719222e-05,-0.0017665525054662,-0.002126633056732,0.000220659891642327,4.44089487219301e-05,-0.000495872005954467,-0.00171852156965002,-2.07131541580807e-05,-0.00218271270942649,-9.08862183770509e-05,-5.78179827241954e-05,1.96035795143601e-05,2.48351591700668e-05,-0.000102884481314902,8.71363932031244e-06,-0.00291578017639615,-0.000469627581218823,-8.04829245826255e-06,-0.00204989665472777,-0.000721291236067678,3.24207802044896e-05,-0.00164461049601439,-0.00228238460439112,4.2032777231249e-05,4.59407261192979e-05,-2.07131541580807e-05,1.96035795143601e-05,-0.000450634350917412,-0.00159134248270387,-0.00399157886959145,-0.000396594439202591,4.2032777231249e-05,-0.00298117287324828,-0.00194858974283729,0.176826504753966,-0.00043178797781529,7.65722661366652e-06,-0.00174453603096314,-1.31943672529999e-05,-5.13147777789769e-05,-0.00308499189448419,-3.64482511185926e-05,-0.00407531830776442,-8.90089059151222e-05,2.24625203202322e-05,-0.0015735711386089,-0.00231132659823441,9.75572628458821e-06,-1.10312916312694e-06,-2.6776198926548e-05,-5.99718420764006e-05,-0.00188841710893772,-0.00214468272341861,-0.000190176893023697,-0.00144135484822439,2.38537701857666e-05,-3.41772903613702e-05,-0.00468033877277652,-2.2028634928617e-05
"12:124722217:G:A",-0.00405956313371902,7.68151685326401e-05,6.9545040535246e-06,-0.000294599652259642,-5.59602757208566e-05,-1.69215039722559e-05,4.07503868142811e-05,6.9545040535246e-06,-0.000107235751261037,0.000206136747228136,0.000169615279857815,-0.00032329259548991,-6.73126537620305e-06,-2.01675825648451e-05,-5.31194582293892e-05,-4.85547855646473e-05,-0.00202558760407001,-1.36018004450733e-05,3.28246490211015e-05,-0.000107235751261037,0.000523090483507183,2.34078448215769e-05,-0.000224551968964981,8.18897664522922e-05,-0.000295325255916801,1.23789038344313e-05,6.9545040535246e-06,-2.01675825648451e-05,5.18675462490847e-06,2.34078448215769e-05,3.8065807094867e-05,3.67421841653837e-05,0.000124910828567693,-0.00202558760407001,1.79800708499656e-05,0.000669274370081574,0.000153563144920099,1.15501600532752e-05,2.71117295005396e-05,0.000231517897288924,-0.000275159686388804,-1.36018004450733e-05,3.28246490211015e-05,6.54740759182815e-05,-3.76842321339055e-05,0.000127368662678151,0.000265378472943389,-8.17825983769893e-05,-2.01675825648451e-05,0.000191910847398447,-0.00166338120552467,-0.000244712769504218,-0.000175467539918372,0.000127927479692147,-0.000441221340545361,-5.44842560197267e-05,-6.16974604801257e-05,-5.88616742618342e-05,-0.000128219441873689,-0.00202558760407001,1.70982427771804e-06,-6.16974604801257e-05,7.04211646258557e-05,-0.000151740714546378,5.69766840818886e-05,-0.00011529229755336,0.000159189630885237,4.65747407751849e-07,-5.88616742618342e-05,0.000227088072318971,0.000765675120629972,0.00364785420513414,0.000115141986248624,5.30878610982555e-05,4.68814428815634e-05,1.42285809161535e-05,8.34280127257614e-05,-1.52710110148391e-05,-9.10317800428828e-05,4.68814428815634e-05,0.000328035009982131,-3.92154326060989e-05,-8.04664512310538e-05,-6.82115379735393e-06,-2.01675825648451e-05,2.34078448215769e-05,8.63060805080806e-05,1.42285809161535e-05,0.000775502515597992,2.34078448215769e-05,2.85928028507243e-05,1.99073434163921e-05,0.000212320250341236,7.04211646258557e-05,-8.56418820722737e-05,2.32348608646404e-05,-4.07294882629472e-05,3.4772276553241e-05,-4.95961912072573e-06,0.00014906286362848,9.49671487546766e-05,-3.76842321339055e-05,-4.99513165035381e-05,-7.77880150977239e-05,-1.69215039722559e-05,0.000150807634410555,0.00182032951166811,1.23789038344313e-05,-3.61355939437757e-05,4.88557650362154e-05,-6.64175606308604e-05,4.48524419640606e-05,-1.36018004450733e-05,-8.17825983769893e-05,-8.81429283721147e-05,-0.00043178797781529,-3.76842321339055e-05,0.00180576091968376,-0.000106075054217669,0.000719609513234687,0.000438252284382656,-8.17825983769893e-05,9.26054326066961e-05,-0.000456011650310728,-0.00043178797781529,0.00162514813634385,-1.52710110148391e-05,-2.13613421680137e-05,2.34078448215769e-05,8.56828786819364e-05,0.000293612320082737,6.1176703170851e-05,-0.000722365886917764,0.000146493718812479,-4.2226685484259e-05,3.18840258950459e-05,-2.4641665309133e-05,0.000172213461446802,1.70982427771804e-06,-0.000173561994964544,0.000100828396877972,3.91029962010236e-06,0.000188017856684652,0.000287832235455809,0.000164949284140015,-4.84043352013686e-05,-8.37031295404245e-05,2.89947389147116e-05,3.67421841653837e-05
"12:124722241:T:G",8.20164051340555e-07,1.60028430382653e-05,1.65363661164264e-06,-0.00326063112771724,-1.26245267066949e-05,-0.00312680246919683,8.98907432222984e-06,1.65363661164264e-06,-2.55490999716557e-05,-0.00212742144419931,-1.59821454994713e-05,-8.85216800643462e-05,-0.00151868159737489,-4.47897512501072e-06,-0.000251612713137561,-0.000986353324003986,4.084350075928e-07,-2.85644279873765e-06,7.22006821263221e-06,-2.55490999716557e-05,-0.00142435416690656,5.08393166676058e-06,-5.82039885310692e-05,-9.38233674840916e-06,-7.87458488780146e-05,2.92938334567339e-06,1.65363661164264e-06,-4.47897512501072e-06,1.23522016881594e-06,5.08393166676058e-06,1.90162361413115e-06,8.09776159194087e-06,2.48327098990586e-05,4.084350075928e-07,-0.00267843298793569,-0.00136103998879289,-2.20068250298411e-05,-4.25763310296645e-06,5.92856881009851e-06,-0.00349020930182498,-0.000400899688130174,-2.85644279873765e-06,7.22006821263221e-06,-0.00192353940800771,-8.41039028998125e-06,2.52857307287968e-05,-0.00159123481713319,-1.90152092685025e-05,-4.47897512501072e-06,3.55988605393875e-05,-4.47897512501072e-06,-0.00384346594152696,-4.38837545884141e-05,-0.00170677515255058,-0.00229414300044972,-1.22323817910441e-05,-1.41574725454063e-05,-1.33980358771879e-05,-3.09615452902534e-05,4.084350075928e-07,4.084350075928e-07,-1.41574725454063e-05,1.46797007145594e-05,-3.72986341865555e-05,1.21628615339375e-05,-0.00174245454541211,-0.0019555205507169,5.59001755107147e-07,-1.33980358771879e-05,-0.00132477765839401,-1.45320244060443e-05,-9.96534905794988e-06,-0.00184449619288518,-0.00177288157168309,9.97833832716566e-06,3.36157746172461e-06,1.73530861209414e-05,-3.26722690680015e-06,-2.08728054769125e-05,9.97833832716566e-06,-0.00157212349163416,-8.80425685689801e-06,-1.86487142643799e-05,-6.82259692297293e-07,-4.47897512501072e-06,5.08393166676058e-06,-0.0019060291823525,3.36157746172461e-06,-0.00146146488797516,5.08393166676058e-06,7.13650088801643e-06,-0.00195768223672665,3.86934002634121e-05,1.46797007145594e-05,-2.00940815213713e-05,-0.00518842418723509,-9.19467847904087e-06,7.65722661366652e-06,-0.00044463558579011,2.89314396315632e-05,1.96647252144189e-05,-8.41039028998125e-06,-0.00161323907602817,-1.79051367368288e-05,-3.67455191074839e-06,2.947565192013e-05,-4.87614766786493e-06,2.92938334567339e-06,-8.01303759523364e-06,1.04089365695614e-05,-0.00162025391264464,-0.00208761788526601,-2.85644279873765e-06,-1.90152092685025e-05,-2.07966060177256e-05,7.65722661366652e-06,-8.41039028998125e-06,-9.9653490570617e-06,-2.52104141740261e-05,-0.000217447838805285,-0.00226097894744992,-1.90152092685025e-05,1.91962173730076e-05,-0.00220250144777001,7.65722661366652e-06,-1.52710110148391e-05,0.0927468922118404,-0.0019381409474688,5.08393166676058e-06,1.78092567386656e-05,-0.001658962523857,-0.00207811570348504,-0.00321365487277081,-0.00101523487726141,-9.58169582432333e-06,-0.00212383569560881,-0.0025442746587272,-4.07845553240804e-06,4.084350075928e-07,-0.00199968501890968,2.05218567197463e-05,-1.1401529560473e-05,1.23522016970412e-06,-0.00336829261298544,3.18887273316193e-05,-0.00279351667528882,-0.00425104856464387,6.35576771124136e-06,-0.00225543464739708
"12:124722462:G:A",1.03192333700264e-06,1.76563388105677e-05,-0.00206947972798321,-0.00131482947342398,-0.00240605089914503,-4.81244388161883e-06,-0.00095384859088643,2.06862012674947e-06,-0.00110081511224269,-0.000154230216442564,-0.00177990659383287,-0.00060468875334152,-0.00202051386487856,-5.88533714740436e-06,-0.00463316564988503,-0.000254597706507376,5.15332678752145e-07,-3.73144670540171e-06,8.67443983576521e-06,-0.00110081511224269,-0.00207378244944678,6.2223193610933e-06,-0.000778042718255989,-0.00188594996420832,-0.000319438136937578,3.6313867548543e-06,-0.00206947972798321,-5.88533714740436e-06,-0.00237513622473262,6.2223193610933e-06,-0.0019657762790084,8.40552336178746e-07,-0.00351683149245918,5.15332678752145e-07,-0.00617952098795183,-0.00201495801527596,-0.000161805033553897,-0.000217482952072245,7.20297031708839e-06,-0.000179918548181668,-0.00459837373657201,-0.00196653746938136,8.67443983576521e-06,-8.84028377168278e-06,-1.13435786506244e-05,-0.00306047101082907,-0.00023320285081363,-0.00145101119647162,-5.88533714740436e-06,2.82745945323626e-05,-5.88533714829254e-06,-0.00478485875019397,-0.0011073118191689,-0.000417539171658987,-0.00249978782687688,-0.00234377928309648,-0.00341352423059771,-0.00283613264632887,-0.00124952829975467,5.15332677863967e-07,5.15332678752145e-07,-0.0013759223276244,1.64303999232729e-05,-0.00117258965522637,-7.42771411728071e-05,-0.00203406526288763,-0.00313029637675921,3.41176615323846e-05,-0.00158533448657749,-0.000757327918998296,-2.0265500960015e-05,-1.35351498800063e-05,-0.00134604698713048,-0.00130694625124406,1.17036978259932e-05,4.15405530151958e-06,-0.0030512507496443,-4.27293700866471e-06,-0.00239558318690491,1.17036978251051e-05,-0.000361328536602201,-1.18956810553073e-05,-0.00117525713967304,-0.00067400106059079,-5.88533714740436e-06,6.2223193610933e-06,-0.00282551357214444,4.15405530151958e-06,-0.00029302283485233,6.2223193610933e-06,-0.00416579039403242,-0.00216266759523798,-0.000989482791331042,1.64303999232729e-05,-2.88239461552209e-05,-0.0042175800126163,-1.24449876279797e-05,-0.00385309727581262,-0.00438632853364052,2.65659204776725e-05,-1.54837331383106e-05,-0.00356507257956196,-7.16972023528939e-06,-0.00137307355435556,-0.00189345510474492,-0.00140417710845409,-6.41864542849646e-06,-0.00432311050766288,-1.07886987708028e-05,1.21592952577743e-05,-5.48212568709516e-05,-0.00486852109009739,-3.73144670540171e-06,-0.00145101119647162,-2.99092885640562e-05,9.16463936384559e-06,-1.13435786506244e-05,-1.35351498782299e-05,-0.0033441071327589,-0.000248749822423733,-0.00256433439216641,-2.71666263671477e-05,2.04076236025585e-05,-0.0020474411214817,-0.00174453603096314,-2.13613421680137e-05,-0.0019381409474688,0.166625532747717,6.2223193610933e-06,-0.00277286127420684,-0.00254369357200446,1.48659772358783e-05,-0.0021695967135571,2.63657045058707e-05,-1.2991482041258e-05,0.000438331758151556,-0.00417670640704682,-5.3499240673105e-06,5.15332678752145e-07,-0.00181359270819303,2.14460070893097e-05,-0.00211176584476469,1.54970825949619e-06,2.20357403470928e-05,-0.00101061132257652,-0.00387975593098577,-0.000405600105083614,7.69349610774128e-06,9.65450284429181e-06
"12:124723624:C:T",-1.42075762887828e-06,-2.83762147370581e-05,-2.87469436344168e-06,9.7720848486027e-05,1.92428818328594e-05,5.7699000644007e-06,-1.56644971252007e-05,-2.87469436344168e-06,3.76502734749096e-05,-8.00101911879736e-05,2.38522808642117e-05,0.000109624979037548,1.53015108850241e-06,-0.00326516996936554,-0.00010846506838913,-7.65166306333498e-05,-7.06302828668015e-07,4.38989509099486e-06,-1.23904191751123e-05,3.76502734749096e-05,0.000151917985972361,-8.50887695591496e-06,7.80207956205814e-05,1.4035449183325e-05,-0.000509082579415399,-5.12039849809298e-06,-2.87469436344168e-06,-0.00326516996936554,-2.14350637772753e-06,-8.50887695591496e-06,-3.82054054437475e-06,-1.40079136015103e-05,-4.62573883242001e-05,-7.06302828668015e-07,-8.79643920992379e-06,0.000128537146304453,3.23447187771109e-05,-4.35752917988808e-05,-1.00344951761144e-05,-9.19012568543209e-05,6.41994736874096e-05,4.38989509099486e-06,-1.23904191751123e-05,-2.47490744946788e-05,1.30653618430898e-05,-4.7268480264151e-05,0.000297973170278354,2.85419301508938e-05,7.11818869802983e-06,-7.13509119538713e-05,7.11818869802983e-06,0.000131076500637484,6.10738888182638e-05,0.00018952123563043,-2.84275297923742e-05,1.86193093334452e-05,2.16644779129638e-05,2.0467961396875e-05,4.47604172366667e-05,-7.06302828668015e-07,-0.0018076542485721,2.16644779129638e-05,-2.57497253919325e-05,5.29052104818462e-05,-2.12450007737175e-05,-4.73774122937698e-05,-6.04161840307427e-05,-1.47077946444085e-06,2.0467961396875e-05,0.000187721024102139,2.22523354205251e-05,1.5583353294879e-05,-4.3170920530855e-05,-2.00606313187635e-05,-1.7091781562506e-05,-5.88686617675194e-06,-3.10970718473413e-05,5.08393166676058e-06,3.06221553270092e-05,-1.70917815616178e-05,3.00333454736901e-05,1.37058518827615e-05,2.79801029705595e-05,1.02985899808061e-07,7.11818869802983e-06,-8.50887695591496e-06,-0.000444584830820993,-5.88686617675194e-06,4.75248792977112e-05,-8.50887695591496e-06,-1.32511427057835e-05,-8.24225665763123e-06,-7.97939076653265e-05,-2.57497253919325e-05,3.01882872397741e-05,9.31269625414899e-05,1.43389289801732e-05,-1.31943672529999e-05,-0.000161271340481051,-5.53191137857567e-05,-3.58557834863049e-05,1.30653618430898e-05,1.67028418891491e-05,2.68361806030626e-05,5.7699000644007e-06,-5.69425684089353e-05,7.78077916763209e-06,-5.12039849809298e-06,1.24173278743811e-05,-1.7903192986779e-05,-0.000254837345695869,-1.73616043488423e-05,4.38989509099486e-06,2.85419301508938e-05,3.12543772285068e-05,-1.31943672529999e-05,1.30653618430898e-05,1.55833532957672e-05,3.71477935345865e-05,6.28089039382829e-05,-2.75421167783563e-05,2.85419301508938e-05,-3.48806841241611e-05,0.000149717773668456,-1.31943672529999e-05,2.34078448215769e-05,5.08393166676058e-06,6.2223193610933e-06,0.0132869894851071,-3.20258793911066e-05,-0.00011296634664415,-2.29760244234711e-05,-8.03081590303734e-05,-5.42617537089285e-05,-0.00421168270917249,-1.32209019030327e-05,8.27826607352478e-06,6.44794018178629e-06,-7.06302828668015e-07,-1.67551396526022e-05,-3.72767989436085e-05,-7.71185227597115e-05,-2.14350637772753e-06,-0.000108964178760829,-6.28073825392761e-05,1.6048300310878e-05,-2.10403674332227e-05,-1.08106461826907e-05,-1.40079136015103e-05
"12:124726125:A:G",-0.00186983821384867,-0.000108910693413122,-1.17357144979735e-05,-0.00728448841323726,6.88972588669401e-05,2.0599886235928e-05,-6.1546410752733e-05,-1.17357144979735e-05,-0.00157997371790497,-0.00041793966247905,-0.00395251065244651,-0.00516567363821352,-0.00359566322202998,2.60746564020309e-05,-0.00020064584274504,-0.00491155205983418,-2.87784735242269e-06,1.49822117956333e-05,-0.00129990006458147,-0.00157997371790497,-0.000304879855010931,-3.20258793911066e-05,-0.00274679127513444,-0.00365579061097154,-0.0041220612768651,-2.09455335431485e-05,-1.17357144979735e-05,2.60746564020309e-05,-8.74498692304826e-06,-3.20258793911066e-05,-0.0016355567612667,-5.46798145171223e-05,-0.000179016962982281,-2.87784735242269e-06,-3.94183346124066e-05,-0.000482201810439342,-0.00177167965009151,-0.00329813309606219,-0.00113947125341873,-0.000589745236412753,-0.00520654166465473,-0.000106085145919366,-0.00129990006458147,-0.00125573948855262,4.71483146062823e-05,-0.000183312173806627,-0.00826912025095794,-0.00245334691287358,2.60746564020309e-05,-0.00027923356186399,2.60746564029191e-05,-0.00727740849680369,-0.00400352186098907,-0.00645888293508978,-0.00122155922620593,-0.00177561863966691,7.86736910578512e-05,7.38490121836577e-05,-0.00279778334048952,-2.87784735242269e-06,-2.87784735242269e-06,-0.000446013115902311,0.000467649908480361,-0.0040205249800831,-8.18871617518369e-05,-0.00385366498361606,-0.000555412794943422,-9.03455733425318e-06,7.38490121836577e-05,-0.01095699798356,8.10398869202089e-05,5.7322506823887e-05,-0.000382191198715631,-0.00580898414979458,0.000491716776610751,-2.4097301603021e-05,-0.000120304743056465,-0.00192825282499598,-0.00390191989521682,0.000491716776610751,0.000105162557688665,4.97409306046137e-05,-0.00205120788047175,-0.00260194966030447,2.60746564020309e-05,-3.20258793911066e-05,-0.000275320714758553,-2.4097301603021e-05,0.000167241040204047,-3.20258793911066e-05,-0.000152439788478453,-0.0028536658838485,-0.000316059460070406,-9.7959400428671e-05,0.000109568720506381,-0.00565238988690364,5.23004195658316e-05,-5.13147777789769e-05,-0.0087291554943234,-0.000215102174366599,-0.00335030805668346,4.71483146062823e-05,5.85920481839253e-05,-0.000125421686647087,2.0599886235928e-05,-0.00357905126961811,2.87601328707865e-05,-2.09455335431485e-05,4.452192894977e-05,-6.80288588466027e-05,-0.00171477976924006,-0.00302382014815628,-0.00181554386192495,-0.00197339379973105,0.000113836916614041,-0.00132176942682793,4.71483146062823e-05,5.7322506823887e-05,0.000133884232316639,-0.00430117553265319,-0.0037226215939441,0.000102958758144034,-0.00250969896867037,-0.00511504107424177,-5.13147777789769e-05,8.56828786819364e-05,1.78092567386656e-05,-0.00277286127420684,-3.20258793911066e-05,0.212912274560118,-0.00571610725227778,-0.00334812679522756,-0.00108045285466973,-0.000571173518101098,5.4827408003888e-05,-0.00304466241385537,-0.00153109105824711,2.33547940151624e-05,-2.87784735242269e-06,-6.92504074999434e-05,-0.000143623584209607,-0.00254410805021532,-0.00257570827121789,-0.00334585381687091,0.000184597861185409,-0.00384181589652766,-9.11065359012753e-05,-4.14821646712582e-05,-0.00311935331762569
"12:124726456:C:T",-2.59266157405236e-05,-0.000394277319909264,-5.26052322991077e-05,-0.00143912017363945,-6.91375113142101e-05,-0.00212284589458633,-0.00490779507794503,-0.00276660692457131,-0.00102232268720037,-0.000249541892949345,-0.00193357050415521,-0.0106288568739243,-0.000371797451045097,-0.00194242570841929,-0.000389441361455134,-0.0036032716031853,-1.28712873879167e-05,3.61804401727284e-05,-0.000227784224263949,-0.00102232268720037,-0.000967101490163991,-0.00011296634664415,-0.000749309608885085,-0.000627783656606873,-0.00286024014750819,-9.41054655543283e-05,-5.26052322991077e-05,-0.00194242570841929,-3.91699163424519e-05,-0.00011296634664415,-0.000894821388487621,-0.000213975117774545,-0.00102319654173666,-1.28712873879167e-05,-0.000980290895956415,-0.000839021732353729,-0.00137792330885844,-0.00329217396988746,-0.00127923522545359,0.000395111084314337,-0.00258856820165843,-7.70226194601875e-05,-0.000227784224263949,0.000502428934619381,0.000149889628715094,-0.00186255108588362,-0.00289066435519647,-0.000263095208457464,8.64875787538466e-05,-0.00099536244566778,8.64875787547348e-05,-0.0130680531716973,-0.000725562611404662,-0.000151982505228077,-0.00138015562101312,-1.82986627734749e-05,0.000261103752492886,-0.00041805490697655,-0.00604077120472102,-1.28712873879167e-05,-1.28712873879167e-05,-0.00105007123603684,0.000184340931660643,0.00063354916969427,-0.00030446641300852,-0.00454595942124403,-0.0043291473722622,-0.00581654352976546,-0.00213512243168879,-0.00469114514703994,-0.00131182988045975,0.000196497989683131,-0.00340156512662748,-0.00402822409243964,0.00029114634627625,-0.000108351653429928,-0.00139141283557187,-0.00230220811202031,-0.000460239779084937,-0.000228354665864572,-0.000207071413930393,-0.00356986878749765,0.000327939598347982,-0.00216673391735789,8.64875787538466e-05,-0.00011296634664415,-0.00162219466752234,-0.00162115493677195,-0.000202306772592031,-0.00011296634664415,-0.00429006704801882,4.19583183326466e-05,-0.00500609195453183,-0.00034620742138447,-0.00533684804967471,-0.00366451253722522,-0.00549603646597951,-0.000198903567762088,-0.00285321777733172,-0.00168338563625259,-0.00058698105499122,0.000149889628715094,-0.000347334334287019,0.000306041217221775,-0.00212284589458633,-0.00397848451128446,9.86216176750432e-05,-9.41054655543283e-05,-0.00141361006240448,-0.000243138237403961,-0.00463092772046103,0.000248847937889707,-1.070774365175e-05,0.000338650019023667,-0.000156055214043604,0.000199461140828916,-0.00194248979707456,0.000196497989684019,0.000447625677995056,-0.000214677887681702,-0.000980841489161222,0.000338650019023667,0.000365959650240555,-0.00153729851674811,-0.00308499189448419,0.000293612320082737,-0.001658962523857,-0.00254369357200446,-0.00011296634664415,-0.00571610725227778,0.213970842459471,-0.00283972311472613,-0.0028504435101131,0.00305881497736493,0.000185093539744052,-0.00301257500558627,-0.00582966490802583,-0.00254211626949363,-1.28712873879167e-05,-0.000222708696720808,-0.00175108939775637,-0.00196816449533799,-0.00219647167887871,0.00509756955802576,-0.0109062251979752,-0.00372334618369408,-0.000102023108575544,-0.000154999955583435,-0.0031035951941023
"12:124726864:C:T",-4.0195567185819e-06,-7.82886785835046e-05,-8.14603825105564e-06,-0.00118309554328988,-0.00223809748282733,1.49854661630755e-05,-0.00149043089627199,-8.14603825105564e-06,9.68717390499307e-05,-0.00175369156991056,-0.00196197118564267,-0.00143699912215656,3.03084530539621e-06,1.87631291055368e-05,-0.00174780205665925,-0.00605126681175872,-1.99667072120491e-06,1.11069283414977e-05,-3.41270890977796e-05,9.68717390499307e-05,-0.0029154910386211,-2.29760244234711e-05,0.000193618098037085,-0.00183331912492068,-0.00174983400003637,-0.000204380694310835,-8.14603825105564e-06,1.87631291055368e-05,-6.06917058920686e-06,-2.29760244234711e-05,-1.22201897161389e-05,-3.88011594667503e-05,-0.000129322809689469,-1.99667072120491e-06,0.000247739312315254,-0.00110820460602579,-0.00194926237507076,-4.36858261290141e-05,-2.73478735834942e-05,-0.00685599334462594,-0.00166108464322168,-0.00196459246277136,-3.41270890977796e-05,-0.00137373136814567,3.40331887223044e-05,-0.000132386566956022,-0.00295387849327167,-0.00262764206817145,1.87631291055368e-05,-0.000203061400561921,1.87631291055368e-05,-0.00362649315410835,-0.00135615623046537,-0.00259161088149096,-7.97272702355301e-05,-0.00226856438608003,5.64044088431359e-05,5.31172933504465e-05,-0.00155947829181802,-1.99667072120491e-06,-1.99667072120491e-06,5.64044088431359e-05,-7.05598949899411e-05,-0.00145225992309772,-5.85796666561222e-05,-0.000148374885177383,-0.00469968923960185,-5.5001390197873e-06,5.31172933504465e-05,-0.0164897242596935,5.80158827503396e-05,4.10090352422898e-05,-0.00115302342343337,-0.00603982906164457,-4.64930268586627e-05,-1.67370553070256e-05,-8.6338199071001e-05,1.30590542983811e-05,-0.00194556359737419,-4.64930268586627e-05,-0.00192085750155879,3.58115270771009e-05,-0.00552486361125837,-2.53377599257476e-06,-0.00206277721168568,-2.29760244234711e-05,-0.00255858302061807,-1.67370553070256e-05,-0.0020366282024975,-2.29760244234711e-05,-3.95463946594177e-05,-2.34943956467504e-05,-0.000229698182738325,-7.05598949899411e-05,7.82297328800752e-05,-0.00389511446892143,3.75666518017681e-05,-3.64482511185926e-05,-0.00310156471437617,-0.000642026345108349,-0.000100521937676845,3.40331887223044e-05,4.2711036393861e-05,-0.00222828967225119,1.49854661630755e-05,-0.000161996728696323,2.06153396238307e-05,-1.45456318341175e-05,3.22311785536655e-05,-4.88462246766019e-05,-0.00222522261495239,-4.85434349917213e-05,1.11069283414977e-05,-0.00262764206817145,8.1113869833338e-05,-3.64482511185926e-05,-0.00237562315061002,4.1009035243178e-05,9.55225519820857e-05,-0.00213392229886278,-0.00207139334337425,-0.001819917290665,-9.76046535772213e-05,-0.00175248331803424,-3.64482511185926e-05,6.1176703170851e-05,-0.00207811570348504,1.48659772358783e-05,-2.29760244234711e-05,-0.00334812679522756,-0.00283972311472613,0.14807869559631,-0.00299084297033403,-0.000360986010793596,3.92990094368884e-05,-3.7891805735768e-05,1.90819158403244e-05,1.68866624772335e-05,-1.99667072120491e-06,-0.001532047449472,-0.000103510503097759,4.07511179219e-05,-6.06917058920686e-06,-0.00085990929954427,-0.00135610232592409,4.08922764920661e-05,-0.00334453713523164,-2.95775049687919e-05,-0.00141797778800878
"12:124728014:G:A",-0.00288533604099772,-0.0100121978334506,-0.00195595563432072,-0.00676559223169049,-0.00802316754005261,-0.00398814599465158,-0.00148940779787488,-0.00257479481741996,-0.00203703578763559,-0.00695525695513721,-0.00227999888809949,-0.0102123212315801,-0.00576127717432362,-0.00184899074754608,-0.00986978110481918,-0.0116930800049562,-0.00346553993035759,-0.0051286922527165,-0.00383575783537538,-0.00203703578763559,-0.00745101105754165,0.000339372281074724,-0.00247907651316925,-0.00287426688405557,-0.00555033622466983,-0.00482985352308507,-0.00195595563432072,-0.00184899074754608,-0.00351392053262334,0.000339372281074724,-0.00297812022709376,-0.000164242992242158,-0.0103525676774741,-0.00346553993035759,-0.00317687216502849,-0.00598679594511164,-0.00110241337185846,-0.0109839694271816,-0.00385567704511214,-0.00483736685655067,-0.00160950440466312,-0.00333408813259695,-0.00383575783537538,-0.00326961206927523,-0.00216078603368075,-0.00215931326470908,-0.0108650996764217,-0.0107830192866576,-0.00141022791755052,-0.00272972559075768,-0.000407358751252751,-0.0125654430252626,-0.00184011129222661,-0.0103594989596161,-0.00177210618509926,-0.00679388177039897,-0.00426966708569498,-0.00342678149420372,-0.00840692243056784,-1.65175535542517e-05,-7.93873065774164e-06,-0.0012075824107125,9.70915149869356e-05,-0.00425008436854579,-0.00156489044810559,-0.00489052862714301,-0.0029257187193017,-0.00711414668411825,-0.000302815804797518,-0.00583937655052136,-0.000691148171727995,-0.000311320972840257,-0.0115374678387394,-0.00351468096332175,0.000267572999000265,-0.00139399222683556,-0.0102684499274144,-0.0113241658689356,-0.00208514741792598,0.000267572999000265,-0.000224728734853574,-0.0130136013997371,-0.00500494380053595,-0.0120509349007865,-0.00487314653661919,0.000339372281074724,-0.00504139799157599,-0.00168410285216636,-0.000605651280999098,0.000339372281074724,-0.00424356152254068,-0.00400165116715145,-0.0013640796773795,9.70915149869356e-05,-0.00616813307986508,-0.00279607914375024,-0.00683224469817389,-0.00860528658898474,-0.00880539705278505,-0.00127872146022501,-0.00452492663811066,-0.00216078603368075,-0.00493532835301558,-0.0020068859576936,-0.00341673393779729,-0.000952257679466939,6.44127491273849e-05,-0.0110805922743413,-0.00339608731621954,-0.00225019458289566,-0.000524551117548011,-0.00034713657858898,-0.00895540444394882,-0.00236825986347755,-0.000650085606273443,-0.00195898513621895,0.000160027497869031,0.000122124437787363,-0.00325489153349956,-0.00133944158406285,-0.00168339859982503,0.000332708140116544,-0.00358909808312324,-0.00289383105536478,-0.00407531830776442,-0.000722365886917764,-0.00321365487277081,-0.0021695967135571,-8.03081590303734e-05,-0.00108045285466973,-0.0028504435101131,-0.00299084297033403,0.551663206993545,0.000814410311718028,-0.00321437289295634,-0.00222563457140001,-0.00129526895907661,-0.000152096668339929,-0.00346553993035759,-0.000260019036946613,-0.000704615753780224,-0.0123947916748781,-0.00455938034384218,-0.000301111084334504,-0.00106038641510464,-0.000466138955604212,-0.0104192275094586,-0.0031070016689787,-0.00408138044206652
"12:124733608:G:A",-1.0597966471515e-05,-0.000183780008791601,-2.14518441694622e-05,-0.000715167949807416,0.000114494833730383,3.36453839233641e-05,-0.000107360993570005,-2.14518441694622e-05,0.000232822865608107,-0.00221511035850508,0.000137764336768598,-0.0030152647434516,-0.00312599667732538,4.37887024906658e-05,4.48518059368297e-05,-0.00445791879278268,-5.26756304708442e-06,2.3255441576886e-05,-8.30409303915758e-05,0.000232822865608107,-0.000886194544553298,-5.42617537089285e-05,0.000483161431944268,7.43683223163316e-05,-0.00200778456405537,-3.82331328196983e-05,-2.14518441694622e-05,4.37887024906658e-05,-1.59923408853402e-05,-5.42617537089285e-05,-3.87281388993799e-05,-9.50506522601202e-05,-0.000298701521886713,-5.26756304708442e-06,-0.000871302296411969,-0.00104928944774496,0.000190813855273753,-0.00171677805577719,-6.55663685638075e-05,-0.00251698329521322,-0.000799282397820456,-0.00520742805833763,-8.30409303915758e-05,-0.000909829336812606,7.84794620107832e-05,-0.000306062520529338,-0.00222211130978334,0.000174341752138041,4.37887024906658e-05,-0.000458985708834625,4.3788702491554e-05,-0.0031914914196598,0.000376671659346961,-3.96856528066536e-05,-0.000192815493776699,0.000109696762427447,0.000133109885687155,0.000123915698480026,-0.00177955496384286,-5.26756304708442e-06,-5.26756304708442e-06,-0.00449200468455757,-0.000164521403758222,0.000325996578066423,-0.00013971702947746,-0.00154890789596696,-0.000500557422708603,-2.09595467088874e-05,0.000123915698480026,-0.0026831180519169,0.000137624515597068,9.76020113263587e-05,-0.000898006858168543,-0.00354951872373732,-0.000109099423322156,-4.39653055126499e-05,-0.000203755994458987,2.84817992080022e-05,0.000177140130077191,-0.000109099423322156,0.000172462256899486,8.33463007845481e-05,0.000169965796743554,-0.00523546115084805,4.37887024906658e-05,-5.42617537089285e-05,-0.00434623829447034,-4.39653055126499e-05,0.00028154129347957,-5.42617537089285e-05,-0.00541450381223019,-0.000607125408609299,-0.000519971177951106,-0.000164521403758222,0.000187155373983394,-0.00420733942185159,8.81549855398234e-05,-8.90089059151222e-05,-0.000995780024339865,-0.000357108897317104,-0.000418386034769291,7.84794620107832e-05,9.49387066713214e-05,0.000161050914084804,3.36453839233641e-05,-0.000376659372215649,4.87706044438596e-05,-3.82331328196983e-05,7.35534083435851e-05,-0.000115076212447107,0.000123062366497173,-0.000528905065663388,2.3255441576886e-05,0.000174341752138041,0.000195445206794709,-8.90089059151222e-05,7.84794620107832e-05,9.76020113272469e-05,0.000228851150020581,-0.000866814118404946,-0.00163596274733546,0.000174341752138041,-0.000389777660511292,-0.000374773971197229,-8.90089059151222e-05,0.000146493718812479,-0.00101523487726141,2.63657045058707e-05,-5.42617537089285e-05,-0.000571173518101098,0.00305881497736493,-0.000360986010793596,0.000814410311718028,0.0746445581199708,9.29065519716943e-05,-9.89341078048156e-05,2.98520555022108e-05,3.87473193592669e-05,-5.26756304708442e-06,-0.000125500881175356,-0.000240928365194293,-0.00513754641588804,-1.59923408835638e-05,0.00497750098919436,-0.000545199364651694,-0.000809220291873913,-0.000169663416702548,-7.13209557812178e-05,-0.000476319057019836
"12:124734705:G:A",2.28312704919631e-06,4.90443373193372e-05,4.61638645976592e-06,-0.00263666472663893,-3.55469851740509e-05,-1.06834407045397e-05,2.64017339715039e-05,-0.001247706633281,-6.88412875469169e-05,0.00013153467248106,-0.000759442177241887,-0.000210031387176457,-3.88527000438899e-06,-0.00387117433117101,-0.00244866630001006,0.000123695947496394,1.1353983699891e-06,-8.46771511575639e-06,2.11784200843113e-05,-6.88412875469169e-05,-0.00075197487941292,1.49647211040715e-05,-0.000145432842655779,-0.000856827255941717,-0.00270503946293399,8.21394084482563e-06,4.61638645976592e-06,-0.00387117433117101,3.4433877154072e-06,1.49647211040715e-05,4.65564052909428e-06,2.3760944748652e-05,7.93976304818145e-05,1.1353983699891e-06,1.25598172679986e-05,-0.00066516451737364,-0.000766949773258752,-0.00242328489655019,-0.00221909272822085,0.000148226604770763,-0.00101472131737701,-8.46771511575639e-06,2.11784200843113e-05,4.21142108448791e-05,-2.39442834226722e-05,8.09847934339913e-05,-0.00184834720378824,-5.22852327184964e-05,-0.00058317094289162,0.000121234522311831,-1.28510196741871e-05,-0.00222984355963707,-0.000111528796681526,-0.000892057754433573,4.79394025916235e-05,-3.4549102403858e-05,-3.94275990425186e-05,-3.75091018467444e-05,-8.23606939484023e-05,1.1353983699891e-06,-0.00239913397667202,-3.94275990425186e-05,4.48698134265513e-05,-9.76650953514735e-05,3.65458804241214e-05,-0.00248145650980014,0.000101480020683553,9.10183450386626e-07,-3.75091018467444e-05,-0.00107879052399884,-4.03709420071507e-05,-2.79920740915429e-05,7.35083194447483e-05,-0.000914474569210455,2.99215382408846e-05,9.44004542713373e-06,5.33576150623105e-05,-0.00089973841349078,-5.7703050887703e-05,2.99215382408846e-05,-5.67730417895262e-05,-2.49730039527662e-05,-5.13880175718739e-05,-0.000899289080821042,-1.28510196741871e-05,1.49647211040715e-05,0.000584422507396987,9.44004542713373e-06,-8.93289755561355e-05,1.49647211040715e-05,-0.00251676379087584,1.32023404839643e-05,0.000134213419057616,4.48698134265513e-05,-5.49170180610403e-05,-0.000829597154412554,-2.59904198145477e-05,2.24625203202322e-05,0.000226226322945777,9.45579469586733e-05,6.08740299066213e-05,-2.39442834226722e-05,-3.14858099752513e-05,-4.95626250742731e-05,-1.06834407045397e-05,9.60909987499647e-05,-1.39172413762267e-05,8.21394084482563e-06,-2.29040689534443e-05,3.1217820278151e-05,-0.00248029736205968,2.91027783791975e-05,-0.000927468955696398,-5.22852327184964e-05,0.00124485178299327,2.24625203202322e-05,-2.39442834226722e-05,-2.79920740915429e-05,-6.8042649665756e-05,-0.00059944148500346,-0.00301838874560811,-5.22852327184964e-05,5.93366892474023e-05,-0.00166041869877809,2.24625203202322e-05,-4.2226685484259e-05,-9.58169582432333e-06,-1.2991482041258e-05,-0.00421168270917249,5.4827408003888e-05,0.000185093539744052,3.92990094368884e-05,-0.00321437289295634,9.29065519716943e-05,0.0592930470638997,2.1127145146238e-05,-1.80835829883819e-05,-1.17731500148821e-05,1.1353983699891e-06,-0.00114257986200439,6.42261848033954e-05,6.31428686581614e-06,3.44338771629538e-06,0.000180783272202056,0.000105179043172754,-3.04408193834149e-05,-0.00105521884976767,1.86522559362245e-05,2.3760944748652e-05
"12:124739470:C:G",-2.18397314544205e-06,-0.00386256224901249,-0.00187538144871979,-0.00178522676589665,-0.00216126178109377,8.41765225345625e-06,-0.000494208623784687,-4.44726044435129e-06,-0.00121246023975718,6.54345622121966e-05,-0.00192354593241806,-0.000149640150174157,-0.00221484880880762,1.03711404149109e-05,-0.00394328214168471,-0.00245602958967517,-1.08230659279229e-06,6.39257998269471e-06,-0.00275773009383951,-0.00121246023975718,-0.0019301358263295,-1.32209019030327e-05,-0.000799056356246552,-0.00205222976889541,5.76019683515838e-05,-7.99948579821574e-06,-0.00187538144871979,1.03711404149109e-05,-8.80874849684687e-06,-1.32209019030327e-05,-0.00454246110366352,-4.09773379903555e-05,-0.00321171918963081,-1.08230659279229e-06,-0.00679120066715022,-0.00116449499613136,-0.000286079354752111,-5.02963513140386e-05,-1.57286206343699e-05,0.000209498832904664,-0.00338823310133485,-0.0021539147788463,-0.00275773009383951,-7.52817506883829e-05,1.85552242362164e-05,-0.00159965090685965,-0.00137795646533467,-0.00158339571582378,1.03711404149109e-05,-0.000137008079101442,1.03711404157991e-05,-0.00468634808384971,-0.000641521637486875,-0.000669506299810774,-0.00276404910816375,-0.00210022660597975,-0.00316394917245688,-0.00258891922106752,-0.00134521242497243,-1.08230659368047e-06,-1.08230659279229e-06,-0.00152377749809673,-4.26254706420437e-05,-0.00054194232008431,-0.000132669250453965,-0.00133333096846311,-0.00624529313885347,0.000190436341387823,-0.00173605821293332,-0.00166259764627386,3.04494732104033e-05,2.19542122383842e-05,-0.00124335138204401,-0.00157790168230143,-2.74235326296335e-05,-0.00239981022041835,-0.00269274759414007,7.41428067474459e-06,-0.00448986670301998,-2.74235326305217e-05,-0.000513638709656483,1.94280160412674e-05,-0.000357535138827636,-0.000299876892016826,1.03711404149109e-05,-1.32209019030327e-05,-0.00606866840998244,-9.22758923849187e-06,-0.000405754796810598,-1.32209019030327e-05,-0.00136878323197553,-0.00237968685360723,-0.00097185354704088,-4.26254706420437e-05,3.98829288581481e-05,-0.00365919204912402,2.02851995574349e-05,-0.00345428279818805,-0.00922928364745879,-0.000101259182501146,-0.000107558250243223,-0.00403589312961472,-0.000654069200028751,-0.000414229666851895,-0.00207748914529127,-0.0013329990866362,1.13220913195988e-05,-0.00390596491551509,1.76664424422768e-05,-2.88393581673319e-05,-1.42869950634505e-05,-0.00530302400519655,6.39257998269471e-06,-0.000249098136143822,4.1098943233564e-05,-2.10226560666271e-05,1.85552242362164e-05,2.19542122392724e-05,-0.00305946846377747,-0.000217403687103435,-0.0051167422273739,3.79744512777336e-05,-6.00362986036274e-05,-0.000732769019077928,-0.0015735711386089,3.18840258950459e-05,-0.00212383569560881,0.000438331758151556,-1.32209019030327e-05,-0.00304466241385537,-0.00301257500558627,-3.7891805735768e-05,-0.00222563457140001,-9.89341078048156e-05,2.1127145146238e-05,0.186817987448476,-0.00455504180887267,9.40313103559021e-06,-1.08230659279229e-06,-0.00164878821543812,-6.43480450612799e-05,-0.00186969268848003,-3.3054647179398e-06,-0.000233261792313755,-0.00140205618888789,-0.00423750861999217,-0.000245133081861582,-1.70164675514783e-05,-2.24075627732745e-05
"12:124743089:C:A",-0.00242379590855624,-0.00274065736358065,-0.000766414337672217,-0.00236442693689565,-0.00360218160234194,-0.0018072667730209,-0.00510973620902533,2.76173577784533e-06,-0.000870911561324128,-8.47567265687132e-05,-0.00699925856819217,-0.00271884952838874,-1.23705486654302e-05,-0.00147768057867292,-0.0109925934701485,-0.00368520199691424,-0.00388129444424923,-5.14544017793384e-06,-0.00403695315493113,-0.000870911561324128,-0.00610890227475291,8.27826607352478e-06,-0.00209892724946847,-0.00566907614888379,-0.00118281699894585,4.83075278712164e-06,-0.000766414337672217,-0.00147768057867292,2.07130307749992e-06,8.27826607352478e-06,-9.2180355370175e-05,-0.00225871636848751,-0.000909201569958995,-0.00388129444424923,-0.00358663743081244,-0.00697742966878501,-0.00558992238252554,-0.00710529834006657,9.54425724941643e-06,-0.000384742595679555,-0.00461334913792566,-5.14544017793384e-06,-0.00403695315493113,-1.0055729204872e-05,-0.000161161770638962,2.90066415518098e-05,-0.00192972730169538,-0.0003210438452248,-8.08999811141575e-06,2.81956018071128e-05,-8.08999811141575e-06,-0.00664489737334195,-0.000992145533878386,-0.00285408951365573,-8.35284381928147e-05,-0.0017255108644747,-2.77508556907335e-05,-0.00144776809433189,-0.0029848904850045,6.90284211124492e-07,6.90284211124492e-07,-2.77508556907335e-05,2.09169950720067e-05,-0.00105179420867341,1.80153250939341e-05,-0.00427626672394066,-0.00156151602689025,-0.00792527295841516,-0.00206909695677115,-0.0114405864760254,-0.00105149316564113,-2.18743990823e-05,-9.55468552010785e-05,-0.00682698325048392,1.52588448516511e-05,-0.00253694688304762,-0.000106374532977682,-5.88395708422951e-06,-0.000213932297623565,1.52588448534274e-05,-0.00338832775434028,-1.65542793446605e-05,-0.00293729239110352,-0.000154312688942504,-8.08999811141575e-06,8.27826607352478e-06,-0.000588310191771413,-0.00422226314227725,-0.00316050874057527,8.27826607352478e-06,-0.000217899260291254,-0.00183132508124917,6.34140755790824e-05,-2.14221832095518e-06,-4.10177638281439e-05,-0.00538147740688633,-1.73205131019927e-05,-0.00231132659823441,-0.00127588627677122,2.99006084558684e-05,-0.00239246097209023,-1.57849387161235e-05,-0.00891955843574621,-0.000117877861886662,-6.62096078229979e-06,-0.00083917568256453,-2.02477497639464e-05,-0.0020580093105913,-1.50125525451017e-05,-0.000962826108847459,-0.00722347933385858,9.50934724741614e-06,-0.00182388390785793,-0.00279763511146491,-2.8569861294514e-05,-0.000400499257755094,-0.00154622068652532,-2.18743990814119e-05,-0.00347157949755772,-0.00191314660939845,-0.00432818721127903,-0.00451745848228313,-0.0024336171049324,-0.00506503974045369,-0.00231132659823441,-2.4641665309133e-05,-0.0025442746587272,-0.00417670640704682,8.27826607352478e-06,-0.00153109105824711,-0.00582966490802583,1.90819158403244e-05,-0.00129526895907661,2.98520555022108e-05,-1.80835829883819e-05,-0.00455504180887267,0.283480778054727,-7.35634217186032e-06,6.90284211124492e-07,1.25854457495578e-05,-0.00104235264807784,-0.00132877466140879,-0.00647497875876013,-0.00046737097802918,-8.62600300433058e-06,-0.00584827439175406,-0.000315469360487874,1.01742695211016e-05,1.26691520243583e-05
"12:124744836:G:A",1.02425782966264e-06,2.08852489622657e-05,2.06899323007548e-06,-8.67741849406301e-05,-1.54343440650351e-05,-0.00375724424488144,-0.00200145599933599,2.06899323007548e-06,-3.04868067004804e-05,-0.00271878529788694,-0.00350615854989389,-9.73415882308259e-05,-1.50056272207877e-06,-5.56340535684541e-06,-0.000217909288151574,-0.00186043736365171,5.09606246090755e-07,-3.57338067225044e-06,9.19074014404941e-06,-3.04868067004804e-05,-0.00814709544740833,6.44794018178629e-06,-6.62342676038818e-05,-0.00334476277804807,-8.7496192638703e-05,3.6758251447111e-06,2.06899323007548e-06,-5.56340535684541e-06,1.54402845442547e-06,6.44794018178629e-06,2.34188349779174e-06,1.03263747321947e-05,3.33358375321779e-05,5.09606246090755e-07,5.87336223834001e-06,-0.00801349491118497,-0.00352177514815288,-0.00163808619337225,7.52894712441332e-06,-0.00271335499904168,-0.00161520870116316,-3.57338067225044e-06,9.19074014404941e-06,1.81028688457374e-05,-1.03670743758499e-05,-0.00339490012745269,-0.00799783190726622,-2.29563792695231e-05,-5.56340535684541e-06,4.98806414865882e-05,-0.00128761717851233,-0.00531436970195287,-5.09054926309815e-05,-0.00516851596220391,-0.00270102604923039,-1.49697469078447e-05,-0.00104283288746743,-1.63489267341888e-05,-3.66222653012116e-05,-0.00369288069201446,5.09606246090755e-07,-1.724452661378e-05,1.90944461397891e-05,-4.36854850942581e-05,1.5694293143298e-05,-0.00965090713702832,-0.00222929897541757,-0.00160343228416515,-1.63489267341888e-05,-0.00883457172102275,-1.76853896363127e-05,0.000171142966594928,3.10527382989534e-05,-0.00313026082993773,1.28133107599737e-05,4.22234668118193e-06,2.27283968330383e-05,-4.07845553240804e-06,-0.00143394206199243,1.28133107599737e-05,-0.0014499218851407,-1.08405650456334e-05,-2.25316033066747e-05,-9.27685112728227e-07,-5.56340535684541e-06,6.44794018178629e-06,-0.000148208525450499,4.22234668118193e-06,-0.0013412526428791,6.44794018178629e-06,9.00087755351109e-06,5.89580061660655e-06,5.49939871810068e-05,1.90944461397891e-05,-2.42040329068161e-05,-8.40937337835967e-05,-1.13092328284381e-05,9.75572628458821e-06,-0.00151712186615427,-0.00191262697325012,2.59227474472823e-05,-1.03670743758499e-05,-1.35457953911455e-05,-2.16682861244877e-05,-4.5784345807931e-06,-0.00232768211261991,-6.04854356645035e-06,3.6758251447111e-06,-9.88868708695634e-06,1.33784048106378e-05,-0.000244751297892698,1.26672778106851e-05,-3.57338067225044e-06,-2.29563792695231e-05,-2.50142580453527e-05,-0.00915033435144075,-1.03670743758499e-05,-1.22323874816033e-05,-3.01021602888696e-05,-0.00124656800351541,-0.000504163570515637,-2.29563792695231e-05,2.52712271739952e-05,-0.000140843628686049,9.75572628458821e-06,0.000172213461446802,-4.07845553240804e-06,-5.3499240673105e-06,6.44794018178629e-06,2.33547940151624e-05,-0.00254211626949363,1.68866624772335e-05,-0.000152096668339929,3.87473193592669e-05,-1.17731500148821e-05,9.40313103559021e-06,-7.35634217186032e-06,0.129791563727265,5.09606246090755e-07,1.18683541439069e-05,2.71561104359108e-05,-0.00162493215291093,1.54402845709001e-06,-0.00193702502652471,4.3901816145997e-05,-1.30608217103756e-05,-0.00298863166863139,8.07742992314786e-06,1.03263747321947e-05
"12:124745360:C:T",-1.11335618058206e-07,-2.5251342048449e-06,-2.26514956125357e-07,-0.000132267173089673,1.4427916168458e-06,4.59453442402946e-07,-1.31755372922981e-06,4.89448392837488e-06,2.58012551945797e-06,-8.29453419992632e-06,1.7598154480325e-06,4.86549788547563e-06,1.39636072482574e-07,5.58912898185326e-07,-0.00399312466429969,-7.79438600773119e-06,-5.51981402807655e-08,3.56530902578811e-07,-1.03411766527728e-06,2.58012551945797e-06,-0.00338171652050701,-7.06302828668015e-07,4.29903642462648e-06,1.09432597916737e-06,4.76107482860755e-06,-4.06885465764617e-07,-2.26514956125357e-07,5.58912898185326e-07,-1.68433871294837e-07,-7.06302828668015e-07,-2.79228391519837e-07,-1.17335314442357e-06,-4.37450962387231e-06,-5.51981402807655e-08,-6.83948611523988e-07,-0.00334339501946257,2.28822675740759e-06,4.66320708270018e-07,-0.000187922978584609,-9.79346074725385e-06,-0.0041811112783936,3.56530902578811e-07,-1.03411766527728e-06,-2.16094949045953e-06,1.00456487217571e-06,-4.48247023321358e-06,-6.58321234148218e-05,2.04477934051539e-06,-0.00145262123686507,-7.29980839775379e-06,5.58912898185326e-07,-0.00359391193126868,-0.000695673086934967,2.88080975785476e-06,-2.50764117382118e-06,1.40191756425878e-06,1.59931555643311e-06,1.5224157179361e-06,2.96477193284517e-06,-5.51981402807655e-08,-5.51981402807655e-08,1.59931555643311e-06,-2.27612733194604e-06,3.36092648645092e-06,-1.83806574138856e-06,2.40062289424969e-06,-5.93989531161299e-06,-9.31935719705734e-08,1.5224157179361e-06,-0.00361719118732928,1.63678255571398e-06,1.17754508899282e-06,-4.02692289380724e-06,-1.58262492089278e-06,-1.46471590767305e-06,-4.69131523850308e-07,-2.78734667258362e-06,4.084350075928e-07,-0.00362549101585952,-1.46471590767305e-06,2.15579986218017e-06,1.0489250472645e-06,2.01133441724011e-06,5.42672564662894e-08,-0.00145262123686507,-7.06302828668015e-07,-0.00454673548184736,-4.69131523850308e-07,3.11984640255503e-06,-7.06302828668015e-07,-0.00386886861565827,-6.62594183964416e-07,-8.34600309307376e-06,-2.27612733194604e-06,2.14169470691417e-06,4.68923651020248e-06,1.09253053892644e-06,-1.10312916312694e-06,-0.00409852375986652,-5.38560156293499e-06,-3.25633542619386e-06,1.00456487217571e-06,1.27484176726256e-06,1.94265341590949e-06,4.59453442402946e-07,-5.54520817264148e-06,6.07392329321499e-07,-4.06885465764617e-07,9.59432490788004e-07,-1.53685808168547e-06,-0.00414536184530157,-1.46695842140332e-06,3.56530902578811e-07,2.04477934051539e-06,2.20358354852124e-06,-1.10312916312694e-06,1.00456487217571e-06,1.17754508988099e-06,2.55320306141726e-06,3.80200595451186e-06,-0.00419722454640858,2.04477934051539e-06,-3.15916144622008e-06,4.52360112035421e-06,-1.10312916312694e-06,1.70982427771804e-06,4.084350075928e-07,5.15332678752145e-07,-7.06302828668015e-07,-2.87784735242269e-06,-1.28712873879167e-05,-1.99667072120491e-06,-0.00346553993035759,-5.26756304708442e-06,1.1353983699891e-06,-1.08230659279229e-06,6.90284211124492e-07,5.09606246090755e-07,0.056849497095727,3.15190267308196e-06,-3.42135302666691e-06,1.2925688359644e-06,-1.68433871294837e-07,-0.00276833590782743,-6.21559539126793e-06,1.23093845072475e-06,4.8944839274867e-06,-8.99621857897159e-07,-1.17335314442357e-06
"12:124746011:C:G",-0.00264661403916477,-0.00107848799267618,-5.71008020955333e-06,-0.00411263878983181,3.36098090629733e-05,8.31191692727273e-05,-0.00122018561891402,3.59170998720515e-06,-0.001076636569187,-0.000958570139416359,-1.04877537916437e-05,-0.000252093168901624,-0.00442810430652685,1.31112156536162e-05,-0.000184100452904623,-0.00560310232088224,-1.38910854374785e-06,-0.00188882006916558,-0.00165048112851984,-0.001076636569187,-0.00577286861659942,-1.67551396526022e-05,0.000101600884131692,-0.000480722238646258,-0.000381913977165027,-1.02750247776839e-05,-5.71008020955333e-06,1.31112156536162e-05,-0.00204869967416776,-1.67551396526022e-05,-0.00200035251423891,-0.00362327626209424,-0.00440526862954638,-1.38910854374785e-06,-3.96915604632397e-05,-0.00660954118731549,-0.000348962438694755,-0.000325175589098947,-0.00432218090672443,-0.000457616874433242,-0.00884313655595914,-0.00490718516187449,-0.00165048112851984,-0.00263120554165575,2.34266749608025e-05,-0.0033022099129596,-0.00147207823931605,-0.00196058367119534,-0.000218856249360577,-0.000421857823305061,-0.00167531558855405,-0.00042440655013154,-0.000166879135946374,-0.000364665993852764,-0.00154382652945184,3.25711478721402e-05,-0.00324866085285791,-0.00593453948727074,-0.00266338871864136,-1.38910854463603e-06,-1.38910854374785e-06,3.7575554249436e-05,-5.40273200169139e-05,7.92671344269635e-05,-0.000131768654906494,3.10401160925622e-05,-0.00144977573093996,0.000134974812223021,-0.000142928349235127,-0.000926261501853265,3.85220525931373e-05,2.77918513580389e-05,-0.000213923233827629,-0.00105923086297377,-3.47567054346243e-05,-6.71623663883736e-06,-0.00304123247850097,9.31383318736323e-06,-0.000726224807396036,-3.47567054355125e-05,-4.95712861026121e-05,-5.30828583169551e-05,-0.00270952819748516,-1.9164324553067e-05,-0.00144063933678407,-1.67551396526022e-05,-0.00230749795347851,-0.00186427623117957,-0.000133316642990877,-1.67551396526022e-05,-0.00104848931349633,-0.00183976427509691,-8.55958730889839e-05,-5.40273200169139e-05,-0.000782248597267277,0.000306683752809178,2.56489582328712e-05,-0.00256908256958166,-0.000125069088900087,-0.000128488983043518,-0.00011404341818988,-0.000116291667843882,-0.00464415760919579,-0.00248386114089616,1.06027464523706e-05,-0.000540029874870562,1.43318736665066e-05,-0.00229239081653088,2.22845287334295e-05,-3.65743510357674e-05,-0.00519459477977691,-0.00172163895642363,8.001037625327e-06,-0.00288524625992803,5.20325938788702e-05,-0.00256908256958166,-0.000116291667843882,2.77918513598152e-05,6.01277543506029e-05,0.00017203443233349,-0.00130029723650438,4.80184421167706e-05,-0.00150958948840341,-0.000559239017128732,-2.6776198926548e-05,-0.000173561994964544,-0.00199968501890968,-0.00181359270819303,-1.67551396526022e-05,-6.92504074999434e-05,-0.000222708696720808,-0.001532047449472,-0.000260019036946613,-0.000125500881175356,-0.00114257986200439,-0.00164878821543812,1.25854457495578e-05,1.18683541439069e-05,3.15190267308196e-06,0.171428481164609,-0.00409446050966356,1.35344149718719e-05,-0.001895201294138,-0.00194794017290256,-0.000110108985547086,2.82127573694169e-05,-0.00647994472996771,-2.1628494272008e-05,-0.00168591639561821
"12:124747720:C:A",-6.88406915116957e-06,-0.000125946456990711,-1.39366219382708e-05,-0.00324605784424037,8.04012005861665e-05,2.38591575163483e-05,-7.19678729410589e-05,-1.39366219382708e-05,0.000160613352226946,-0.00191318141363794,9.78168369352161e-05,0.000457001708975113,-0.00381134684320372,3.04134415651802e-05,-8.95120257222715e-05,-0.000362689640269309,-3.42135302666691e-06,-0.00374046269593453,-5.60722090066079e-05,0.000160613352226946,-0.00333184479519844,-3.72767989436085e-05,0.000330902645877096,5.4758486208506e-05,0.000408334301819302,-2.48451137734307e-05,-1.39366219382708e-05,3.04134415651802e-05,-0.0041808056360626,-3.72767989436085e-05,-2.29632688286685e-05,-6.3920377448845e-05,-7.10983615910266e-05,-3.42135302666691e-06,-0.001261039727253,-0.00406360153221996,0.000134186523301771,2.46462611652731e-06,-4.46578230306471e-05,-0.0010436525969304,-0.00053896607763626,1.71434641371704e-05,-5.60722090066079e-05,-0.00440784122203652,5.49579004740508e-05,-0.000210390427429097,-0.000415626637301436,-0.0019489977965268,3.04134415651802e-05,-0.000317397372847417,3.04134415651802e-05,0.000174559804525742,0.000259123906015901,-0.00360016332741875,-0.000130007381284436,7.73365881840959e-05,9.22868755122153e-05,8.64172178349776e-05,0.000190131334061761,-3.42135302666691e-06,-3.42135302666691e-06,9.22868755122153e-05,-0.000113252642534256,0.00022464377248621,-9.51183465893735e-05,3.41415372622222e-05,-0.000274332528834798,-1.14585862061034e-05,8.64172178349776e-05,-0.00462366359692012,9.5168476258678e-05,6.72417956355531e-05,-0.000194034253516051,-0.00114574035423853,-7.50253103110055e-05,-2.85724891133654e-05,-0.000570582653944385,-0.00143979170580444,-0.00126528683981686,-7.50253103110055e-05,0.000122632045846061,5.80849096589731e-05,-0.00177511318973256,-8.68089079375522e-06,3.04134415651802e-05,-3.72767989436085e-05,-0.00124244693224096,-2.85724891133654e-05,0.000197214985574234,-3.72767989436085e-05,-0.00109068113096544,-0.00100295383928906,-0.000358418918732895,-0.000113252642534256,0.000129137715594752,-0.00256945113429019,6.11741109191044e-05,-0.0008449809815394,-0.00144999595376749,-0.000102148673136959,0.000547933124752653,5.49579004740508e-05,6.79076641763032e-05,-0.00155316795147442,2.38591575163483e-05,-0.000257385963044143,3.36318596998453e-05,-0.00103262671267945,5.17923861114156e-05,-7.89461959671556e-05,-0.000244238580664025,-0.000906645607407164,-0.00132761713592,-0.0019489977965268,0.000134390219162839,-5.99718420764006e-05,5.49579004740508e-05,6.72417956355531e-05,0.000158116208527126,-0.0013967957741734,-0.00176726696698459,0.000121016394741602,-0.000733303293279697,-0.00296793700563924,-5.99718420764006e-05,0.000100828396877972,2.05218567197463e-05,2.14460070893097e-05,-3.72767989436085e-05,-0.000143623584209607,-0.00175108939775637,-0.000103510503097759,-0.000704615753780224,-0.000240928365194293,6.42261848033954e-05,-6.43480450612799e-05,-0.00104235264807784,2.71561104359108e-05,-3.42135302666691e-06,-0.00409446050966356,0.0801016030020376,6.16923664660263e-05,-0.00209178981466085,-0.000491484245113583,-0.000936089979115984,6.46838102555947e-05,5.23144549093857e-05,-4.84160678535517e-05,-6.3920377448845e-05
"12:124749208:C:T",2.59275461278463e-06,4.93875508071895e-05,-0.00900438754908883,-0.00375083051154235,-0.00166540708464336,-1.27190271594912e-05,2.83736757484832e-05,-0.00209568203606558,-0.000957416739822747,-0.00348681111993088,-0.00717343424466144,-0.000341073911926948,-4.68060690916872e-06,-0.00147989722879682,-0.00537906552284539,6.75178043847424e-05,-0.00396306209723551,-0.00177651938852375,2.30772894056486e-05,-0.000957416739822747,-0.00511257499552986,-7.71185227597115e-05,0.000554412665087156,-0.00237111382946065,-0.000132836102674005,-0.00200138863493216,-0.00900438754908883,-0.00147989722879682,-0.002308805147619,-7.71185227597115e-05,-0.00238536382977639,6.0187639236986e-06,-0.000916410585180216,-0.00396306209723551,-0.00106519782166004,-0.00501229312708062,-0.000928488562673913,-0.000108152547362295,-0.00306699633401397,-0.00306959264517381,-0.00452221211991866,-0.00152224825096159,2.30772894056486e-05,4.33302146065628e-05,-0.00150746073008978,7.35837488559099e-05,-0.00648067535758878,-6.84812964548698e-05,-0.00143280076513808,-0.000237055303385247,-0.00147989722879771,-0.00603854280177218,-0.00117650699914851,-0.00277010816215739,-0.000278247920649122,-0.00169265454902323,-0.000488383864522213,0.000327041217289548,-0.00372200324250027,-5.15550175883561e-06,-5.15550175794743e-06,-0.000314125768182905,4.57289091446711e-05,-0.0021091560376254,-0.00359224485625464,-0.000249343336918173,-0.000950117029864472,8.5719354903091e-07,-0.00301282628416466,-0.00218692946353594,-0.00431636055937545,1.46063470287672e-05,-0.00260755680761982,-0.00301601049576483,3.18405633841223e-05,-0.00452202487878139,-0.00150429736115587,-6.29108496381647e-05,-0.000197932751307306,-5.20206913297017e-05,-5.61438828654559e-05,-3.07166601745124e-05,-0.00309406226494868,-0.000326960602063053,-1.53275379890516e-05,-7.71185227597115e-05,0.000322415677763921,-0.000543217945510044,-0.000285199092476596,-7.71185227597115e-05,-0.000681320147608133,1.86739853624829e-06,-0.00238578667625067,4.57289091446711e-05,-7.21602036142244e-05,-6.5481159048808e-05,-0.00124864762215626,-0.00188841710893772,-0.000905952718896152,-0.00395913671436876,-0.000931836393966989,-2.94130166098583e-05,-0.00252592926714179,-0.00286458682686508,-0.00010048398327811,-0.000110895183917492,-1.66186139161084e-05,3.05962190871867e-06,-0.00555385266984576,3.31012071983494e-05,-0.000231128647153689,-0.00171282980863907,-4.52470060130494e-05,-0.00327164770782407,-1.74376070294358e-06,-0.00188841710893772,-2.94130166098583e-05,-3.45690000909116e-05,-0.00121023928182584,-0.000247051687039423,-0.00037853436337798,-6.84812964548698e-05,-0.00499932951864679,-0.00178451979617389,-0.00188841710893772,3.91029962010236e-06,-1.1401529560473e-05,-0.00211176584476469,-7.71185227597115e-05,-0.00254410805021532,-0.00196816449533799,4.07511179219e-05,-0.0123947916748781,-0.00513754641588804,6.31428686581614e-06,-0.00186969268848003,-0.00132877466140879,-0.00162493215291093,1.2925688359644e-06,1.35344149718719e-05,6.16923664660263e-05,0.22632937008994,3.90054737131607e-06,-0.000374846357892977,-0.00480817525207655,-3.82665130871374e-05,-0.00102637722385879,2.04638458658479e-05,2.57141497668201e-05
"12:124749695:A:G",-0.000188036214314735,-7.66804448382175e-06,-6.91299822719316e-07,-0.00306046231761226,4.37155594656957e-06,1.39095311268989e-06,0.000201491809440846,-6.91299822719316e-07,7.82567035351178e-06,-2.52717972033523e-05,-0.00347225795523176,1.47618869714705e-05,4.14460298081565e-07,1.694506345018e-06,-0.000127773142934551,-0.00371137947940348,-0.00370147213857308,1.07676773364318e-06,-3.14406621537699e-06,7.82567035351178e-06,-0.00435318856495837,-2.14350637772753e-06,-0.000350999367202398,-0.000210229609407087,-0.00118050976678585,-1.24196394946097e-06,-6.91299822719316e-07,1.694506345018e-06,-5.14016637254144e-07,-2.14350637772753e-06,-0.00164517695320043,-0.00209284870221982,-1.32827752867826e-05,-0.00370147213857308,-2.10287612034676e-06,-0.00450331713942997,-0.00142063078096211,-0.0046883824224988,-2.53346335021831e-06,-2.99015256226554e-05,-0.00018750326884831,1.07676773364318e-06,-3.14406621537699e-06,-6.57089331923544e-06,3.04404098816491e-06,-1.36123969367574e-05,-0.00188928313821624,-0.00414868042143368,1.694506345018e-06,-2.21604673944498e-05,1.694506345018e-06,-0.0018433127037456,1.12647567958035e-05,-0.00562762001469164,-0.00219911472530043,4.24672475141108e-06,4.84946335355119e-06,4.61469325241382e-06,8.99211149540946e-06,-1.68433871294837e-07,-1.68433871294837e-07,4.84946335355119e-06,-6.90802054315043e-06,1.01945279276094e-05,-5.58487821766818e-06,-0.00144060926324308,-0.00262512184267472,-0.000170790740886773,4.61469325241382e-06,-0.00974835207881419,-0.000840616020195029,0.000179033955394203,-1.22381986162878e-05,-0.00167213406195366,-4.44527560450325e-06,-1.43203774705114e-06,-8.46861784342678e-06,1.23522016970412e-06,-0.00347166246184827,-0.00104759360069817,-0.0036829267595424,3.17945616856719e-06,6.09781872462634e-06,1.39973328039389e-07,1.694506345018e-06,-2.14350637772753e-06,-0.00205313395972873,-1.43203774705114e-06,-0.00342536477589039,-2.14350637772753e-06,-3.24937888152022e-06,-2.02291903050877e-06,-2.53555842748554e-05,-6.90802054315043e-06,6.495820445096e-06,-0.00135730406858148,3.3125542175938e-06,-3.35476673907209e-06,-0.00388585255623042,-1.63527149927845e-05,-9.90111886700618e-06,3.04404098816491e-06,-0.000327125035379794,5.88806422197052e-06,1.39095311268989e-06,-1.68588927911273e-05,0.000169996328363453,-1.24196394946097e-06,2.90625456322857e-06,-4.66543584298762e-06,-0.00167868161339335,-4.46593639757964e-06,1.07676773364318e-06,6.1999446465677e-06,6.6847150428373e-06,-3.35476673907209e-06,3.04404098816491e-06,0.000179033955395091,7.74347408150078e-06,-0.00815597257763923,-0.00816543108682488,6.1999446465677e-06,-9.60424279927707e-06,-0.00483413724875437,-0.00214468272341861,0.000188017856684652,1.23522016970412e-06,1.54970825949619e-06,-2.14350637772753e-06,-0.00257570827121789,-0.00219647167887871,-6.06917058920686e-06,-0.00455938034384218,-1.59923408835638e-05,3.44338771629538e-06,-3.3054647179398e-06,-0.00647497875876013,1.54402845709001e-06,-1.68433871294837e-07,-0.001895201294138,-0.00209178981466085,3.90054737131607e-06,0.134294885475469,-3.75073793108527e-05,-1.89084348152235e-05,3.72440413531905e-06,-0.000191333484448108,-2.73349665036449e-06,-3.56919130606315e-06
"12:124755185:T:C",-2.48472382331499e-05,-0.000375758056844866,-5.03292220912499e-05,-0.00144048072657377,-7.49985256449648e-05,6.02989676732335e-05,-0.000962743036466485,-0.000519067346919755,-0.00214743334493761,-0.000683545828685794,-0.00227177532445832,-0.00551018096786304,-0.00599715016570634,-0.00306087217064732,-0.00361908453542004,-0.00200183581886115,-1.23457647287495e-05,3.57442132612462e-05,-0.000671454058591259,-0.00214743334493761,-0.000966319023227413,-0.000108964178760829,0.000938333317785478,-0.00249529361520828,-0.000239533832805172,-8.9796482969362e-05,-5.03292220912499e-05,-0.00306087217064732,-3.75073793117409e-05,-0.000108964178760829,-0.0005902958456101,-0.000204332910882954,-0.000608738187809266,-1.23457647287495e-05,-0.000693803557183514,-0.000790985668224664,-0.00216084003431938,-0.00357262167483352,-0.0020183085863561,-0.0021249485222139,-0.00129277511134784,-0.000462318342568047,-0.000671454058591259,-0.00399173137925501,0.000146490872867666,-0.000539503679337194,-0.0029807794125114,-0.00262703532284814,-0.00413770887254472,-0.000931193844820655,8.42379597827403e-05,-0.00799980763434993,-0.00201922520074227,-0.00313162211226503,8.90923033178836e-05,-2.40286708912407e-05,0.000255792457108051,-0.00153178553871136,-0.00186087949187641,-1.23457647287495e-05,-1.23457647287495e-05,-0.000646969698877342,0.000802767203524901,0.000629152412322753,-0.000290587567942424,0.00015331845768074,-0.00181814263111413,-0.00117327777340925,-0.00153178553871136,-0.00480005654815452,0.000266607277459308,0.000191929056462925,-0.000665632099236646,-0.0054527433838194,0.000904550024669604,-0.000103297066551988,-0.000422160924679282,-0.00341890408669698,-0.00296831441784207,-0.000219329904511234,0.000302851939052218,-0.00296670200561078,0.000322078584017227,-0.000570531426403953,-0.00413770887254472,-0.000108964178760829,-0.00490399110314543,-0.00101111354491135,0.000516927398445333,-0.000108964178760829,-0.00131793879723574,-0.000611967485478537,-0.0060298138741901,-0.000331119013389447,-0.00579351734248501,-6.77711074059673e-05,0.000169496776555533,-0.000190176893023697,-0.00243151917135886,-0.000727544512038492,-0.0010114554763696,0.000146490872867666,-0.00110340881020043,0.000300462706468885,6.02989676732335e-05,-0.00503144486113172,9.59837262586305e-05,-8.9796482969362e-05,0.000134765902826572,-0.000233220071625517,-0.00396854198563101,5.21961220778522e-05,-0.00346080723268383,0.000332677716063934,-0.00128080728355418,-0.000672047767761086,0.000146490872867666,0.000191929056462925,0.000441392388712991,7.2785239278339e-05,-0.00280885419480459,0.000332677716063934,-0.00162960641428533,0.000954970669014621,-0.000190176893023697,0.000287832235455809,-0.00336829261298544,2.20357403470928e-05,-0.000108964178760829,-0.00334585381687091,0.00509756955802576,-0.00085990929954427,-0.000301111084334504,0.00497750098919436,0.000180783272202056,-0.000233261792313755,-0.00046737097802918,-0.00193702502652471,-0.00276833590782743,-0.00194794017290256,-0.000491484245113583,-0.000374846357892977,-3.75073793108527e-05,0.164775889632406,-0.00260606813198283,-0.00107916408021058,-0.0014475619738219,-0.000148792992530566,-0.000917523437293788
"12:124757117:G:C",-0.00194492003952895,-0.000216806260650237,-0.00168180976078958,-0.00250091785755302,0.000128501192522279,3.79373078693845e-05,-0.00289448993838093,-0.000324212608651564,-0.00122309076827865,-0.00362294244530226,-0.00168920816154827,-0.00491445521090839,-0.00169632250642682,4.97839689606039e-05,-0.00116742990997043,-0.000494409514574023,-6.21559539126793e-06,2.57543102106794e-05,-0.000156612404035528,-0.00122309076827865,-0.0002170782927573,-6.28073825392761e-05,-0.000686930791249374,-0.00285865304857413,-0.00345744120866609,-4.53927414270083e-05,-0.00168180976078958,4.97839689606039e-05,-0.00281396773665499,-6.28073825392761e-05,-0.000140980201054575,-2.16399803880662e-05,0.000279133444783142,-6.21559539126793e-06,-0.000336716969195905,-0.000608759779070489,-0.0016507450299672,-0.00243006582772942,-0.00124498759342284,-0.0111482302480246,-0.000787426417682369,-3.58019975230661e-05,-0.000156612404035528,-0.000196386937693305,-0.000648852803638356,-0.000366292965964021,-0.00868459917229059,-0.0024313930745743,4.97839689606039e-05,-0.000314320306314286,4.97839689597157e-05,2.10521489814042e-05,-0.000245545884700604,-0.0080936451446707,2.18125408650849e-05,0.000122993793851833,-0.00162513064434222,-0.00184697506777276,0.000304607520192235,-6.21559539126793e-06,-6.21559539126793e-06,-0.000315953527144863,0.000738665727575416,-0.000961411293315173,-0.000288503310265753,-0.00245001065926864,-0.000358555269097671,-7.66298165242318e-05,0.000139282730600598,-0.00135442135109143,0.00015489579787431,0.000110572639032469,-0.00128873909729599,-0.000694624584419934,0.000784381328551298,-0.00159700524102657,-0.00199243520649262,3.18887273316193e-05,0.000106472505775557,-0.000127139951645816,-0.000357776927755182,9.41657570132648e-05,-0.00172910901278289,-0.00762907247934042,4.97839689606039e-05,-6.28073825392761e-05,-0.000490910922570809,-0.00159700524102657,-0.000484783854207471,-6.28073825392761e-05,-0.00118917827889575,-0.000104683793636262,-0.00123181290754815,0.000738665727575416,0.000209444398495684,-0.00681882681826984,-0.00311516039863236,-0.00436967170500946,-0.00580881878456019,-0.000832467917876833,-0.000356284180183408,-0.00528223372325609,-0.00212276558270474,-0.0018481732033333,-0.000307681905746371,-0.00055880306397782,5.55854371651066e-05,-0.00251892267849207,-0.00475724477596273,-0.000607486170674854,-0.000614593987529943,-7.82630242452953e-05,-3.58019975230661e-05,-0.00164840217614337,-0.000330594692647956,-0.00144135484822439,8.85429274015692e-05,0.000110572639032469,0.000254629208852997,-0.000365284620865047,-0.00950949339297846,-0.0004301736416501,-0.00589529396176935,-0.00426087605974068,-0.00144135484822439,0.000164949284140015,3.18887273316193e-05,-0.00101061132257652,-6.28073825392761e-05,0.000184597861185409,-0.0109062251979752,-0.00135610232592409,-0.00106038641510464,-0.000545199364651694,0.000105179043172754,-0.00140205618888789,-8.62600300433058e-06,4.3901816145997e-05,-6.21559539126793e-06,-0.000110108985547086,-0.000936089979115984,-0.00480817525207655,-1.89084348152235e-05,-0.00260606813198283,0.193529772502812,2.83185887637316e-05,-3.55612251023985e-05,-8.32783114486091e-05,-0.0014616823814162
"12:124757921:C:T",2.47236790684724e-06,-0.00561320932901221,-0.00197998454915549,1.13216769115354e-05,-4.05749143155276e-05,-0.00712160017659969,2.79023340290507e-05,4.98716398400489e-06,-0.000930245801829876,0.000120510889463965,-0.000515010161288743,-3.74937791542962e-05,-0.00529041577675837,-1.42617242602228e-05,-0.00174248876674188,-0.00557975390636223,1.23093845072475e-06,-9.39337358207837e-06,-0.00768954245296616,-0.000930245801829876,-0.00057385593409176,1.6048300310878e-05,-0.000555684845024551,-0.000340630092569683,-9.29850281305988e-05,8.84096962305847e-06,-0.00197998454915549,-1.42617242602228e-05,3.72440413443087e-06,1.6048300310878e-05,-0.00294639628948801,2.51922463743171e-05,-0.00110846527323094,1.23093845072475e-06,-0.000121837437720096,-0.000446112520773312,-0.000250294049664923,-0.000953369140063387,1.8607882809718e-05,-0.000460897017164008,-0.00403149155575733,-9.39337358207837e-06,-0.00768954245296616,-0.00195368917741945,7.80997411187201e-06,7.97139100185973e-05,-0.00162695674996094,-6.07089345319167e-05,-1.42617242602228e-05,0.000112435126530031,-1.42617242602228e-05,-0.00174417235704816,-0.000139757226850001,-0.000782893842465882,-0.00181737578476415,-3.94125822564817e-05,-4.51131516063796e-05,-4.28659485880445e-05,-0.00062340215278045,1.23093845072475e-06,1.23093845072475e-06,-4.51131516063796e-05,4.63493407147908e-05,-0.00011881733258079,3.81573259087276e-05,-0.00341967693293732,9.7128168479621e-05,8.8463511715986e-07,-0.00129798493442834,-0.00375917081181276,-4.62206854621172e-05,-3.15831066517447e-05,-0.00165100495568993,-0.00215082940494149,3.15018647434329e-05,-0.00968117108752597,-0.00169929058816276,-1.06267756878609e-05,-6.76912877821678e-05,3.15018647434329e-05,-6.65661975203236e-05,-2.81244860396157e-05,-0.00124716978738615,-3.79413596185429e-06,-1.42617242602228e-05,1.6048300310878e-05,7.94084090154357e-05,-0.00187070579569149,-0.000108258759998314,1.6048300310878e-05,2.07979682071979e-05,-0.000236960162897759,-0.000263626362652758,4.63493407147908e-05,-6.38706823661295e-05,-0.000342287063071822,-2.92879909977728e-05,2.38537701857666e-05,-0.00235542280397727,9.12836645463599e-05,-1.30982086767872e-05,-2.69501670677741e-05,-0.00322386033960775,-0.000219668615148549,-1.18492150287253e-05,-0.000354158743612665,-1.54520496327137e-05,8.84096962305847e-06,-2.57648946337952e-05,3.28125065882645e-05,-4.82605889304821e-05,-7.60340954464311e-06,-0.00166053954386136,-0.00117295535253259,-6.59271209375589e-05,-9.61664659584471e-05,-0.00139042800313671,-3.15831066517447e-05,-8.02977149749751e-05,-0.000925521550406039,-0.000408298623208569,-0.00117295535253259,-2.30724476262267e-05,-0.000110691665692109,2.38537701857666e-05,-4.84043352013686e-05,-0.00279351667528882,-0.00387975593098577,1.6048300310878e-05,-0.00384181589652766,-0.00372334618369408,4.08922764920661e-05,-0.000466138955604212,-0.000809220291873913,-3.04408193834149e-05,-0.00423750861999217,-0.00584827439175406,-1.30608217103756e-05,1.23093845072475e-06,2.82127573694169e-05,6.46838102555947e-05,-3.82665130871374e-05,3.72440413531905e-06,-0.00107916408021058,2.83185887637316e-05,0.138936781239616,-0.00375252056408115,1.99033596954834e-05,2.51922463734289e-05
"12:124761572:C:T",-0.00256680360015338,-0.00247663810715615,-7.20146920496489e-06,-0.00401839673904458,-0.00496267945523776,-0.00347108984878375,-0.00281753874780399,6.54689586276902e-06,-0.000984806472094313,-0.00692496796585385,-0.00089165280931347,-0.000333212011861761,-0.000347742272048812,1.58996396528721e-05,-0.0052392591169621,-0.00708539794071417,-1.74172941314055e-06,-0.00340087415460477,-5.20260947389772e-05,-0.000984806472094313,-0.00947501677885532,-2.10403674332227e-05,-0.000571206456109863,-0.000566163167095901,1.73394094105106e-05,-0.0067641933269611,-7.20146920496489e-06,1.58996396528721e-05,-0.00210093682243961,-2.10403674332227e-05,-2.14052022569078e-05,-0.00174343898342499,-0.00436485857683788,-1.74172941314055e-06,-0.00383124586442207,-0.00682483347377261,-0.000800232102373677,-0.00257492343386012,-0.00424049945045368,-0.00225656553039055,-0.0123987369545016,-0.00498342190135759,-5.20260947389772e-05,-0.000118767441646739,-0.000109781248298191,-0.00339459800458108,-0.00592452610936478,-0.00262662618988685,-0.000127583373685347,-0.000854402708400315,-0.00159109562118864,-0.00758956311178549,-7.11243392199634e-05,-0.00546178654634488,-0.00108420435413148,-0.00479476133987333,-0.00038189063106131,-0.00601002595146394,-0.00395553414563299,-1.74172941402873e-06,-1.74172941314055e-06,4.40187119306046e-05,-6.99670292503285e-05,8.38719458462478e-05,-0.00355127904647912,-0.00709691076346219,-0.00558927071435278,-0.000116665942134553,-0.00272152464556896,-0.00274904694941291,-0.00111455720822118,3.3078128546471e-05,-0.000525431296480861,-0.000197491481416456,-4.43481248408872e-05,-0.00465828708819505,-0.00179507754503128,1.12753361793949e-05,-0.00359846251195162,-4.43481248417754e-05,-0.00138628159418186,-4.63907620886772e-05,-0.00275703479887923,-0.000289215918018115,-0.00143585485993913,-2.10403674332227e-05,-0.00654284754866907,-0.0019180109796757,-0.00122297394187232,-2.10403674332227e-05,-0.000248822752297428,-0.0131374580711956,-0.00224889937318906,-6.99670292503285e-05,-0.000773202463268952,-0.00207406765122764,3.05984732067444e-05,-0.00112565195342107,-0.00871874740903156,-0.0126118553374832,1.66348002617056e-05,-0.000109781248298191,-0.000765836177465395,-0.00253132215279361,-6.20138376721258e-05,1.59810081896694e-05,1.7373769256146e-05,-0.000769651664326076,-0.00249423004889238,-4.67821149614522e-05,-0.00736446450775752,-0.0101546030596396,9.66343907737865e-06,-0.00293278160729393,5.93517629559059e-05,-0.00112565195342107,-0.000109781248298191,-0.000106661827596888,6.73536744448811e-05,-0.0046332680282255,-0.0103473658885149,-0.00200879119231256,-0.00322132616240278,-0.00187194966680515,-3.41772903613702e-05,-8.37031295404245e-05,-0.00425104856464387,-0.000405600105083614,-2.10403674332227e-05,-9.11065359012753e-05,-0.000102023108575544,-0.00334453713523164,-0.0104192275094586,-0.000169663416702548,-0.00105521884976767,-0.000245133081861582,-0.000315469360487874,-0.00298863166863139,4.8944839274867e-06,-0.00647994472996771,5.23144549093857e-05,-0.00102637722385879,-0.000191333484448108,-0.0014475619738219,-3.55612251023985e-05,-0.00375252056408115,0.335155394393824,-2.73936952774889e-05,-0.00370460527421024
"12:124761737:G:A",-1.81071460403359e-06,-3.66216099534356e-05,-3.66819194308476e-06,-0.00229975611017874,-0.00157047332097182,7.22210661852074e-06,-2.00918840675968e-05,-3.66819194308476e-06,4.60940729460901e-05,-0.00148175900798009,2.94444340207534e-05,0.000126263771325519,1.85122446705321e-06,8.92194438861793e-06,-0.00165468269408109,-0.00358390115818974,-8.99621857897159e-07,5.47820117802189e-06,-1.58317910168293e-05,4.60940729460901e-05,-0.00347940467857022,-1.08106461826907e-05,9.23959118033224e-05,1.73958694000831e-05,-0.00222361932392801,-6.54608342820495e-06,-3.66819194308476e-06,8.92194438861793e-06,-2.73349665125266e-06,-1.08106461826907e-05,-0.00268530278043055,-0.00151651280339493,-6.04665969401452e-05,-8.99621857897159e-07,-0.00192794665290386,-5.66893312408112e-05,3.96997017366729e-05,-0.00177118690235289,-1.27803761511558e-05,-0.000124893261858716,-0.00011929360796703,5.47820117802189e-06,-1.58317910168293e-05,-3.19182469832313e-05,1.62856359535724e-05,-6.1844420421231e-05,-0.000113447829901858,-0.00210230724733673,8.92194438861793e-06,-9.48986663900087e-05,8.92194438861793e-06,-0.00595828060444781,7.33564814741072e-05,-0.000499699907947182,-3.67953544202493e-05,-0.00159647160114673,2.68520252788562e-05,2.53775089626984e-05,5.44786163096944e-05,-8.99621857897159e-07,-8.99621857897159e-07,2.68520252788562e-05,-3.31407289033692e-05,-0.00130610079184379,-2.72985728964059e-05,-0.00387177083023893,-0.00581863057602661,-1.97384446742888e-06,2.53775089626984e-05,-0.00613389833950428,2.75752979668198e-05,1.94213660176246e-05,-5.63782117586342e-05,-0.0017675743735408,-2.18562957279289e-05,-7.53078802873119e-06,-4.02425884491464e-05,-0.00263914736388227,-0.00241609542652199,-2.18562957279289e-05,3.68937807273539e-05,1.7084578429305e-05,3.44951652930803e-05,-0.00183412206293987,8.92194438861793e-06,-1.08106461826907e-05,-0.00227703258770173,-7.53078802873119e-06,5.76497326072456e-05,-1.08106461826907e-05,-0.00275937356991474,-0.00167423282354662,-0.000106853196329304,-3.31407289033692e-05,3.71812569710528e-05,-0.00196924707366097,1.78733884697024e-05,-1.68757574883216e-05,-0.00296668508664677,-7.27774424076344e-05,-0.00134555674731462,1.62856359535724e-05,2.07168089421117e-05,-0.00233255545036926,7.22210661852074e-06,-7.51315704441424e-05,9.75585167406479e-06,-6.54608342820495e-06,1.54763663440249e-05,-2.29167140259889e-05,2.7130356853533e-05,-0.00154975518621736,-0.00266901069172132,3.51796316273578e-05,3.84741295098578e-05,-1.68757574883216e-05,-0.00246171027742648,1.94213660176246e-05,-0.00198600272301519,-0.0021639502961559,-0.00464005591047822,3.51796316273578e-05,-4.53032875054049e-05,0.000166205099682237,-0.00468033877277652,2.89947389147116e-05,6.35576771124136e-06,7.69349610774128e-06,-1.08106461826907e-05,-4.14821646712582e-05,-0.000154999955583435,-2.95775049687919e-05,-0.0031070016689787,-7.13209557812178e-05,1.86522559362245e-05,-1.70164675514783e-05,1.01742695211016e-05,8.07742992314786e-06,-8.99621857897159e-07,-2.1628494272008e-05,-4.84160678535517e-05,2.04638458658479e-05,-2.73349665036449e-06,-0.000148792992530566,-8.32783114486091e-05,1.99033596954834e-05,-2.73936952774889e-05,0.0994118629329481,-1.79335778138778e-05
"12:124765684:G:T",-2.36297319311518e-06,-4.81009300115076e-05,-4.79234750283553e-06,-0.000361580336492473,-0.00206323907514161,9.21980922008458e-06,-0.00164591012863813,-4.79234750283553e-06,5.77960601146899e-05,-0.00140667995809274,-0.00215859212356673,-0.00135520506103948,2.24383360603042e-06,1.14177683450123e-05,-0.00193313271382678,-0.00533045366124529,-1.17335314442357e-06,6.95991327770429e-06,-2.06441426575665e-05,5.77960601146899e-05,-0.00272161310362673,-1.40079136015103e-05,0.000112336801786128,-0.00201962102398845,-0.00165524202446754,-0.00103319867081719,-4.79234750283553e-06,1.14177683450123e-05,-3.56919130606315e-06,-1.40079136015103e-05,-6.69962784360933e-06,-2.34331469366467e-05,-8.0241617756549e-05,-1.17335314442357e-06,-0.000145568905370652,-0.00115619128082045,-0.00215475439589063,-9.55678137959382e-06,-1.66067126903258e-05,-0.00774794407983936,-0.00179177024346,-0.00214115668472736,-2.06441426575665e-05,-0.00151969354147052,2.07320173277736e-05,-8.21397697841064e-05,-0.00405572505784058,-0.00282937679958728,1.14177683450123e-05,-0.000127644093931067,1.14177683450123e-05,-0.00462689666029092,-0.00122518844880037,-0.00363328891909109,-4.85298670591661e-05,-0.00209291293634095,3.4033532039679e-05,3.21646922731844e-05,-0.0014114996634893,-1.17335314442357e-06,-1.17335314442357e-06,3.4033532039679e-05,-4.34091588976671e-05,-0.00131277373268102,-3.57445835224013e-05,-2.88412497582158e-05,-0.00413483603446974,-2.75291296691904e-06,3.21646922731844e-05,-0.0148827564605503,3.49487771691415e-05,2.47431945741283e-05,-0.00127967477713575,-0.00567987794154057,-2.84750610690665e-05,-9.861480688933e-06,-5.29989952866572e-05,8.09776159194087e-06,-0.00214917135283432,-2.84750610681783e-05,-0.00212382042764236,2.17556337274161e-05,-0.00593519983402579,-4.7029051586378e-07,-0.00187611507131358,-1.40079136015103e-05,-0.00270440331581812,-9.861480688933e-06,-0.00225788687792683,-1.40079136015103e-05,-2.28419931964652e-05,-1.38592722747077e-05,-0.000144585987302825,-4.34091588976671e-05,4.68723908930713e-05,-0.00374179459956725,2.27651824475927e-05,-2.2028634928617e-05,-0.00327595856061347,-0.000756208203738673,-6.16578462029338e-05,2.07320173277736e-05,2.62317411170443e-05,-0.00242816691549397,9.21980922008458e-06,-0.000100563310282631,1.24942922008486e-05,-8.56698407858403e-06,1.96940444165961e-05,-2.98881925138161e-05,-0.00205186340758168,-2.92600525897413e-05,6.95991327770429e-06,-0.00282937679958728,4.84866469001588e-05,-2.2028634928617e-05,-0.00256125707797761,2.47431945741283e-05,5.70508711286166e-05,-0.00237105209890931,-0.00247996666012007,-0.00165503106894604,-5.9874015004624e-05,-0.00130172084211111,-2.2028634928617e-05,3.67421841653837e-05,-0.00225543464739708,9.65450284429181e-06,-1.40079136015103e-05,-0.00311935331762569,-0.0031035951941023,-0.00141797778800878,-0.00408138044206652,-0.000476319057019836,2.3760944748652e-05,-2.24075627732745e-05,1.26691520243583e-05,1.03263747321947e-05,-1.17335314442357e-06,-0.00168591639561821,-6.3920377448845e-05,2.57141497668201e-05,-3.56919130606315e-06,-0.000917523437293788,-0.0014616823814162,2.51922463734289e-05,-0.00370460527421024,-1.79335778138778e-05,0.152764898525012
